0 Tile  1 x  2 with Console
0 Name: 2342.dat
0 Author: Jaco van der Molen [Jaco]
0 !LDRAW_ORG Part UPDATE 2013-02
0 !LICENSE Redistributable under CCAL version 2.0 : see CAreadme.txt

0 BFC CERTIFY CCW

0 !KEYWORDS space, robot, control

0 !HISTORY 1997-10-29 [PTadmin] Official Update 1997-16
0 !HISTORY 2007-05-12 [PTadmin] Header formatted for Contributor Agreement
0 !HISTORY 2008-07-01 [PTadmin] Official Update 2008-01
0 !HISTORY 2013-08-18 [theJudeAbides] Fixed numerous problems, BFC'd
0 !HISTORY 2013-12-23 [PTadmin] Official Update 2013-02

0 // Base

4 16 20 8 10 16 8 6 -16 8 6 -20 8 10
4 16 -20 8 10 -16 8 6 -16 8 -6 -20 8 -10
4 16 -20 8 -10 -16 8 -6 16 8 -6 20 8 -10
4 16 20 8 -10 16 8 -6 16 8 6 20 8 10
1 16 -16 6 0 0 -1 0 0 0 2 -6 0 0 rect.dat
1 16 16 6 0 0 1 0 0 0 2 -6 0 0 rect.dat
2 24 16 8 -6 -16 8 -6
4 16 -16 8 -6 -6 4 -6 6 4 -6 16 8 -6
3 16 -16 8 -6 -16 4 -6 -6 4 -6
3 16 6 4 -6 16 4 -6 16 8 -6
2 24 16 8 6 -16 8 6
4 16 16 8 6 6 4 6 -6 4 6 -16 8 6
3 16 -6 4 6 -16 4 6 -16 8 6
3 16 16 8 6 16 4 6 6 4 6
1 16 -11 4 0 0 0 5 0 -1 0 6 0 0 rect3.dat
1 16 11 4 0 0 0 -5 0 -1 0 -6 0 0 rect3.dat
0 BFC INVERTNEXT
1 16 0 0 0 6 0 0 0 4 0 0 0 6 box4o8a.dat
1 16 0 4 10 0 0 20 4 0 0 0 -20 0 box3u2p.dat
2 24 20 8 10 -20 8 10
4 16 -10 0 10 10 0 10 20 8 10 -20 8 10
3 16 -20 8 10 -20 0 10 -10 0 10
3 16 20 8 10 10 0 10 20 0 10
1 16 15 0 0 0 0 -5 0 1 0 10 0 0 rect2a.dat
1 16 -15 0 0 0 0 5 0 1 0 10 0 0 rect2a.dat
1 16 0 0 -8 6 0 0 0 1 0 0 0 2 rect3.dat

0 // Back and Top
4 16 -6 -8 10 6 -8 10 10 0 10 -10 0 10
4 16 -10 -24 10 -6 -20 10 -6 -8 10 -10 0 10
4 16 10 0 10 6 -8 10 6 -20 10 10 -24 10
4 16 10 -24 10 6 -20 10 -6 -20 10 -10 -24 10
2 24 10 0 10 10 -24 10
2 24 -10 0 10 -10 -24 10
1 16 0 -4 6 -6 0 0 0 0 -4 0 1 0 rect3.dat
0 BFC INVERTNEXT
1 16 0 -14 10 0 0 -6 6 0 0 0 -4 0 box4o4a.dat
1 16 0 -21.5 6 6 0 0 0 0 1.5 0 1 0 rect3.dat
1 16 0 -30 7 -10 0 0 0 0 6 0 -1 3 rect.dat
1 16 0 -27 4 -6 0 0 0 0 4 0 1 2 rect.dat
1 16 0 -30.6 -9.5 10 0 0 0 1 5.4 0 0 -13.5 rect3.dat
1 16 0 -29.2 -2.5 6 0 0 0 -1 1.8 0 0 -4.5 rect3.dat
1 16 0 -25.8 -7 0 0 6 -1.6 0 0 0 -1 0 rect2p.dat
1 16 0 -24.2 -15 0 0 6 0 -1 0 -8 0 0 rect.dat
4 16 10 -25.2 -23 -10 -25.2 -23 -6 -24.2 -23 6 -24.2 -23
4 16 -6 -23.2 -23 -6 -24.2 -23 -10 -25.2 -23 -10 -23.2 -23
4 16 10 -23.2 -23 10 -25.2 -23 6 -24.2 -23 6 -23.2 -23
2 24 -10 -23.2 -23 -10 -25.2 -23
2 24 -6 -23.2 -23 -6 -24.2 -23
2 24 6 -23.2 -23 6 -24.2 -23
2 24 10 -23.2 -23 10 -25.2 -23

0 // Front Curves
1 16 8 -1.7 -7.7 0 0 2 -1.7 1 0 2.3 0 0 rect2p.dat
1 16 8 -5.2 -4.1 0 0 2 -1.8 0 0 1.3 1 0 rect2p.dat
1 16 8 -9.1 -2.4 0 0 2 -2.1 0 0 0.4 1 0 rect2p.dat
1 16 8 -13.8 -2.4 0 0 2 -2.6 0 0 -0.4 1 0 rect2p.dat
1 16 8 -18.2 -4.1 0 0 2 -1.8 0 0 -1.3 1 0 rect2p.dat
1 16 8 -21.2 -7.2 0 0 2 -1.2 -1 0 -1.8 0 0 rect2p.dat
1 16 8 -22.8 -11 0 0 2 -0.4 -1 0 -2 0 0 rect2p.dat
1 16 8 -23.2 -18 -2 0 0 0 -1 0 0 0 -5 rect3.dat
5 24 6 -3.4 -5.4 10 -3.4 -5.4 10 0 -10 10 -7 -2.8
5 24 6 -7 -2.8 10 -7 -2.8 10 -3.4 -5.4 10 -11.2 -2
5 24 6 -11.2 -2 10 -11.2 -2 10 -7 -2.8 10 -16.4 -2.8
5 24 6 -16.4 -2.8 10 -16.4 -2.8 10 -11.2 -2 10 -20 -5.4
5 24 6 -20 -5.4 10 -20 -5.4 10 -16.4 -2.8 10 -22.4 -9
5 24 6 -22.4 -9 10 -22.4 -9 10 -20 -5.4 10 -23.2 -13
5 24 6 -23.2 -13 10 -23.2 -13 10 -22.4 -9 10 -22.4 -23
1 16 -8 -1.7 -7.7 0 0 2 -1.7 1 0 2.3 0 0 rect2p.dat
1 16 -8 -5.2 -4.1 0 0 2 -1.8 0 0 1.3 1 0 rect2p.dat
1 16 -8 -9.1 -2.4 0 0 2 -2.1 0 0 0.4 1 0 rect2p.dat
1 16 -8 -13.8 -2.4 0 0 2 -2.6 0 0 -0.4 1 0 rect2p.dat
1 16 -8 -18.2 -4.1 0 0 2 -1.8 0 0 -1.3 1 0 rect2p.dat
1 16 -8 -21.2 -7.2 0 0 2 -1.2 -1 0 -1.8 0 0 rect2p.dat
1 16 -8 -22.8 -11 0 0 2 -0.4 -1 0 -2 0 0 rect2p.dat
1 16 -8 -23.2 -18 -2 0 0 0 -1 0 0 0 -5 rect3.dat
5 24 -6 -3.4 -5.4 -10 -3.4 -5.4 -10 0 -10 -10 -7 -2.8
5 24 -6 -7 -2.8 -10 -7 -2.8 -10 -3.4 -5.4 -10 -11.2 -2
5 24 -6 -11.2 -2 -10 -11.2 -2 -10 -7 -2.8 -10 -16.4 -2.8
5 24 -6 -16.4 -2.8 -10 -16.4 -2.8 -10 -11.2 -2 -10 -20 -5.4
5 24 -6 -20 -5.4 -10 -20 -5.4 -10 -16.4 -2.8 -10 -22.4 -9
5 24 -6 -22.4 -9 -10 -22.4 -9 -10 -20 -5.4 -10 -23.2 -13
5 24 -6 -23.2 -13 -10 -23.2 -13 -10 -22.4 -9 -10 -22.4 -23

0 // Inner Sides
3 16 6 0 -6 6 0 -10 6 -3.4 -5.4
3 16 6 0 6 6 0 -6 6 -3.4 -5.4
4 16 6 0 6 6 -3.4 -5.4 6 -7 -2.8 6 -8 6
4 16 6 -8 6 6 -7 -2.8 6 -11.2 -2 6 -20 6
4 16 6 -20 6 6 -11.2 -2 6 -16.4 -2.8 6 -20 4
3 16 6 -16.4 -2.8 6 -20 0 6 -20 4
3 16 6 -16.4 -2.8 6 -20 -4 6 -20 0
3 16 6 -16.4 -2.8 6 -20 -5.4 6 -20 -4
4 16 6 -24 4 6 -23 6 6 -20 6 6 -20 4
3 16 6 -24 4 6 -25.531 3.696 6 -23 6
4 16 6 -23 6 6 -25.531 3.696 6 -26.828 2.828 6 -31 2
3 16 6 -26.828 2.828 6 -27.696 1.531 6 -31 2
3 16 6 -27.696 1.531 6 -28 0 6 -31 2
3 16 6 -31 2 6 -28 0 6 -28 -4
1 16 6 -24 0 0 1 0 0 0 4 4 0 0 3-4ndis.dat
3 16 6 -28 -4 6 -27.4 -7 6 -31 2
4 16 6 -27.4 -7 6 -28 -4 6 -24 -4 6 -24.2 -7
4 16 6 -24.2 -7 6 -24 -4 6 -20 -4 6 -20 -5.4
3 16 6 -24.2 -7 6 -20 -5.4 6 -22.4 -9
3 16 6 -24.2 -7 6 -22.4 -9 6 -23.2 -13
4 16 6 -24.2 -23 6 -24.2 -7 6 -23.2 -13 6 -23.2 -23
3 16 -6 -3.4 -5.4 -6 0 -10 -6 0 -6
3 16 -6 -3.4 -5.4 -6 0 -6 -6 0 6
4 16 -6 -8 6 -6 -7 -2.8 -6 -3.4 -5.4 -6 0 6
4 16 -6 -20 6 -6 -11.2 -2 -6 -7 -2.8 -6 -8 6
4 16 -6 -20 4 -6 -16.4 -2.8 -6 -11.2 -2 -6 -20 6
3 16 -6 -20 4 -6 -20 0 -6 -16.4 -2.8
3 16 -6 -20 0 -6 -20 -4 -6 -16.4 -2.8
3 16 -6 -20 -4 -6 -20 -5.4 -6 -16.4 -2.8
4 16 -6 -20 4 -6 -20 6 -6 -23 6 -6 -24 4
3 16 -6 -23 6 -6 -25.531 3.696 -6 -24 4
4 16 -6 -31 2 -6 -26.828 2.828 -6 -25.531 3.696 -6 -23 6
3 16 -6 -31 2 -6 -27.696 1.531 -6 -26.828 2.828
3 16 -6 -31 2 -6 -28 0 -6 -27.696 1.531
3 16 -6 -28 -4 -6 -28 0 -6 -31 2
1 16 -6 -24 0 0 -1 0 0 0 4 4 0 0 3-4ndis.dat
3 16 -6 -31 2 -6 -27.4 -7 -6 -28 -4
4 16 -6 -24.2 -7 -6 -24 -4 -6 -28 -4 -6 -27.4 -7
4 16 -6 -20 -5.4 -6 -20 -4 -6 -24 -4 -6 -24.2 -7
3 16 -6 -22.4 -9 -6 -20 -5.4 -6 -24.2 -7
3 16 -6 -23.2 -13 -6 -22.4 -9 -6 -24.2 -7
4 16 -6 -23.2 -23 -6 -23.2 -13 -6 -24.2 -7 -6 -24.2 -23

0 // Outer Sides
3 16 10 -3.4 -5.4 10 0 -10 10 0 10 
3 16 10 -7 -2.8 10 -3.4 -5.4 10 0 10
3 16 10 -11.2 -2 10 -7 -2.8 10 0 10
4 16 10 -11.2 -2 10 0 10 10 -18 6 10 -18 0
4 16 10 0 10 10 -24 10 10 -24 6 10 -18 6
3 16 10 -24 6 10 -24 10 10 -30 6
3 16 10 -36 4 10 -30 6 10 -24 10
3 16 10 -30 0 10 -30 6 10 -36 4
3 16 10 -30 -6 10 -30 0 10 -36 4
3 16 10 -30 -6 10 -36 4 10 -25.2 -23
3 16 10 -30 -6 10 -25.2 -23 10 -24 -6
4 16 10 -23.2 -13 10 -24 -6 10 -25.2 -23 10 -23.2 -23
1 16 10 -24 0 0 -1 0 0 0 -6 -6 0 0 3-4ndis.dat
3 16 10 -23.2 -13 10 -22.4 -9 10 -24 -6
3 16 10 -22.4 -9 10 -21.704 -5.543 10 -24 -6
3 16 10 -20 -5.4 10 -21.704 -5.543 10 -22.4 -9
3 16 10 -20 -5.4 10 -19.757 -4.243 10 -21.704 -5.543
3 16 10 -16.4 -2.8 10 -19.757 -4.243 10 -20 -5.4
3 16 10 -16.4 -2.8 10 -18.457 -2.296 10 -19.757 -4.243
4 16 10 -16.4 -2.8 10 -11.2 -2 10 -18 0 10 -18.457 -2.296
3 16 -10 0 10 -10 0 -10 -10 -3.4 -5.4
3 16 -10 0 10 -10 -3.4 -5.4 -10 -7 -2.8
3 16 -10 0 10 -10 -7 -2.8 -10 -11.2 -2
4 16 -10 -18 0 -10 -18 6 -10 0 10 -10 -11.2 -2
4 16 -10 -18 6 -10 -24 6 -10 -24 10 -10 0 10
3 16 -10 -30 6 -10 -24 10 -10 -24 6
3 16 -10 -24 10 -10 -30 6 -10 -36 4
3 16 -10 -36 4 -10 -30 6 -10 -30 0
3 16 -10 -36 4 -10 -30 0 -10 -30 -6
3 16 -10 -25.2 -23 -10 -36 4 -10 -30 -6
3 16 -10 -24 -6 -10 -25.2 -23 -10 -30 -6
4 16 -10 -23.2 -23 -10 -25.2 -23 -10 -24 -6 -10 -23.2 -13
1 16 -10 -24 0 0 1 0 0 0 -6 -6 0 0 3-4ndis.dat
3 16 -10 -24 -6 -10 -22.4 -9 -10 -23.2 -13
3 16 -10 -24 -6 -10 -21.704 -5.543 -10 -22.4 -9
3 16 -10 -22.4 -9 -10 -21.704 -5.543 -10 -20 -5.4
3 16 -10 -21.704 -5.543 -10 -19.757 -4.243 -10 -20 -5.4
3 16 -10 -20 -5.4 -10 -19.757 -4.243 -10 -16.4 -2.8
3 16 -10 -19.757 -4.243 -10 -18.457 -2.296 -10 -16.4 -2.8
4 16 -10 -18.457 -2.296 -10 -18 0 -10 -11.2 -2 -10 -16.4 -2.8

0 // Studs and Knobs
1 16 10 -24 0 0 -1 0 1 0 0 0 0 1 stud2a.dat
0 BFC INVERTNEXT
1 16 10 -24 0 0 -4 0 4 0 0 0 0 4 4-4cyli.dat
1 16 10 -24 0 0 -1 0 6 0 0 0 0 6 4-4edge.dat
1 16 6 -24 0 0 -1 0 4 0 0 0 0 4 4-4edge.dat
1 16 -10 -24 0 0 1 0 1 0 0 0 0 -1 stud2a.dat
0 BFC INVERTNEXT
1 16 -10 -24 0 0 4 0 4 0 0 0 0 -4 4-4cyli.dat
1 16 -10 -24 0 0 1 0 6 0 0 0 0 -6 4-4edge.dat
1 16 -6 -24 0 0 1 0 4 0 0 0 0 -4 4-4edge.dat
1 16 0 -32.286 -5.285 1 0 0 0 0.928 -0.371 0 0.371 0.928 stud2.dat
1 16 -5 -31.358 -18.376 2.5 0 0 0 3.714 -0.928 0 1.485 2.321 4-4cylc.dat
1 16 5 -31.358 -18.376 2.5 0 0 0 3.714 -0.928 0 1.485 2.321 4-4cylc.dat