0 Tyre 12/ 50 x 16 Offset Tread
0 Name: 2346.dat
0 Author: James Jessiman
0 !LDRAW_ORG Part UPDATE 2010-02
0 !LICENSE Redistributable under CCAL version 2.0 : see CAreadme.txt

0 BFC CERTIFY CCW

0 !HISTORY 2007-05-07 [PTadmin] Header formatted for Contributor Agreement
0 !HISTORY 2008-07-01 [PTadmin] Official Update 2008-01
0 !HISTORY 2008-07-07 [nielsk] Made BFC compliant (2005-11-04)
0 !HISTORY 2010-07-05 [PTadmin] Official Update 2010-02

0 // Nomenclature: width_(mm)/profile_as_%age_of_width x rim_diameter_(mm)





2 24 0 20 10 3.129 19.754 10
2 24 3.129 19.754 10 6.18 19.021 10
2 24 0 20 -10 3.129 19.754 -10
2 24 3.129 19.754 -10 6.18 19.021 -10
2 24 0 25 -20 3.911 24.692 -20
2 24 3.911 24.692 -20 7.725 23.776 -20
2 24 0 30 -20 4.693 29.631 -20
2 24 5.475 34.569 -20 10.816 33.287 -20
2 24 0 35 10 5.475 34.569 10
2 24 4.693 29.631 10 9.27 28.532 10
2 24 0 30 -5 4.693 29.631 -5
2 24 4.693 29.631 -5 9.27 28.532 -5
2 24 0 35 -5 5.475 34.569 -5
2 24 5.475 34.569 -5 10.816 33.287 -5
2 24 0 30 -20 0 35 -20
2 24 4.693 29.631 -20 5.475 34.569 -20
2 24 0 30 10 0 35 10
2 24 4.693 29.631 10 5.475 34.569 10
2 24 0 30 -5 0 35 -5
2 24 4.693 29.631 -5 5.475 34.569 -5
2 24 0 30 10 0 30 -20
2 24 4.693 29.631 10 4.693 29.631 -20
2 24 0 35 10 0 35 -20
2 24 5.475 34.569 10 5.475 34.569 -20
4 16 0 20 10 0 20 -10 3.129 19.754 -10 3.129 19.754 10
4 16 3.129 19.754 10 3.129 19.754 -10 6.18 19.021 -10 6.18 19.021 10
4 16 3.911 24.692 -20 3.129 19.754 -10 0 20 -10 0 25 -20
4 16 7.725 23.776 -20 6.18 19.021 -10 3.129 19.754 -10 3.911 24.692 -20
4 16 0 25 -20 0 30 -20 4.693 29.631 -20 3.911 24.692 -20
4 16 3.911 24.692 -20 5.475 34.569 -20 10.816 33.287 -20 7.725 23.776 -20
4 16 3.129 19.754 10 5.475 34.569 10 0 35 10 0 20 10
4 16 6.18 19.021 10 9.27 28.532 10 4.693 29.631 10 3.129 19.754 10
4 16 0 35 -5 0 35 10 5.475 34.569 10 5.475 34.569 -5
4 16 10.816 33.287 -5 10.816 33.287 -20 5.475 34.569 -20 5.475 34.569 -5
4 16 4.693 29.631 -5 4.693 29.631 -20 0 30 -20 0 30 -5
4 16 4.693 29.631 -5 4.693 29.631 10 9.27 28.532 10 9.27 28.532 -5
4 16 0 30 -5 0 35 -5 5.475 34.569 -5 4.693 29.631 -5
4 16 9.27 28.532 -5 10.816 33.287 -5 5.475 34.569 -5 4.693 29.631 -5
4 16 0 30 10 0 35 10 0 35 -5 0 30 -5
4 16 0 30 -20 0 35 -20 0 35 -5 0 30 -5
4 16 4.693 29.631 -5 5.475 34.569 -5 5.475 34.569 10 4.693 29.631 10
4 16 4.693 29.631 -5 5.475 34.569 -5 5.475 34.569 -20 4.693 29.631 -20
2 24 6.18 19.021 10 9.08 17.82 10
2 24 9.08 17.82 10 11.756 16.18 10
2 24 6.18 19.021 -10 9.08 17.82 -10
2 24 9.08 17.82 -10 11.756 16.18 -10
2 24 7.725 23.776 -20 11.35 22.275 -20
2 24 11.35 22.275 -20 14.695 20.225 -20
2 24 9.27 28.532 -20 13.62 26.73 -20
2 24 15.89 31.185 -20 20.573 28.316 -20
2 24 10.816 33.287 10 15.89 31.185 10
2 24 13.62 26.73 10 17.634 24.27 10
2 24 9.27 28.532 -5 13.62 26.73 -5
2 24 13.62 26.73 -5 17.634 24.27 -5
2 24 10.816 33.287 -5 15.89 31.185 -5
2 24 15.89 31.185 -5 20.573 28.316 -5
2 24 9.27 28.532 -20 10.816 33.287 -20
2 24 13.62 26.73 -20 15.89 31.185 -20
2 24 9.27 28.532 10 10.816 33.287 10
2 24 13.62 26.73 10 15.89 31.185 10
2 24 9.27 28.532 -5 10.816 33.287 -5
2 24 13.62 26.73 -5 15.89 31.185 -5
2 24 9.27 28.532 10 9.27 28.532 -20
2 24 13.62 26.73 10 13.62 26.73 -20
2 24 10.816 33.287 10 10.816 33.287 -20
2 24 15.89 31.185 10 15.89 31.185 -20
4 16 6.18 19.021 10 6.18 19.021 -10 9.08 17.82 -10 9.08 17.82 10
4 16 9.08 17.82 10 9.08 17.82 -10 11.756 16.18 -10 11.756 16.18 10
4 16 11.35 22.275 -20 9.08 17.82 -10 6.18 19.021 -10 7.725 23.776 -20
4 16 14.695 20.225 -20 11.756 16.18 -10 9.08 17.82 -10 11.35 22.275 -20
4 16 7.725 23.776 -20 9.27 28.532 -20 13.62 26.73 -20 11.35 22.275 -20
4 16 11.35 22.275 -20 15.89 31.185 -20 20.573 28.316 -20 14.695 20.225 -20
4 16 9.08 17.82 10 15.89 31.185 10 10.816 33.287 10 6.18 19.021 10
4 16 11.756 16.18 10 17.634 24.27 10 13.62 26.73 10 9.08 17.82 10
4 16 10.816 33.287 -5 10.816 33.287 10 15.89 31.185 10 15.89 31.185 -5
4 16 20.573 28.316 -5 20.573 28.316 -20 15.89 31.185 -20 15.89 31.185 -5
4 16 13.62 26.73 -5 13.62 26.73 -20 9.27 28.532 -20 9.27 28.532 -5
4 16 13.62 26.73 -5 13.62 26.73 10 17.634 24.27 10 17.634 24.27 -5
4 16 9.27 28.532 -5 10.816 33.287 -5 15.89 31.185 -5 13.62 26.73 -5
4 16 17.634 24.27 -5 20.573 28.316 -5 15.89 31.185 -5 13.62 26.73 -5
4 16 9.27 28.532 10 10.816 33.287 10 10.816 33.287 -5 9.27 28.532 -5
4 16 9.27 28.532 -20 10.816 33.287 -20 10.816 33.287 -5 9.27 28.532 -5
4 16 13.62 26.73 -5 15.89 31.185 -5 15.89 31.185 10 13.62 26.73 10
4 16 13.62 26.73 -5 15.89 31.185 -5 15.89 31.185 -20 13.62 26.73 -20
2 24 11.756 16.18 10 14.142 14.142 10
2 24 14.142 14.142 10 16.18 11.756 10
2 24 11.756 16.18 -10 14.142 14.142 -10
2 24 14.142 14.142 -10 16.18 11.756 -10
2 24 14.695 20.225 -20 17.678 17.678 -20
2 24 17.678 17.678 -20 20.225 14.695 -20
2 24 17.634 24.27 -20 21.213 21.213 -20
2 24 24.749 24.749 -20 28.316 20.573 -20
2 24 20.573 28.316 10 24.749 24.749 10
2 24 21.213 21.213 10 24.27 17.634 10
2 24 17.634 24.27 -5 21.213 21.213 -5
2 24 21.213 21.213 -5 24.27 17.634 -5
2 24 20.573 28.316 -5 24.749 24.749 -5
2 24 24.749 24.749 -5 28.316 20.573 -5
2 24 17.634 24.27 -20 20.573 28.316 -20
2 24 21.213 21.213 -20 24.749 24.749 -20
2 24 17.634 24.27 10 20.573 28.316 10
2 24 21.213 21.213 10 24.749 24.749 10
2 24 17.634 24.27 -5 20.573 28.316 -5
2 24 21.213 21.213 -5 24.749 24.749 -5
2 24 17.634 24.27 10 17.634 24.27 -20
2 24 21.213 21.213 10 21.213 21.213 -20
2 24 20.573 28.316 10 20.573 28.316 -20
2 24 24.749 24.749 10 24.749 24.749 -20
4 16 11.756 16.18 10 11.756 16.18 -10 14.142 14.142 -10 14.142 14.142 10
4 16 14.142 14.142 10 14.142 14.142 -10 16.18 11.756 -10 16.18 11.756 10
4 16 17.678 17.678 -20 14.142 14.142 -10 11.756 16.18 -10 14.695 20.225 -20
4 16 20.225 14.695 -20 16.18 11.756 -10 14.142 14.142 -10 17.678 17.678 -20
4 16 14.695 20.225 -20 17.634 24.27 -20 21.213 21.213 -20 17.678 17.678 -20
4 16 17.678 17.678 -20 24.749 24.749 -20 28.316 20.573 -20 20.225 14.695 -20
4 16 14.142 14.142 10 24.749 24.749 10 20.573 28.316 10 11.756 16.18 10
4 16 16.18 11.756 10 24.27 17.634 10 21.213 21.213 10 14.142 14.142 10
4 16 20.573 28.316 -5 20.573 28.316 10 24.749 24.749 10 24.749 24.749 -5
4 16 28.316 20.573 -5 28.316 20.573 -20 24.749 24.749 -20 24.749 24.749 -5
4 16 21.213 21.213 -5 21.213 21.213 -20 17.634 24.27 -20 17.634 24.27 -5
4 16 21.213 21.213 -5 21.213 21.213 10 24.27 17.634 10 24.27 17.634 -5
4 16 17.634 24.27 -5 20.573 28.316 -5 24.749 24.749 -5 21.213 21.213 -5
4 16 24.27 17.634 -5 28.316 20.573 -5 24.749 24.749 -5 21.213 21.213 -5
4 16 17.634 24.27 10 20.573 28.316 10 20.573 28.316 -5 17.634 24.27 -5
4 16 17.634 24.27 -20 20.573 28.316 -20 20.573 28.316 -5 17.634 24.27 -5
4 16 21.213 21.213 -5 24.749 24.749 -5 24.749 24.749 10 21.213 21.213 10
4 16 21.213 21.213 -5 24.749 24.749 -5 24.749 24.749 -20 21.213 21.213 -20
2 24 16.18 11.756 10 17.82 9.08 10
2 24 17.82 9.08 10 19.021 6.18 10
2 24 16.18 11.756 -10 17.82 9.08 -10
2 24 17.82 9.08 -10 19.021 6.18 -10
2 24 20.225 14.695 -20 22.275 11.35 -20
2 24 22.275 11.35 -20 23.776 7.725 -20
2 24 24.27 17.634 -20 26.73 13.62 -20
2 24 31.185 15.89 -20 33.287 10.816 -20
2 24 28.316 20.573 10 31.185 15.89 10
2 24 26.73 13.62 10 28.532 9.27 10
2 24 24.27 17.634 -5 26.73 13.62 -5
2 24 26.73 13.62 -5 28.532 9.27 -5
2 24 28.316 20.573 -5 31.185 15.89 -5
2 24 31.185 15.89 -5 33.287 10.816 -5
2 24 24.27 17.634 -20 28.316 20.573 -20
2 24 26.73 13.62 -20 31.185 15.89 -20
2 24 24.27 17.634 10 28.316 20.573 10
2 24 26.73 13.62 10 31.185 15.89 10
2 24 24.27 17.634 -5 28.316 20.573 -5
2 24 26.73 13.62 -5 31.185 15.89 -5
2 24 24.27 17.634 10 24.27 17.634 -20
2 24 26.73 13.62 10 26.73 13.62 -20
2 24 28.316 20.573 10 28.316 20.573 -20
2 24 31.185 15.89 10 31.185 15.89 -20
4 16 16.18 11.756 10 16.18 11.756 -10 17.82 9.08 -10 17.82 9.08 10
4 16 17.82 9.08 10 17.82 9.08 -10 19.021 6.18 -10 19.021 6.18 10
4 16 22.275 11.35 -20 17.82 9.08 -10 16.18 11.756 -10 20.225 14.695 -20
4 16 23.776 7.725 -20 19.021 6.18 -10 17.82 9.08 -10 22.275 11.35 -20
4 16 20.225 14.695 -20 24.27 17.634 -20 26.73 13.62 -20 22.275 11.35 -20
4 16 22.275 11.35 -20 31.185 15.89 -20 33.287 10.816 -20 23.776 7.725 -20
4 16 17.82 9.08 10 31.185 15.89 10 28.316 20.573 10 16.18 11.756 10
4 16 19.021 6.18 10 28.532 9.27 10 26.73 13.62 10 17.82 9.08 10
4 16 28.316 20.573 -5 28.316 20.573 10 31.185 15.89 10 31.185 15.89 -5
4 16 33.287 10.816 -5 33.287 10.816 -20 31.185 15.89 -20 31.185 15.89 -5
4 16 26.73 13.62 -5 26.73 13.62 -20 24.27 17.634 -20 24.27 17.634 -5
4 16 26.73 13.62 -5 26.73 13.62 10 28.532 9.27 10 28.532 9.27 -5
4 16 24.27 17.634 -5 28.316 20.573 -5 31.185 15.89 -5 26.73 13.62 -5
4 16 28.532 9.27 -5 33.287 10.816 -5 31.185 15.89 -5 26.73 13.62 -5
4 16 24.27 17.634 10 28.316 20.573 10 28.316 20.573 -5 24.27 17.634 -5
4 16 24.27 17.634 -20 28.316 20.573 -20 28.316 20.573 -5 24.27 17.634 -5
4 16 26.73 13.62 -5 31.185 15.89 -5 31.185 15.89 10 26.73 13.62 10
4 16 26.73 13.62 -5 31.185 15.89 -5 31.185 15.89 -20 26.73 13.62 -20
2 24 19.021 6.18 10 19.754 3.129 10
2 24 19.754 3.129 10 20 0 10
2 24 19.021 6.18 -10 19.754 3.129 -10
2 24 19.754 3.129 -10 20 0 -10
2 24 23.776 7.725 -20 24.692 3.911 -20
2 24 24.692 3.911 -20 25 0 -20
2 24 28.532 9.27 -20 29.631 4.693 -20
2 24 34.569 5.475 -20 35 0 -20
2 24 33.287 10.816 10 34.569 5.475 10
2 24 29.631 4.693 10 30 0 10
2 24 28.532 9.27 -5 29.631 4.693 -5
2 24 29.631 4.693 -5 30 0 -5
2 24 33.287 10.816 -5 34.569 5.475 -5
2 24 34.569 5.475 -5 35 0 -5
2 24 28.532 9.27 -20 33.287 10.816 -20
2 24 29.631 4.693 -20 34.569 5.475 -20
2 24 28.532 9.27 10 33.287 10.816 10
2 24 29.631 4.693 10 34.569 5.475 10
2 24 28.532 9.27 -5 33.287 10.816 -5
2 24 29.631 4.693 -5 34.569 5.475 -5
2 24 28.532 9.27 10 28.532 9.27 -20
2 24 29.631 4.693 10 29.631 4.693 -20
2 24 33.287 10.816 10 33.287 10.816 -20
2 24 34.569 5.475 10 34.569 5.475 -20
4 16 19.021 6.18 10 19.021 6.18 -10 19.754 3.129 -10 19.754 3.129 10
4 16 19.754 3.129 10 19.754 3.129 -10 20 0 -10 20 0 10
4 16 24.692 3.911 -20 19.754 3.129 -10 19.021 6.18 -10 23.776 7.725 -20
4 16 25 0 -20 20 0 -10 19.754 3.129 -10 24.692 3.911 -20
4 16 23.776 7.725 -20 28.532 9.27 -20 29.631 4.693 -20 24.692 3.911 -20
4 16 24.692 3.911 -20 34.569 5.475 -20 35 0 -20 25 0 -20
4 16 19.754 3.129 10 34.569 5.475 10 33.287 10.816 10 19.021 6.18 10
4 16 20 0 10 30 0 10 29.631 4.693 10 19.754 3.129 10
4 16 33.287 10.816 -5 33.287 10.816 10 34.569 5.475 10 34.569 5.475 -5
4 16 35 0 -5 35 0 -20 34.569 5.475 -20 34.569 5.475 -5
4 16 29.631 4.693 -5 29.631 4.693 -20 28.532 9.27 -20 28.532 9.27 -5
4 16 29.631 4.693 -5 29.631 4.693 10 30 0 10 30 0 -5
4 16 28.532 9.27 -5 33.287 10.816 -5 34.569 5.475 -5 29.631 4.693 -5
4 16 30 0 -5 35 0 -5 34.569 5.475 -5 29.631 4.693 -5
4 16 28.532 9.27 10 33.287 10.816 10 33.287 10.816 -5 28.532 9.27 -5
4 16 28.532 9.27 -20 33.287 10.816 -20 33.287 10.816 -5 28.532 9.27 -5
4 16 29.631 4.693 -5 34.569 5.475 -5 34.569 5.475 10 29.631 4.693 10
4 16 29.631 4.693 -5 34.569 5.475 -5 34.569 5.475 -20 29.631 4.693 -20
2 24 20 0 10 19.754 -3.129 10
2 24 19.754 -3.129 10 19.021 -6.18 10
2 24 20 0 -10 19.754 -3.129 -10
2 24 19.754 -3.129 -10 19.021 -6.18 -10
2 24 25 0 -20 24.692 -3.911 -20
2 24 24.692 -3.911 -20 23.776 -7.725 -20
2 24 30 0 -20 29.631 -4.693 -20
2 24 34.569 -5.475 -20 33.287 -10.816 -20
2 24 35 0 10 34.569 -5.475 10
2 24 29.631 -4.693 10 28.532 -9.27 10
2 24 30 0 -5 29.631 -4.693 -5
2 24 29.631 -4.693 -5 28.532 -9.27 -5
2 24 35 0 -5 34.569 -5.475 -5
2 24 34.569 -5.475 -5 33.287 -10.816 -5
2 24 30 0 -20 35 0 -20
2 24 29.631 -4.693 -20 34.569 -5.475 -20
2 24 30 0 10 35 0 10
2 24 29.631 -4.693 10 34.569 -5.475 10
2 24 30 0 -5 35 0 -5
2 24 29.631 -4.693 -5 34.569 -5.475 -5
2 24 30 0 10 30 0 -20
2 24 29.631 -4.693 10 29.631 -4.693 -20
2 24 35 0 10 35 0 -20
2 24 34.569 -5.475 10 34.569 -5.475 -20
4 16 20 0 10 20 0 -10 19.754 -3.129 -10 19.754 -3.129 10
4 16 19.754 -3.129 10 19.754 -3.129 -10 19.021 -6.18 -10 19.021 -6.18 10
4 16 24.692 -3.911 -20 19.754 -3.129 -10 20 0 -10 25 0 -20
4 16 23.776 -7.725 -20 19.021 -6.18 -10 19.754 -3.129 -10 24.692 -3.911 -20
4 16 25 0 -20 30 0 -20 29.631 -4.693 -20 24.692 -3.911 -20
4 16 24.692 -3.911 -20 34.569 -5.475 -20 33.287 -10.816 -20 23.776 -7.725 -20
4 16 19.754 -3.129 10 34.569 -5.475 10 35 0 10 20 0 10
4 16 19.021 -6.18 10 28.532 -9.27 10 29.631 -4.693 10 19.754 -3.129 10
4 16 35 0 -5 35 0 10 34.569 -5.475 10 34.569 -5.475 -5
4 16 33.287 -10.816 -5 33.287 -10.816 -20 34.569 -5.475 -20 34.569 -5.475 -5
4 16 29.631 -4.693 -5 29.631 -4.693 -20 30 0 -20 30 0 -5
4 16 29.631 -4.693 -5 29.631 -4.693 10 28.532 -9.27 10 28.532 -9.27 -5
4 16 30 0 -5 35 0 -5 34.569 -5.475 -5 29.631 -4.693 -5
4 16 28.532 -9.27 -5 33.287 -10.816 -5 34.569 -5.475 -5 29.631 -4.693 -5
4 16 30 0 10 35 0 10 35 0 -5 30 0 -5
4 16 30 0 -20 35 0 -20 35 0 -5 30 0 -5
4 16 29.631 -4.693 -5 34.569 -5.475 -5 34.569 -5.475 10 29.631 -4.693 10
4 16 29.631 -4.693 -5 34.569 -5.475 -5 34.569 -5.475 -20 29.631 -4.693 -20
2 24 19.021 -6.18 10 17.82 -9.08 10
2 24 17.82 -9.08 10 16.18 -11.756 10
2 24 19.021 -6.18 -10 17.82 -9.08 -10
2 24 17.82 -9.08 -10 16.18 -11.756 -10
2 24 23.776 -7.725 -20 22.275 -11.35 -20
2 24 22.275 -11.35 -20 20.225 -14.695 -20
2 24 28.532 -9.27 -20 26.73 -13.62 -20
2 24 31.185 -15.89 -20 28.316 -20.573 -20
2 24 33.287 -10.816 10 31.185 -15.89 10
2 24 26.73 -13.62 10 24.27 -17.634 10
2 24 28.532 -9.27 -5 26.73 -13.62 -5
2 24 26.73 -13.62 -5 24.27 -17.634 -5
2 24 33.287 -10.816 -5 31.185 -15.89 -5
2 24 31.185 -15.89 -5 28.316 -20.573 -5
2 24 28.532 -9.27 -20 33.287 -10.816 -20
2 24 26.73 -13.62 -20 31.185 -15.89 -20
2 24 28.532 -9.27 10 33.287 -10.816 10
2 24 26.73 -13.62 10 31.185 -15.89 10
2 24 28.532 -9.27 -5 33.287 -10.816 -5
2 24 26.73 -13.62 -5 31.185 -15.89 -5
2 24 28.532 -9.27 10 28.532 -9.27 -20
2 24 26.73 -13.62 10 26.73 -13.62 -20
2 24 33.287 -10.816 10 33.287 -10.816 -20
2 24 31.185 -15.89 10 31.185 -15.89 -20
4 16 19.021 -6.18 10 19.021 -6.18 -10 17.82 -9.08 -10 17.82 -9.08 10
4 16 17.82 -9.08 10 17.82 -9.08 -10 16.18 -11.756 -10 16.18 -11.756 10
4 16 22.275 -11.35 -20 17.82 -9.08 -10 19.021 -6.18 -10 23.776 -7.725 -20
4 16 20.225 -14.695 -20 16.18 -11.756 -10 17.82 -9.08 -10 22.275 -11.35 -20
4 16 23.776 -7.725 -20 28.532 -9.27 -20 26.73 -13.62 -20 22.275 -11.35 -20
4 16 22.275 -11.35 -20 31.185 -15.89 -20 28.316 -20.573 -20 20.225 -14.695 -20
4 16 17.82 -9.08 10 31.185 -15.89 10 33.287 -10.816 10 19.021 -6.18 10
4 16 16.18 -11.756 10 24.27 -17.634 10 26.73 -13.62 10 17.82 -9.08 10
4 16 33.287 -10.816 -5 33.287 -10.816 10 31.185 -15.89 10 31.185 -15.89 -5
4 16 28.316 -20.573 -5 28.316 -20.573 -20 31.185 -15.89 -20 31.185 -15.89 -5
4 16 26.73 -13.62 -5 26.73 -13.62 -20 28.532 -9.27 -20 28.532 -9.27 -5
4 16 26.73 -13.62 -5 26.73 -13.62 10 24.27 -17.634 10 24.27 -17.634 -5
4 16 28.532 -9.27 -5 33.287 -10.816 -5 31.185 -15.89 -5 26.73 -13.62 -5
4 16 24.27 -17.634 -5 28.316 -20.573 -5 31.185 -15.89 -5 26.73 -13.62 -5
4 16 28.532 -9.27 10 33.287 -10.816 10 33.287 -10.816 -5 28.532 -9.27 -5
4 16 28.532 -9.27 -20 33.287 -10.816 -20 33.287 -10.816 -5 28.532 -9.27 -5
4 16 26.73 -13.62 -5 31.185 -15.89 -5 31.185 -15.89 10 26.73 -13.62 10
4 16 26.73 -13.62 -5 31.185 -15.89 -5 31.185 -15.89 -20 26.73 -13.62 -20
2 24 16.18 -11.756 10 14.142 -14.142 10
2 24 14.142 -14.142 10 11.756 -16.18 10
2 24 16.18 -11.756 -10 14.142 -14.142 -10
2 24 14.142 -14.142 -10 11.756 -16.18 -10
2 24 20.225 -14.695 -20 17.678 -17.678 -20
2 24 17.678 -17.678 -20 14.695 -20.225 -20
2 24 24.27 -17.634 -20 21.213 -21.213 -20
2 24 24.749 -24.749 -20 20.573 -28.316 -20
2 24 28.316 -20.573 10 24.749 -24.749 10
2 24 21.213 -21.213 10 17.634 -24.27 10
2 24 24.27 -17.634 -5 21.213 -21.213 -5
2 24 21.213 -21.213 -5 17.634 -24.27 -5
2 24 28.316 -20.573 -5 24.749 -24.749 -5
2 24 24.749 -24.749 -5 20.573 -28.316 -5
2 24 24.27 -17.634 -20 28.316 -20.573 -20
2 24 21.213 -21.213 -20 24.749 -24.749 -20
2 24 24.27 -17.634 10 28.316 -20.573 10
2 24 21.213 -21.213 10 24.749 -24.749 10
2 24 24.27 -17.634 -5 28.316 -20.573 -5
2 24 21.213 -21.213 -5 24.749 -24.749 -5
2 24 24.27 -17.634 10 24.27 -17.634 -20
2 24 21.213 -21.213 10 21.213 -21.213 -20
2 24 28.316 -20.573 10 28.316 -20.573 -20
2 24 24.749 -24.749 10 24.749 -24.749 -20
4 16 16.18 -11.756 10 16.18 -11.756 -10 14.142 -14.142 -10 14.142 -14.142 10
4 16 14.142 -14.142 10 14.142 -14.142 -10 11.756 -16.18 -10 11.756 -16.18 10
4 16 17.678 -17.678 -20 14.142 -14.142 -10 16.18 -11.756 -10 20.225 -14.695 -20
4 16 14.695 -20.225 -20 11.756 -16.18 -10 14.142 -14.142 -10 17.678 -17.678 -20
4 16 20.225 -14.695 -20 24.27 -17.634 -20 21.213 -21.213 -20 17.678 -17.678 -20
4 16 17.678 -17.678 -20 24.749 -24.749 -20 20.573 -28.316 -20 14.695 -20.225 -20
4 16 14.142 -14.142 10 24.749 -24.749 10 28.316 -20.573 10 16.18 -11.756 10
4 16 11.756 -16.18 10 17.634 -24.27 10 21.213 -21.213 10 14.142 -14.142 10
4 16 28.316 -20.573 -5 28.316 -20.573 10 24.749 -24.749 10 24.749 -24.749 -5
4 16 20.573 -28.316 -5 20.573 -28.316 -20 24.749 -24.749 -20 24.749 -24.749 -5
4 16 21.213 -21.213 -5 21.213 -21.213 -20 24.27 -17.634 -20 24.27 -17.634 -5
4 16 21.213 -21.213 -5 21.213 -21.213 10 17.634 -24.27 10 17.634 -24.27 -5
4 16 24.27 -17.634 -5 28.316 -20.573 -5 24.749 -24.749 -5 21.213 -21.213 -5
4 16 17.634 -24.27 -5 20.573 -28.316 -5 24.749 -24.749 -5 21.213 -21.213 -5
4 16 24.27 -17.634 10 28.316 -20.573 10 28.316 -20.573 -5 24.27 -17.634 -5
4 16 24.27 -17.634 -20 28.316 -20.573 -20 28.316 -20.573 -5 24.27 -17.634 -5
4 16 21.213 -21.213 -5 24.749 -24.749 -5 24.749 -24.749 10 21.213 -21.213 10
4 16 21.213 -21.213 -5 24.749 -24.749 -5 24.749 -24.749 -20 21.213 -21.213 -20
2 24 11.756 -16.18 10 9.08 -17.82 10
2 24 9.08 -17.82 10 6.18 -19.021 10
2 24 11.756 -16.18 -10 9.08 -17.82 -10
2 24 9.08 -17.82 -10 6.18 -19.021 -10
2 24 14.695 -20.225 -20 11.35 -22.275 -20
2 24 11.35 -22.275 -20 7.725 -23.776 -20
2 24 17.634 -24.27 -20 13.62 -26.73 -20
2 24 15.89 -31.185 -20 10.816 -33.287 -20
2 24 20.573 -28.316 10 15.89 -31.185 10
2 24 13.62 -26.73 10 9.27 -28.532 10
2 24 17.634 -24.27 -5 13.62 -26.73 -5
2 24 13.62 -26.73 -5 9.27 -28.532 -5
2 24 20.573 -28.316 -5 15.89 -31.185 -5
2 24 15.89 -31.185 -5 10.816 -33.287 -5
2 24 17.634 -24.27 -20 20.573 -28.316 -20
2 24 13.62 -26.73 -20 15.89 -31.185 -20
2 24 17.634 -24.27 10 20.573 -28.316 10
2 24 13.62 -26.73 10 15.89 -31.185 10
2 24 17.634 -24.27 -5 20.573 -28.316 -5
2 24 13.62 -26.73 -5 15.89 -31.185 -5
2 24 17.634 -24.27 10 17.634 -24.27 -20
2 24 13.62 -26.73 10 13.62 -26.73 -20
2 24 20.573 -28.316 10 20.573 -28.316 -20
2 24 15.89 -31.185 10 15.89 -31.185 -20
4 16 11.756 -16.18 10 11.756 -16.18 -10 9.08 -17.82 -10 9.08 -17.82 10
4 16 9.08 -17.82 10 9.08 -17.82 -10 6.18 -19.021 -10 6.18 -19.021 10
4 16 11.35 -22.275 -20 9.08 -17.82 -10 11.756 -16.18 -10 14.695 -20.225 -20
4 16 7.725 -23.776 -20 6.18 -19.021 -10 9.08 -17.82 -10 11.35 -22.275 -20
4 16 14.695 -20.225 -20 17.634 -24.27 -20 13.62 -26.73 -20 11.35 -22.275 -20
4 16 11.35 -22.275 -20 15.89 -31.185 -20 10.816 -33.287 -20 7.725 -23.776 -20
4 16 9.08 -17.82 10 15.89 -31.185 10 20.573 -28.316 10 11.756 -16.18 10
4 16 6.18 -19.021 10 9.27 -28.532 10 13.62 -26.73 10 9.08 -17.82 10
4 16 20.573 -28.316 -5 20.573 -28.316 10 15.89 -31.185 10 15.89 -31.185 -5
4 16 10.816 -33.287 -5 10.816 -33.287 -20 15.89 -31.185 -20 15.89 -31.185 -5
4 16 13.62 -26.73 -5 13.62 -26.73 -20 17.634 -24.27 -20 17.634 -24.27 -5
4 16 13.62 -26.73 -5 13.62 -26.73 10 9.27 -28.532 10 9.27 -28.532 -5
4 16 17.634 -24.27 -5 20.573 -28.316 -5 15.89 -31.185 -5 13.62 -26.73 -5
4 16 9.27 -28.532 -5 10.816 -33.287 -5 15.89 -31.185 -5 13.62 -26.73 -5
4 16 17.634 -24.27 10 20.573 -28.316 10 20.573 -28.316 -5 17.634 -24.27 -5
4 16 17.634 -24.27 -20 20.573 -28.316 -20 20.573 -28.316 -5 17.634 -24.27 -5
4 16 13.62 -26.73 -5 15.89 -31.185 -5 15.89 -31.185 10 13.62 -26.73 10
4 16 13.62 -26.73 -5 15.89 -31.185 -5 15.89 -31.185 -20 13.62 -26.73 -20
2 24 6.18 -19.021 10 3.129 -19.754 10
2 24 3.129 -19.754 10 0 -20 10
2 24 6.18 -19.021 -10 3.129 -19.754 -10
2 24 3.129 -19.754 -10 0 -20 -10
2 24 7.725 -23.776 -20 3.911 -24.692 -20
2 24 3.911 -24.692 -20 0 -25 -20
2 24 9.27 -28.532 -20 4.693 -29.631 -20
2 24 5.475 -34.569 -20 0 -35 -20
2 24 10.816 -33.287 10 5.475 -34.569 10
2 24 4.693 -29.631 10 0 -30 10
2 24 9.27 -28.532 -5 4.693 -29.631 -5
2 24 4.693 -29.631 -5 0 -30 -5
2 24 10.816 -33.287 -5 5.475 -34.569 -5
2 24 5.475 -34.569 -5 0 -35 -5
2 24 9.27 -28.532 -20 10.816 -33.287 -20
2 24 4.693 -29.631 -20 5.475 -34.569 -20
2 24 9.27 -28.532 10 10.816 -33.287 10
2 24 4.693 -29.631 10 5.475 -34.569 10
2 24 9.27 -28.532 -5 10.816 -33.287 -5
2 24 4.693 -29.631 -5 5.475 -34.569 -5
2 24 9.27 -28.532 10 9.27 -28.532 -20
2 24 4.693 -29.631 10 4.693 -29.631 -20
2 24 10.816 -33.287 10 10.816 -33.287 -20
2 24 5.475 -34.569 10 5.475 -34.569 -20
4 16 6.18 -19.021 10 6.18 -19.021 -10 3.129 -19.754 -10 3.129 -19.754 10
4 16 3.129 -19.754 10 3.129 -19.754 -10 0 -20 -10 0 -20 10
4 16 3.911 -24.692 -20 3.129 -19.754 -10 6.18 -19.021 -10 7.725 -23.776 -20
4 16 0 -25 -20 0 -20 -10 3.129 -19.754 -10 3.911 -24.692 -20
4 16 7.725 -23.776 -20 9.27 -28.532 -20 4.693 -29.631 -20 3.911 -24.692 -20
4 16 3.911 -24.692 -20 5.475 -34.569 -20 0 -35 -20 0 -25 -20
4 16 3.129 -19.754 10 5.475 -34.569 10 10.816 -33.287 10 6.18 -19.021 10
4 16 0 -20 10 0 -30 10 4.693 -29.631 10 3.129 -19.754 10
4 16 10.816 -33.287 -5 10.816 -33.287 10 5.475 -34.569 10 5.475 -34.569 -5
4 16 0 -35 -5 0 -35 -20 5.475 -34.569 -20 5.475 -34.569 -5
4 16 4.693 -29.631 -5 4.693 -29.631 -20 9.27 -28.532 -20 9.27 -28.532 -5
4 16 4.693 -29.631 -5 4.693 -29.631 10 0 -30 10 0 -30 -5
4 16 9.27 -28.532 -5 10.816 -33.287 -5 5.475 -34.569 -5 4.693 -29.631 -5
4 16 0 -30 -5 0 -35 -5 5.475 -34.569 -5 4.693 -29.631 -5
4 16 9.27 -28.532 10 10.816 -33.287 10 10.816 -33.287 -5 9.27 -28.532 -5
4 16 9.27 -28.532 -20 10.816 -33.287 -20 10.816 -33.287 -5 9.27 -28.532 -5
4 16 4.693 -29.631 -5 5.475 -34.569 -5 5.475 -34.569 10 4.693 -29.631 10
4 16 4.693 -29.631 -5 5.475 -34.569 -5 5.475 -34.569 -20 4.693 -29.631 -20
2 24 0 -20 10 -3.129 -19.754 10
2 24 -3.129 -19.754 10 -6.18 -19.021 10
2 24 0 -20 -10 -3.129 -19.754 -10
2 24 -3.129 -19.754 -10 -6.18 -19.021 -10
2 24 0 -25 -20 -3.911 -24.692 -20
2 24 -3.911 -24.692 -20 -7.725 -23.776 -20
2 24 0 -30 -20 -4.693 -29.631 -20
2 24 -5.475 -34.569 -20 -10.816 -33.287 -20
2 24 0 -35 10 -5.475 -34.569 10
2 24 -4.693 -29.631 10 -9.27 -28.532 10
2 24 0 -30 -5 -4.693 -29.631 -5
2 24 -4.693 -29.631 -5 -9.27 -28.532 -5
2 24 0 -35 -5 -5.475 -34.569 -5
2 24 -5.475 -34.569 -5 -10.816 -33.287 -5
2 24 0 -30 -20 0 -35 -20
2 24 -4.693 -29.631 -20 -5.475 -34.569 -20
2 24 0 -30 10 0 -35 10
2 24 -4.693 -29.631 10 -5.475 -34.569 10
2 24 0 -30 -5 0 -35 -5
2 24 -4.693 -29.631 -5 -5.475 -34.569 -5
2 24 0 -30 10 0 -30 -20
2 24 -4.693 -29.631 10 -4.693 -29.631 -20
2 24 0 -35 10 0 -35 -20
2 24 -5.475 -34.569 10 -5.475 -34.569 -20
4 16 0 -20 10 0 -20 -10 -3.129 -19.754 -10 -3.129 -19.754 10
4 16 -3.129 -19.754 10 -3.129 -19.754 -10 -6.18 -19.021 -10 -6.18 -19.021 10
4 16 -3.911 -24.692 -20 -3.129 -19.754 -10 0 -20 -10 0 -25 -20
4 16 -7.725 -23.776 -20 -6.18 -19.021 -10 -3.129 -19.754 -10 -3.911 -24.692 -20
4 16 0 -25 -20 0 -30 -20 -4.693 -29.631 -20 -3.911 -24.692 -20
4 16 -3.911 -24.692 -20 -5.475 -34.569 -20 -10.816 -33.287 -20 -7.725 -23.776 -20
4 16 -3.129 -19.754 10 -5.475 -34.569 10 0 -35 10 0 -20 10
4 16 -6.18 -19.021 10 -9.27 -28.532 10 -4.693 -29.631 10 -3.129 -19.754 10
4 16 0 -35 -5 0 -35 10 -5.475 -34.569 10 -5.475 -34.569 -5
4 16 -10.816 -33.287 -5 -10.816 -33.287 -20 -5.475 -34.569 -20 -5.475 -34.569 -5
4 16 -4.693 -29.631 -5 -4.693 -29.631 -20 0 -30 -20 0 -30 -5
4 16 -4.693 -29.631 -5 -4.693 -29.631 10 -9.27 -28.532 10 -9.27 -28.532 -5
4 16 0 -30 -5 0 -35 -5 -5.475 -34.569 -5 -4.693 -29.631 -5
4 16 -9.27 -28.532 -5 -10.816 -33.287 -5 -5.475 -34.569 -5 -4.693 -29.631 -5
4 16 0 -30 10 0 -35 10 0 -35 -5 0 -30 -5
4 16 0 -30 -20 0 -35 -20 0 -35 -5 0 -30 -5
4 16 -4.693 -29.631 -5 -5.475 -34.569 -5 -5.475 -34.569 10 -4.693 -29.631 10
4 16 -4.693 -29.631 -5 -5.475 -34.569 -5 -5.475 -34.569 -20 -4.693 -29.631 -20
2 24 -6.18 -19.021 10 -9.08 -17.82 10
2 24 -9.08 -17.82 10 -11.756 -16.18 10
2 24 -6.18 -19.021 -10 -9.08 -17.82 -10
2 24 -9.08 -17.82 -10 -11.756 -16.18 -10
2 24 -7.725 -23.776 -20 -11.35 -22.275 -20
2 24 -11.35 -22.275 -20 -14.695 -20.225 -20
2 24 -9.27 -28.532 -20 -13.62 -26.73 -20
2 24 -15.89 -31.185 -20 -20.573 -28.316 -20
2 24 -10.816 -33.287 10 -15.89 -31.185 10
2 24 -13.62 -26.73 10 -17.634 -24.27 10
2 24 -9.27 -28.532 -5 -13.62 -26.73 -5
2 24 -13.62 -26.73 -5 -17.634 -24.27 -5
2 24 -10.816 -33.287 -5 -15.89 -31.185 -5
2 24 -15.89 -31.185 -5 -20.573 -28.316 -5
2 24 -9.27 -28.532 -20 -10.816 -33.287 -20
2 24 -13.62 -26.73 -20 -15.89 -31.185 -20
2 24 -9.27 -28.532 10 -10.816 -33.287 10
2 24 -13.62 -26.73 10 -15.89 -31.185 10
2 24 -9.27 -28.532 -5 -10.816 -33.287 -5
2 24 -13.62 -26.73 -5 -15.89 -31.185 -5
2 24 -9.27 -28.532 10 -9.27 -28.532 -20
2 24 -13.62 -26.73 10 -13.62 -26.73 -20
2 24 -10.816 -33.287 10 -10.816 -33.287 -20
2 24 -15.89 -31.185 10 -15.89 -31.185 -20
4 16 -6.18 -19.021 10 -6.18 -19.021 -10 -9.08 -17.82 -10 -9.08 -17.82 10
4 16 -9.08 -17.82 10 -9.08 -17.82 -10 -11.756 -16.18 -10 -11.756 -16.18 10
4 16 -11.35 -22.275 -20 -9.08 -17.82 -10 -6.18 -19.021 -10 -7.725 -23.776 -20
4 16 -14.695 -20.225 -20 -11.756 -16.18 -10 -9.08 -17.82 -10 -11.35 -22.275 -20
4 16 -7.725 -23.776 -20 -9.27 -28.532 -20 -13.62 -26.73 -20 -11.35 -22.275 -20
4 16 -11.35 -22.275 -20 -15.89 -31.185 -20 -20.573 -28.316 -20 -14.695 -20.225 -20
4 16 -9.08 -17.82 10 -15.89 -31.185 10 -10.816 -33.287 10 -6.18 -19.021 10
4 16 -11.756 -16.18 10 -17.634 -24.27 10 -13.62 -26.73 10 -9.08 -17.82 10
4 16 -10.816 -33.287 -5 -10.816 -33.287 10 -15.89 -31.185 10 -15.89 -31.185 -5
4 16 -20.573 -28.316 -5 -20.573 -28.316 -20 -15.89 -31.185 -20 -15.89 -31.185 -5
4 16 -13.62 -26.73 -5 -13.62 -26.73 -20 -9.27 -28.532 -20 -9.27 -28.532 -5
4 16 -13.62 -26.73 -5 -13.62 -26.73 10 -17.634 -24.27 10 -17.634 -24.27 -5
4 16 -9.27 -28.532 -5 -10.816 -33.287 -5 -15.89 -31.185 -5 -13.62 -26.73 -5
4 16 -17.634 -24.27 -5 -20.573 -28.316 -5 -15.89 -31.185 -5 -13.62 -26.73 -5
4 16 -9.27 -28.532 10 -10.816 -33.287 10 -10.816 -33.287 -5 -9.27 -28.532 -5
4 16 -9.27 -28.532 -20 -10.816 -33.287 -20 -10.816 -33.287 -5 -9.27 -28.532 -5
4 16 -13.62 -26.73 -5 -15.89 -31.185 -5 -15.89 -31.185 10 -13.62 -26.73 10
4 16 -13.62 -26.73 -5 -15.89 -31.185 -5 -15.89 -31.185 -20 -13.62 -26.73 -20
2 24 -11.756 -16.18 10 -14.142 -14.142 10
2 24 -14.142 -14.142 10 -16.18 -11.756 10
2 24 -11.756 -16.18 -10 -14.142 -14.142 -10
2 24 -14.142 -14.142 -10 -16.18 -11.756 -10
2 24 -14.695 -20.225 -20 -17.678 -17.678 -20
2 24 -17.678 -17.678 -20 -20.225 -14.695 -20
2 24 -17.634 -24.27 -20 -21.213 -21.213 -20
2 24 -24.749 -24.749 -20 -28.316 -20.573 -20
2 24 -20.573 -28.316 10 -24.749 -24.749 10
2 24 -21.213 -21.213 10 -24.27 -17.634 10
2 24 -17.634 -24.27 -5 -21.213 -21.213 -5
2 24 -21.213 -21.213 -5 -24.27 -17.634 -5
2 24 -20.573 -28.316 -5 -24.749 -24.749 -5
2 24 -24.749 -24.749 -5 -28.316 -20.573 -5
2 24 -17.634 -24.27 -20 -20.573 -28.316 -20
2 24 -21.213 -21.213 -20 -24.749 -24.749 -20
2 24 -17.634 -24.27 10 -20.573 -28.316 10
2 24 -21.213 -21.213 10 -24.749 -24.749 10
2 24 -17.634 -24.27 -5 -20.573 -28.316 -5
2 24 -21.213 -21.213 -5 -24.749 -24.749 -5
2 24 -17.634 -24.27 10 -17.634 -24.27 -20
2 24 -21.213 -21.213 10 -21.213 -21.213 -20
2 24 -20.573 -28.316 10 -20.573 -28.316 -20
2 24 -24.749 -24.749 10 -24.749 -24.749 -20
4 16 -11.756 -16.18 10 -11.756 -16.18 -10 -14.142 -14.142 -10 -14.142 -14.142 10
4 16 -14.142 -14.142 10 -14.142 -14.142 -10 -16.18 -11.756 -10 -16.18 -11.756 10
4 16 -17.678 -17.678 -20 -14.142 -14.142 -10 -11.756 -16.18 -10 -14.695 -20.225 -20
4 16 -20.225 -14.695 -20 -16.18 -11.756 -10 -14.142 -14.142 -10 -17.678 -17.678 -20
4 16 -14.695 -20.225 -20 -17.634 -24.27 -20 -21.213 -21.213 -20 -17.678 -17.678 -20
4 16 -17.678 -17.678 -20 -24.749 -24.749 -20 -28.316 -20.573 -20 -20.225 -14.695 -20
4 16 -14.142 -14.142 10 -24.749 -24.749 10 -20.573 -28.316 10 -11.756 -16.18 10
4 16 -16.18 -11.756 10 -24.27 -17.634 10 -21.213 -21.213 10 -14.142 -14.142 10
4 16 -20.573 -28.316 -5 -20.573 -28.316 10 -24.749 -24.749 10 -24.749 -24.749 -5
4 16 -28.316 -20.573 -5 -28.316 -20.573 -20 -24.749 -24.749 -20 -24.749 -24.749 -5
4 16 -21.213 -21.213 -5 -21.213 -21.213 -20 -17.634 -24.27 -20 -17.634 -24.27 -5
4 16 -21.213 -21.213 -5 -21.213 -21.213 10 -24.27 -17.634 10 -24.27 -17.634 -5
4 16 -17.634 -24.27 -5 -20.573 -28.316 -5 -24.749 -24.749 -5 -21.213 -21.213 -5
4 16 -24.27 -17.634 -5 -28.316 -20.573 -5 -24.749 -24.749 -5 -21.213 -21.213 -5
4 16 -17.634 -24.27 10 -20.573 -28.316 10 -20.573 -28.316 -5 -17.634 -24.27 -5
4 16 -17.634 -24.27 -20 -20.573 -28.316 -20 -20.573 -28.316 -5 -17.634 -24.27 -5
4 16 -21.213 -21.213 -5 -24.749 -24.749 -5 -24.749 -24.749 10 -21.213 -21.213 10
4 16 -21.213 -21.213 -5 -24.749 -24.749 -5 -24.749 -24.749 -20 -21.213 -21.213 -20
2 24 -16.18 -11.756 10 -17.82 -9.08 10
2 24 -17.82 -9.08 10 -19.021 -6.18 10
2 24 -16.18 -11.756 -10 -17.82 -9.08 -10
2 24 -17.82 -9.08 -10 -19.021 -6.18 -10
2 24 -20.225 -14.695 -20 -22.275 -11.35 -20
2 24 -22.275 -11.35 -20 -23.776 -7.725 -20
2 24 -24.27 -17.634 -20 -26.73 -13.62 -20
2 24 -31.185 -15.89 -20 -33.287 -10.816 -20
2 24 -28.316 -20.573 10 -31.185 -15.89 10
2 24 -26.73 -13.62 10 -28.532 -9.27 10
2 24 -24.27 -17.634 -5 -26.73 -13.62 -5
2 24 -26.73 -13.62 -5 -28.532 -9.27 -5
2 24 -28.316 -20.573 -5 -31.185 -15.89 -5
2 24 -31.185 -15.89 -5 -33.287 -10.816 -5
2 24 -24.27 -17.634 -20 -28.316 -20.573 -20
2 24 -26.73 -13.62 -20 -31.185 -15.89 -20
2 24 -24.27 -17.634 10 -28.316 -20.573 10
2 24 -26.73 -13.62 10 -31.185 -15.89 10
2 24 -24.27 -17.634 -5 -28.316 -20.573 -5
2 24 -26.73 -13.62 -5 -31.185 -15.89 -5
2 24 -24.27 -17.634 10 -24.27 -17.634 -20
2 24 -26.73 -13.62 10 -26.73 -13.62 -20
2 24 -28.316 -20.573 10 -28.316 -20.573 -20
2 24 -31.185 -15.89 10 -31.185 -15.89 -20
4 16 -16.18 -11.756 10 -16.18 -11.756 -10 -17.82 -9.08 -10 -17.82 -9.08 10
4 16 -17.82 -9.08 10 -17.82 -9.08 -10 -19.021 -6.18 -10 -19.021 -6.18 10
4 16 -22.275 -11.35 -20 -17.82 -9.08 -10 -16.18 -11.756 -10 -20.225 -14.695 -20
4 16 -23.776 -7.725 -20 -19.021 -6.18 -10 -17.82 -9.08 -10 -22.275 -11.35 -20
4 16 -20.225 -14.695 -20 -24.27 -17.634 -20 -26.73 -13.62 -20 -22.275 -11.35 -20
4 16 -22.275 -11.35 -20 -31.185 -15.89 -20 -33.287 -10.816 -20 -23.776 -7.725 -20
4 16 -17.82 -9.08 10 -31.185 -15.89 10 -28.316 -20.573 10 -16.18 -11.756 10
4 16 -19.021 -6.18 10 -28.532 -9.27 10 -26.73 -13.62 10 -17.82 -9.08 10
4 16 -28.316 -20.573 -5 -28.316 -20.573 10 -31.185 -15.89 10 -31.185 -15.89 -5
4 16 -33.287 -10.816 -5 -33.287 -10.816 -20 -31.185 -15.89 -20 -31.185 -15.89 -5
4 16 -26.73 -13.62 -5 -26.73 -13.62 -20 -24.27 -17.634 -20 -24.27 -17.634 -5
4 16 -26.73 -13.62 -5 -26.73 -13.62 10 -28.532 -9.27 10 -28.532 -9.27 -5
4 16 -24.27 -17.634 -5 -28.316 -20.573 -5 -31.185 -15.89 -5 -26.73 -13.62 -5
4 16 -28.532 -9.27 -5 -33.287 -10.816 -5 -31.185 -15.89 -5 -26.73 -13.62 -5
4 16 -24.27 -17.634 10 -28.316 -20.573 10 -28.316 -20.573 -5 -24.27 -17.634 -5
4 16 -24.27 -17.634 -20 -28.316 -20.573 -20 -28.316 -20.573 -5 -24.27 -17.634 -5
4 16 -26.73 -13.62 -5 -31.185 -15.89 -5 -31.185 -15.89 10 -26.73 -13.62 10
4 16 -26.73 -13.62 -5 -31.185 -15.89 -5 -31.185 -15.89 -20 -26.73 -13.62 -20
2 24 -19.021 -6.18 10 -19.754 -3.129 10
2 24 -19.754 -3.129 10 -20 0 10
2 24 -19.021 -6.18 -10 -19.754 -3.129 -10
2 24 -19.754 -3.129 -10 -20 0 -10
2 24 -23.776 -7.725 -20 -24.692 -3.911 -20
2 24 -24.692 -3.911 -20 -25 0 -20
2 24 -28.532 -9.27 -20 -29.631 -4.693 -20
2 24 -34.569 -5.475 -20 -35 0 -20
2 24 -33.287 -10.816 10 -34.569 -5.475 10
2 24 -29.631 -4.693 10 -30 0 10
2 24 -28.532 -9.27 -5 -29.631 -4.693 -5
2 24 -29.631 -4.693 -5 -30 0 -5
2 24 -33.287 -10.816 -5 -34.569 -5.475 -5
2 24 -34.569 -5.475 -5 -35 0 -5
2 24 -28.532 -9.27 -20 -33.287 -10.816 -20
2 24 -29.631 -4.693 -20 -34.569 -5.475 -20
2 24 -28.532 -9.27 10 -33.287 -10.816 10
2 24 -29.631 -4.693 10 -34.569 -5.475 10
2 24 -28.532 -9.27 -5 -33.287 -10.816 -5
2 24 -29.631 -4.693 -5 -34.569 -5.475 -5
2 24 -28.532 -9.27 10 -28.532 -9.27 -20
2 24 -29.631 -4.693 10 -29.631 -4.693 -20
2 24 -33.287 -10.816 10 -33.287 -10.816 -20
2 24 -34.569 -5.475 10 -34.569 -5.475 -20
4 16 -19.021 -6.18 10 -19.021 -6.18 -10 -19.754 -3.129 -10 -19.754 -3.129 10
4 16 -19.754 -3.129 10 -19.754 -3.129 -10 -20 0 -10 -20 0 10
4 16 -24.692 -3.911 -20 -19.754 -3.129 -10 -19.021 -6.18 -10 -23.776 -7.725 -20
4 16 -25 0 -20 -20 0 -10 -19.754 -3.129 -10 -24.692 -3.911 -20
4 16 -23.776 -7.725 -20 -28.532 -9.27 -20 -29.631 -4.693 -20 -24.692 -3.911 -20
4 16 -24.692 -3.911 -20 -34.569 -5.475 -20 -35 0 -20 -25 0 -20
4 16 -19.754 -3.129 10 -34.569 -5.475 10 -33.287 -10.816 10 -19.021 -6.18 10
4 16 -20 0 10 -30 0 10 -29.631 -4.693 10 -19.754 -3.129 10
4 16 -33.287 -10.816 -5 -33.287 -10.816 10 -34.569 -5.475 10 -34.569 -5.475 -5
4 16 -35 0 -5 -35 0 -20 -34.569 -5.475 -20 -34.569 -5.475 -5
4 16 -29.631 -4.693 -5 -29.631 -4.693 -20 -28.532 -9.27 -20 -28.532 -9.27 -5
4 16 -29.631 -4.693 -5 -29.631 -4.693 10 -30 0 10 -30 0 -5
4 16 -28.532 -9.27 -5 -33.287 -10.816 -5 -34.569 -5.475 -5 -29.631 -4.693 -5
4 16 -30 0 -5 -35 0 -5 -34.569 -5.475 -5 -29.631 -4.693 -5
4 16 -28.532 -9.27 10 -33.287 -10.816 10 -33.287 -10.816 -5 -28.532 -9.27 -5
4 16 -28.532 -9.27 -20 -33.287 -10.816 -20 -33.287 -10.816 -5 -28.532 -9.27 -5
4 16 -29.631 -4.693 -5 -34.569 -5.475 -5 -34.569 -5.475 10 -29.631 -4.693 10
4 16 -29.631 -4.693 -5 -34.569 -5.475 -5 -34.569 -5.475 -20 -29.631 -4.693 -20
2 24 -20 0 10 -19.754 3.129 10
2 24 -19.754 3.129 10 -19.021 6.18 10
2 24 -20 0 -10 -19.754 3.129 -10
2 24 -19.754 3.129 -10 -19.021 6.18 -10
2 24 -25 0 -20 -24.692 3.911 -20
2 24 -24.692 3.911 -20 -23.776 7.725 -20
2 24 -30 0 -20 -29.631 4.693 -20
2 24 -34.569 5.475 -20 -33.287 10.816 -20
2 24 -35 0 10 -34.569 5.475 10
2 24 -29.631 4.693 10 -28.532 9.27 10
2 24 -30 0 -5 -29.631 4.693 -5
2 24 -29.631 4.693 -5 -28.532 9.27 -5
2 24 -35 0 -5 -34.569 5.475 -5
2 24 -34.569 5.475 -5 -33.287 10.816 -5
2 24 -30 0 -20 -35 0 -20
2 24 -29.631 4.693 -20 -34.569 5.475 -20
2 24 -30 0 10 -35 0 10
2 24 -29.631 4.693 10 -34.569 5.475 10
2 24 -30 0 -5 -35 0 -5
2 24 -29.631 4.693 -5 -34.569 5.475 -5
2 24 -30 0 10 -30 0 -20
2 24 -29.631 4.693 10 -29.631 4.693 -20
2 24 -35 0 10 -35 0 -20
2 24 -34.569 5.475 10 -34.569 5.475 -20
4 16 -20 0 10 -20 0 -10 -19.754 3.129 -10 -19.754 3.129 10
4 16 -19.754 3.129 10 -19.754 3.129 -10 -19.021 6.18 -10 -19.021 6.18 10
4 16 -24.692 3.911 -20 -19.754 3.129 -10 -20 0 -10 -25 0 -20
4 16 -23.776 7.725 -20 -19.021 6.18 -10 -19.754 3.129 -10 -24.692 3.911 -20
4 16 -25 0 -20 -30 0 -20 -29.631 4.693 -20 -24.692 3.911 -20
4 16 -24.692 3.911 -20 -34.569 5.475 -20 -33.287 10.816 -20 -23.776 7.725 -20
4 16 -19.754 3.129 10 -34.569 5.475 10 -35 0 10 -20 0 10
4 16 -19.021 6.18 10 -28.532 9.27 10 -29.631 4.693 10 -19.754 3.129 10
4 16 -35 0 -5 -35 0 10 -34.569 5.475 10 -34.569 5.475 -5
4 16 -33.287 10.816 -5 -33.287 10.816 -20 -34.569 5.475 -20 -34.569 5.475 -5
4 16 -29.631 4.693 -5 -29.631 4.693 -20 -30 0 -20 -30 0 -5
4 16 -29.631 4.693 -5 -29.631 4.693 10 -28.532 9.27 10 -28.532 9.27 -5
4 16 -30 0 -5 -35 0 -5 -34.569 5.475 -5 -29.631 4.693 -5
4 16 -28.532 9.27 -5 -33.287 10.816 -5 -34.569 5.475 -5 -29.631 4.693 -5
4 16 -30 0 10 -35 0 10 -35 0 -5 -30 0 -5
4 16 -30 0 -20 -35 0 -20 -35 0 -5 -30 0 -5
4 16 -29.631 4.693 -5 -34.569 5.475 -5 -34.569 5.475 10 -29.631 4.693 10
4 16 -29.631 4.693 -5 -34.569 5.475 -5 -34.569 5.475 -20 -29.631 4.693 -20
2 24 -19.021 6.18 10 -17.82 9.08 10
2 24 -17.82 9.08 10 -16.18 11.756 10
2 24 -19.021 6.18 -10 -17.82 9.08 -10
2 24 -17.82 9.08 -10 -16.18 11.756 -10
2 24 -23.776 7.725 -20 -22.275 11.35 -20
2 24 -22.275 11.35 -20 -20.225 14.695 -20
2 24 -28.532 9.27 -20 -26.73 13.62 -20
2 24 -31.185 15.89 -20 -28.316 20.573 -20
2 24 -33.287 10.816 10 -31.185 15.89 10
2 24 -26.73 13.62 10 -24.27 17.634 10
2 24 -28.532 9.27 -5 -26.73 13.62 -5
2 24 -26.73 13.62 -5 -24.27 17.634 -5
2 24 -33.287 10.816 -5 -31.185 15.89 -5
2 24 -31.185 15.89 -5 -28.316 20.573 -5
2 24 -28.532 9.27 -20 -33.287 10.816 -20
2 24 -26.73 13.62 -20 -31.185 15.89 -20
2 24 -28.532 9.27 10 -33.287 10.816 10
2 24 -26.73 13.62 10 -31.185 15.89 10
2 24 -28.532 9.27 -5 -33.287 10.816 -5
2 24 -26.73 13.62 -5 -31.185 15.89 -5
2 24 -28.532 9.27 10 -28.532 9.27 -20
2 24 -26.73 13.62 10 -26.73 13.62 -20
2 24 -33.287 10.816 10 -33.287 10.816 -20
2 24 -31.185 15.89 10 -31.185 15.89 -20
4 16 -19.021 6.18 10 -19.021 6.18 -10 -17.82 9.08 -10 -17.82 9.08 10
4 16 -17.82 9.08 10 -17.82 9.08 -10 -16.18 11.756 -10 -16.18 11.756 10
4 16 -22.275 11.35 -20 -17.82 9.08 -10 -19.021 6.18 -10 -23.776 7.725 -20
4 16 -20.225 14.695 -20 -16.18 11.756 -10 -17.82 9.08 -10 -22.275 11.35 -20
4 16 -23.776 7.725 -20 -28.532 9.27 -20 -26.73 13.62 -20 -22.275 11.35 -20
4 16 -22.275 11.35 -20 -31.185 15.89 -20 -28.316 20.573 -20 -20.225 14.695 -20
4 16 -17.82 9.08 10 -31.185 15.89 10 -33.287 10.816 10 -19.021 6.18 10
4 16 -16.18 11.756 10 -24.27 17.634 10 -26.73 13.62 10 -17.82 9.08 10
4 16 -33.287 10.816 -5 -33.287 10.816 10 -31.185 15.89 10 -31.185 15.89 -5
4 16 -28.316 20.573 -5 -28.316 20.573 -20 -31.185 15.89 -20 -31.185 15.89 -5
4 16 -26.73 13.62 -5 -26.73 13.62 -20 -28.532 9.27 -20 -28.532 9.27 -5
4 16 -26.73 13.62 -5 -26.73 13.62 10 -24.27 17.634 10 -24.27 17.634 -5
4 16 -28.532 9.27 -5 -33.287 10.816 -5 -31.185 15.89 -5 -26.73 13.62 -5
4 16 -24.27 17.634 -5 -28.316 20.573 -5 -31.185 15.89 -5 -26.73 13.62 -5
4 16 -28.532 9.27 10 -33.287 10.816 10 -33.287 10.816 -5 -28.532 9.27 -5
4 16 -28.532 9.27 -20 -33.287 10.816 -20 -33.287 10.816 -5 -28.532 9.27 -5
4 16 -26.73 13.62 -5 -31.185 15.89 -5 -31.185 15.89 10 -26.73 13.62 10
4 16 -26.73 13.62 -5 -31.185 15.89 -5 -31.185 15.89 -20 -26.73 13.62 -20
2 24 -16.18 11.756 10 -14.142 14.142 10
2 24 -14.142 14.142 10 -11.756 16.18 10
2 24 -16.18 11.756 -10 -14.142 14.142 -10
2 24 -14.142 14.142 -10 -11.756 16.18 -10
2 24 -20.225 14.695 -20 -17.678 17.678 -20
2 24 -17.678 17.678 -20 -14.695 20.225 -20
2 24 -24.27 17.634 -20 -21.213 21.213 -20
2 24 -24.749 24.749 -20 -20.573 28.316 -20
2 24 -28.316 20.573 10 -24.749 24.749 10
2 24 -21.213 21.213 10 -17.634 24.27 10
2 24 -24.27 17.634 -5 -21.213 21.213 -5
2 24 -21.213 21.213 -5 -17.634 24.27 -5
2 24 -28.316 20.573 -5 -24.749 24.749 -5
2 24 -24.749 24.749 -5 -20.573 28.316 -5
2 24 -24.27 17.634 -20 -28.316 20.573 -20
2 24 -21.213 21.213 -20 -24.749 24.749 -20
2 24 -24.27 17.634 10 -28.316 20.573 10
2 24 -21.213 21.213 10 -24.749 24.749 10
2 24 -24.27 17.634 -5 -28.316 20.573 -5
2 24 -21.213 21.213 -5 -24.749 24.749 -5
2 24 -24.27 17.634 10 -24.27 17.634 -20
2 24 -21.213 21.213 10 -21.213 21.213 -20
2 24 -28.316 20.573 10 -28.316 20.573 -20
2 24 -24.749 24.749 10 -24.749 24.749 -20
4 16 -16.18 11.756 10 -16.18 11.756 -10 -14.142 14.142 -10 -14.142 14.142 10
4 16 -14.142 14.142 10 -14.142 14.142 -10 -11.756 16.18 -10 -11.756 16.18 10
4 16 -17.678 17.678 -20 -14.142 14.142 -10 -16.18 11.756 -10 -20.225 14.695 -20
4 16 -14.695 20.225 -20 -11.756 16.18 -10 -14.142 14.142 -10 -17.678 17.678 -20
4 16 -20.225 14.695 -20 -24.27 17.634 -20 -21.213 21.213 -20 -17.678 17.678 -20
4 16 -17.678 17.678 -20 -24.749 24.749 -20 -20.573 28.316 -20 -14.695 20.225 -20
4 16 -14.142 14.142 10 -24.749 24.749 10 -28.316 20.573 10 -16.18 11.756 10
4 16 -11.756 16.18 10 -17.634 24.27 10 -21.213 21.213 10 -14.142 14.142 10
4 16 -28.316 20.573 -5 -28.316 20.573 10 -24.749 24.749 10 -24.749 24.749 -5
4 16 -20.573 28.316 -5 -20.573 28.316 -20 -24.749 24.749 -20 -24.749 24.749 -5
4 16 -21.213 21.213 -5 -21.213 21.213 -20 -24.27 17.634 -20 -24.27 17.634 -5
4 16 -21.213 21.213 -5 -21.213 21.213 10 -17.634 24.27 10 -17.634 24.27 -5
4 16 -24.27 17.634 -5 -28.316 20.573 -5 -24.749 24.749 -5 -21.213 21.213 -5
4 16 -17.634 24.27 -5 -20.573 28.316 -5 -24.749 24.749 -5 -21.213 21.213 -5
4 16 -24.27 17.634 10 -28.316 20.573 10 -28.316 20.573 -5 -24.27 17.634 -5
4 16 -24.27 17.634 -20 -28.316 20.573 -20 -28.316 20.573 -5 -24.27 17.634 -5
4 16 -21.213 21.213 -5 -24.749 24.749 -5 -24.749 24.749 10 -21.213 21.213 10
4 16 -21.213 21.213 -5 -24.749 24.749 -5 -24.749 24.749 -20 -21.213 21.213 -20
2 24 -11.756 16.18 10 -9.08 17.82 10
2 24 -9.08 17.82 10 -6.18 19.021 10
2 24 -11.756 16.18 -10 -9.08 17.82 -10
2 24 -9.08 17.82 -10 -6.18 19.021 -10
2 24 -14.695 20.225 -20 -11.35 22.275 -20
2 24 -11.35 22.275 -20 -7.725 23.776 -20
2 24 -17.634 24.27 -20 -13.62 26.73 -20
2 24 -15.89 31.185 -20 -10.816 33.287 -20
2 24 -20.573 28.316 10 -15.89 31.185 10
2 24 -13.62 26.73 10 -9.27 28.532 10
2 24 -17.634 24.27 -5 -13.62 26.73 -5
2 24 -13.62 26.73 -5 -9.27 28.532 -5
2 24 -20.573 28.316 -5 -15.89 31.185 -5
2 24 -15.89 31.185 -5 -10.816 33.287 -5
2 24 -17.634 24.27 -20 -20.573 28.316 -20
2 24 -13.62 26.73 -20 -15.89 31.185 -20
2 24 -17.634 24.27 10 -20.573 28.316 10
2 24 -13.62 26.73 10 -15.89 31.185 10
2 24 -17.634 24.27 -5 -20.573 28.316 -5
2 24 -13.62 26.73 -5 -15.89 31.185 -5
2 24 -17.634 24.27 10 -17.634 24.27 -20
2 24 -13.62 26.73 10 -13.62 26.73 -20
2 24 -20.573 28.316 10 -20.573 28.316 -20
2 24 -15.89 31.185 10 -15.89 31.185 -20
4 16 -11.756 16.18 10 -11.756 16.18 -10 -9.08 17.82 -10 -9.08 17.82 10
4 16 -9.08 17.82 10 -9.08 17.82 -10 -6.18 19.021 -10 -6.18 19.021 10
4 16 -11.35 22.275 -20 -9.08 17.82 -10 -11.756 16.18 -10 -14.695 20.225 -20
4 16 -7.725 23.776 -20 -6.18 19.021 -10 -9.08 17.82 -10 -11.35 22.275 -20
4 16 -14.695 20.225 -20 -17.634 24.27 -20 -13.62 26.73 -20 -11.35 22.275 -20
4 16 -11.35 22.275 -20 -15.89 31.185 -20 -10.816 33.287 -20 -7.725 23.776 -20
4 16 -9.08 17.82 10 -15.89 31.185 10 -20.573 28.316 10 -11.756 16.18 10
4 16 -6.18 19.021 10 -9.27 28.532 10 -13.62 26.73 10 -9.08 17.82 10
4 16 -20.573 28.316 -5 -20.573 28.316 10 -15.89 31.185 10 -15.89 31.185 -5
4 16 -10.816 33.287 -5 -10.816 33.287 -20 -15.89 31.185 -20 -15.89 31.185 -5
4 16 -13.62 26.73 -5 -13.62 26.73 -20 -17.634 24.27 -20 -17.634 24.27 -5
4 16 -13.62 26.73 -5 -13.62 26.73 10 -9.27 28.532 10 -9.27 28.532 -5
4 16 -17.634 24.27 -5 -20.573 28.316 -5 -15.89 31.185 -5 -13.62 26.73 -5
4 16 -9.27 28.532 -5 -10.816 33.287 -5 -15.89 31.185 -5 -13.62 26.73 -5
4 16 -17.634 24.27 10 -20.573 28.316 10 -20.573 28.316 -5 -17.634 24.27 -5
4 16 -17.634 24.27 -20 -20.573 28.316 -20 -20.573 28.316 -5 -17.634 24.27 -5
4 16 -13.62 26.73 -5 -15.89 31.185 -5 -15.89 31.185 10 -13.62 26.73 10
4 16 -13.62 26.73 -5 -15.89 31.185 -5 -15.89 31.185 -20 -13.62 26.73 -20
2 24 -6.18 19.021 10 -3.129 19.754 10
2 24 -3.129 19.754 10 0 20 10
2 24 -6.18 19.021 -10 -3.129 19.754 -10
2 24 -3.129 19.754 -10 0 20 -10
2 24 -7.725 23.776 -20 -3.911 24.692 -20
2 24 -3.911 24.692 -20 0 25 -20
2 24 -9.27 28.532 -20 -4.693 29.631 -20
2 24 -5.475 34.569 -20 0 35 -20
2 24 -10.816 33.287 10 -5.475 34.569 10
2 24 -4.693 29.631 10 0 30 10
2 24 -9.27 28.532 -5 -4.693 29.631 -5
2 24 -4.693 29.631 -5 0 30 -5
2 24 -10.816 33.287 -5 -5.475 34.569 -5
2 24 -5.475 34.569 -5 0 35 -5
2 24 -9.27 28.532 -20 -10.816 33.287 -20
2 24 -4.693 29.631 -20 -5.475 34.569 -20
2 24 -9.27 28.532 10 -10.816 33.287 10
2 24 -4.693 29.631 10 -5.475 34.569 10
2 24 -9.27 28.532 -5 -10.816 33.287 -5
2 24 -4.693 29.631 -5 -5.475 34.569 -5
2 24 -9.27 28.532 10 -9.27 28.532 -20
2 24 -4.693 29.631 10 -4.693 29.631 -20
2 24 -10.816 33.287 10 -10.816 33.287 -20
2 24 -5.475 34.569 10 -5.475 34.569 -20
4 16 -6.18 19.021 10 -6.18 19.021 -10 -3.129 19.754 -10 -3.129 19.754 10
4 16 -3.129 19.754 10 -3.129 19.754 -10 0 20 -10 0 20 10
4 16 -3.911 24.692 -20 -3.129 19.754 -10 -6.18 19.021 -10 -7.725 23.776 -20
4 16 0 25 -20 0 20 -10 -3.129 19.754 -10 -3.911 24.692 -20
4 16 -7.725 23.776 -20 -9.27 28.532 -20 -4.693 29.631 -20 -3.911 24.692 -20
4 16 -3.911 24.692 -20 -5.475 34.569 -20 0 35 -20 0 25 -20
4 16 -3.129 19.754 10 -5.475 34.569 10 -10.816 33.287 10 -6.18 19.021 10
4 16 0 20 10 0 30 10 -4.693 29.631 10 -3.129 19.754 10
4 16 -10.816 33.287 -5 -10.816 33.287 10 -5.475 34.569 10 -5.475 34.569 -5
4 16 0 35 -5 0 35 -20 -5.475 34.569 -20 -5.475 34.569 -5
4 16 -4.693 29.631 -5 -4.693 29.631 -20 -9.27 28.532 -20 -9.27 28.532 -5
4 16 -4.693 29.631 -5 -4.693 29.631 10 0 30 10 0 30 -5
4 16 -9.27 28.532 -5 -10.816 33.287 -5 -5.475 34.569 -5 -4.693 29.631 -5
4 16 0 30 -5 0 35 -5 -5.475 34.569 -5 -4.693 29.631 -5
4 16 -9.27 28.532 10 -10.816 33.287 10 -10.816 33.287 -5 -9.27 28.532 -5
4 16 -9.27 28.532 -20 -10.816 33.287 -20 -10.816 33.287 -5 -9.27 28.532 -5
4 16 -4.693 29.631 -5 -5.475 34.569 -5 -5.475 34.569 10 -4.693 29.631 10
4 16 -4.693 29.631 -5 -5.475 34.569 -5 -5.475 34.569 -20 -4.693 29.631 -20
0
