0 Window  1 x  2 x  2 Plane
0 Name: 2377.dat
0 Author: James Jessiman
0 !LDRAW_ORG Part UPDATE 2009-02
0 !LICENSE Redistributable under CCAL version 2.0 : see CAreadme.txt

0 BFC CERTIFY CW

0 !HISTORY 2000-08-01 {Axel Poque} fixes to resolve L3P error messages
0 !HISTORY 2000-08-01 {Manfred Moolhuysen} fixes to resolve L3P error messages
0 !HISTORY 2000-09-30 [PTadmin] Official Update 2000-02
0 !HISTORY 2003-11-16 [Steffen] BFCed, fixed L3P error messages
0 !HISTORY 2004-04-22 [PTadmin] Official Update 2004-02
0 !HISTORY 2007-05-12 [PTadmin] Header formatted for Contributor Agreement
0 !HISTORY 2008-07-01 [PTadmin] Official Update 2008-01
0 !HISTORY 2008-07-07 [cwdee] Correct studs from stud2 to stud (2007-07-09)
0 !HISTORY 2009-09-03 [PTadmin] Official Update 2009-02

1 16 0 44 0 1 0 0 0 -1 0 0 0 1 stud3.dat
0 BFC INVERTNEXT
1 16 0 48 0 16 0 0 0 -4 0 0 0 6 box5.dat
4 16 -20 48 10 -16 48 6 16 48 6 20 48 10
4 16 -20 48 -10 -16 48 -6 -16 48 6 -20 48 10
4 16 20 48 -10 16 48 -6 -16 48 -6 -20 48 -10
4 16 20 48 10 16 48 6 16 48 -6 20 48 -10
2 24 20 48 10 -20 48 10
2 24 -20 48 10 -20 48 -10
2 24 -20 48 -10 20 48 -10
2 24 20 48 -10 20 48 10
2 24 20 40 10 -20 40 10
2 24 -20 40 10 -20 40 -2
2 24 -20 40 -2 -16 40 -2
2 24 -16 40 -2 -16 40 -6
2 24 -16 40 -6 16 40 -6
2 24 16 40 -6 16 40 -2
2 24 16 40 -2 20 40 -2
2 24 20 40 -2 20 40 10
2 24 20 4 10 -20 4 10
2 24 -20 4 10 -20 4 -2
2 24 -20 4 -2 -16 4 -2
2 24 -16 4 -2 -16 4 -6
2 24 -16 4 -6 -8 4 -6
2 24 8 4 -6 16 4 -6
2 24 16 4 -6 16 4 -2
2 24 16 4 -2 20 4 -2
2 24 20 4 -2 20 4 10
2 24 20 0 10 -20 0 10
2 24 -20 0 10 -20 0 -10
2 24 -20 0 -10 20 0 -10
2 24 20 0 -10 20 0 10
2 24 -8 32 -6 8 32 -6
2 24 -8 32 -10 8 32 -10
2 24 -8 4 -10 8 4 -10
1 16 8 28 -6 4 0 0 0 0 4 0 4 0 1-4edge.dat
1 16 -8 28 -6 -4 0 0 0 0 4 0 4 0 1-4edge.dat
1 16 8 28 -10 4 0 0 0 0 4 0 4 0 1-4edge.dat
1 16 -8 28 -10 -4 0 0 0 0 4 0 4 0 1-4edge.dat
1 16 8 8 -6 4 0 0 0 0 -4 0 4 0 1-4edge.dat
1 16 -8 8 -6 -4 0 0 0 0 -4 0 4 0 1-4edge.dat
1 16 8 8 -10 4 0 0 0 0 -4 0 4 0 1-4edge.dat
1 16 -8 8 -10 -4 0 0 0 0 -4 0 4 0 1-4edge.dat
2 24 12 8 -6 12 28 -6
2 24 -12 8 -6 -12 28 -6
2 24 12 8 -10 12 28 -10
2 24 -12 8 -10 -12 28 -10
2 24 16 4 -2 16 40 -2
2 24 -16 4 -2 -16 40 -2
2 24 16 4 -6 16 40 -6
2 24 -16 4 -6 -16 40 -6
2 24 20 40 10 20 48 10
2 24 -20 40 10 -20 48 10
2 24 20 4 -2 20 40 -2
2 24 -20 4 -2 -20 40 -2
2 24 20 0 10 20 4 10
2 24 -20 0 10 -20 4 10
2 24 20 0 -10 20 48 -10
2 24 -20 0 -10 -20 48 -10
1 16 8 28 -6 4 0 0 0 0 4 0 -4 0 1-4ndis.dat
1 16 -8 28 -6 -4 0 0 0 0 4 0 -4 0 1-4ndis.dat
1 16 8 28 -10 4 0 0 0 0 4 0 4 0 1-4ndis.dat
1 16 -8 28 -10 -4 0 0 0 0 4 0 4 0 1-4ndis.dat
1 16 8 8 -6 4 0 0 0 0 -4 0 -4 0 1-4ndis.dat
1 16 -8 8 -6 -4 0 0 0 0 -4 0 -4 0 1-4ndis.dat
1 16 8 8 -10 4 0 0 0 0 -4 0 4 0 1-4ndis.dat
1 16 -8 8 -10 -4 0 0 0 0 -4 0 4 0 1-4ndis.dat
0 BFC INVERTNEXT
1 16 8 28 -10 4 0 0 0 0 4 0 4 0 1-4cyli.dat
0 BFC INVERTNEXT
1 16 -8 28 -10 -4 0 0 0 0 4 0 4 0 1-4cyli.dat
0 BFC INVERTNEXT
1 16 8 8 -10 4 0 0 0 0 -4 0 4 0 1-4cyli.dat
0 BFC INVERTNEXT
1 16 -8 8 -10 -4 0 0 0 0 -4 0 4 0 1-4cyli.dat
4 16 -8 32 -10 -8 32 -6 8 32 -6 8 32 -10
4 16 -8 4 -6 -8 4 -10 8 4 -10 8 4 -6
4 16 12 8 -6 12 8 -10 12 28 -10 12 28 -6
4 16 -12 28 -6 -12 28 -10 -12 8 -10 -12 8 -6
4 16 20 40 10 20 40 -2 -20 40 -2 -20 40 10
4 16 16 40 -2 16 40 -6 -16 40 -6 -16 40 -2
4 16 20 4 -2 20 4 10 -20 4 10 -20 4 -2
4 16 16 4 -6 16 4 -2 -16 4 -2 -16 4 -6
4 16 20 0 10 20 0 -10 -20 0 -10 -20 0 10
4 16 20 40 -2 20 40 10 20 48 10 20 48 -10
4 16 20 4 -2 20 40 -2 20 48 -10 20 0 -10
4 16 20 4 10 20 4 -2 20 0 -10 20 0 10
4 16 16 40 -6 16 40 -2 16 4 -2 16 4 -6
4 16 -16 40 -2 -16 40 -6 -16 4 -6 -16 4 -2
4 16 -20 48 10 -20 40 10 -20 40 -2 -20 48 -10
4 16 -20 48 -10 -20 40 -2 -20 4 -2 -20 0 -10
4 16 -20 0 -10 -20 4 -2 -20 4 10 -20 0 10
4 16 20 48 10 20 40 10 -20 40 10 -20 48 10
4 16 20 4 10 20 0 10 -20 0 10 -20 4 10
4 16 20 40 -2 20 4 -2 16 4 -2 16 40 -2
4 16 -20 4 -2 -20 40 -2 -16 40 -2 -16 4 -2
4 16 16 4 -6 12 4 -6 12 32 -6 16 40 -6
4 16 -12 32 -6 -12 4 -6 -16 4 -6 -16 40 -6
4 16 16 40 -6 12 32 -6 -12 32 -6 -16 40 -6
4 16 12 32 -10 12 4 -10 20 0 -10 20 48 -10
4 16 -20 0 -10 -12 4 -10 -12 32 -10 -20 48 -10
4 16 -20 48 -10 -12 32 -10 12 32 -10 20 48 -10
4 16 20 0 -10 12 4 -10 -12 4 -10 -20 0 -10
1 16 10 0 0 -1 0 0 0 1 0 0 0 -1 stud.dat
1 16 -10 0 0 -1 0 0 0 1 0 0 0 -1 stud.dat
0
