0 Wing  4 x  9
0 Name: 2413.dat
0 Author: James Jessiman
0 !LDRAW_ORG Part UPDATE 2009-03
0 !LICENSE Redistributable under CCAL version 2.0 : see CAreadme.txt

0 BFC CERTIFY CCW
0 !KEYWORDS plate, plane

0 !HISTORY 2007-05-08 [PTadmin] Header formatted for Contributor Agreement
0 !HISTORY 2008-07-01 [PTadmin] Official Update 2008-01
0 !HISTORY 2008-07-07 [LordAdmiral] BFC'ed, used more primitives (2005-12-19)
0 !HISTORY 2008-07-08 [WilliamH] Added missing studs (2006-05-08)
0 !HISTORY 2009-12-29 [PTadmin] Official Update 2009-03

1 16 20 4 70 1 0 0 0 -1 0 0 0 1 stud4.dat
1 16 0 4 70 1 0 0 0 -1 0 0 0 1 stud4.dat
1 16 -20 4 70 1 0 0 0 -1 0 0 0 1 stud4.dat
1 16 20 4 50 1 0 0 0 -1 0 0 0 1 stud4.dat
1 16 0 4 50 1 0 0 0 -1 0 0 0 1 stud4.dat
1 16 -20 4 50 1 0 0 0 -1 0 0 0 1 stud4.dat
1 16 20 4 30 1 0 0 0 -1 0 0 0 1 stud4.dat
1 16 0 4 30 1 0 0 0 -1 0 0 0 1 stud4.dat
1 16 -20 4 30 1 0 0 0 -1 0 0 0 1 stud4.dat
1 16 0 4 10 1 0 0 0 -1 0 0 0 1 stud4.dat
1 16 0 4 -10 1 0 0 0 -1 0 0 0 1 stud4.dat
1 16 0 4 -30 1 0 0 0 -1 0 0 0 1 stud4.dat
1 16 0 4 -50 1 0 0 0 -1 0 0 0 1 stud4.dat
1 16 0 4 -70 1 0 0 0 -1 0 0 0 1 stud4.dat
1 16 -32 8 18 -4 0 0 0 1 0 0 0 -4 1-4edge.dat
2 24 -16 8 -86 16 8 -86
1 16 32 8 18 4 0 0 0 1 0 0 0 -4 1-4edge.dat
1 16 31.67 8 6 4 0 0.33 0 1 0 0 0 4 1-4edge.dat
2 24 20 8 -86 28 8 -86
2 24 28 8 -86 35.67 8 6
1 16 -31.67 8 6 -4 0 -0.33 0 1 0 0 0 4 1-4edge.dat
2 24 -20 8 -86 -28 8 -86
2 24 -28 8 -86 -35.67 8 6
2 24 -40 8 30 -30.33 8 -86
1 16 -26.33 8 -86 -4 0 0.33 0 1 0 0 0 -4 1-4edge.dat
2 24 -26 8 -90 26 8 -90
1 16 26.33 8 -86 4 0 -0.33 0 1 0 0 0 -4 1-4edge.dat
2 24 30.33 8 -86 40 8 30
1 16 -32 4 18 -4 0 0 0 1 0 0 0 -4 1-4edge.dat
2 24 -16 4 -86 16 4 -86
1 16 32 4 18 4 0 0 0 1 0 0 0 -4 1-4edge.dat
1 16 31.67 4 6 4 0 0.33 0 10 0 0 0 4 1-4edge.dat
2 24 20 4 -86 28 4 -86
2 24 28 4 -86 35.67 4 6
1 16 -31.67 4 6 -4 0 -0.33 0 1 0 0 0 4 1-4edge.dat
2 24 -20 4 -86 -28 4 -86
2 24 -28 4 -86 -35.67 4 6
2 24 -16 4 -86 -16 8 -86
2 24 16 4 -86 16 8 -86
2 24 20 4 10 20 8 10
2 24 20 4 -86 20 8 -86
2 24 28 4 -86 28 8 -86
2 24 -20 4 10 -20 8 10
2 24 -20 4 -86 -20 8 -86
2 24 -28 4 -86 -28 8 -86
2 24 -40 0 30 -30.33 0 -86
1 16 -26.33 0 -86 -4 0 0.33 0 1 0 0 0 -4 1-4edge.dat
2 24 -26 0 -90 26 0 -90
1 16 26.33 0 -86 4 0 -0.33 0 1 0 0 0 -4 1-4edge.dat
2 24 30.33 0 -86 40 0 30
1 16 -32 8 18 -4 0 0 0 -1 0 0 0 -4 1-4ndis.dat
1 16 32 8 18 4 0 0 0 -1 0 0 0 -4 1-4ndis.dat
1 16 31.67 8 6 4 0 0.33 0 -1 0 0 0 4 1-4ndis.dat
1 16 -31.67 8 6 -4 0 -0.33 0 -1 0 0 0 4 1-4ndis.dat
1 16 -26.33 8 -86 -4 0 0.33 0 -1 0 0 0 -4 1-4disc.dat
1 16 26.33 8 -86 4 0 -0.33 0 -1 0 0 0 -4 1-4disc.dat
4 16 40 8 90 36 8 86 -36 8 86 -40 8 90
4 16 40 8 30 36 8 10 36 8 86 40 8 90
4 16 -40 8 90 -36 8 86 -36 8 10 -40 8 30
4 16 30.33 8 -86 28 8 -86 36 8 10 40 8 30
4 16 -40 8 30 -36 8 10 -28 8 -86 -30.33 8 -86
4 16 26.33 8 -86 26 8 -90 -26 8 -90 -26.33 8 -86
4 16 -36 8 14 -32 8 14 -32 8 10 -36 8 10
4 16 36 8 10 32 8 10 32 8 14 36 8 14
1 16 -26 4 12 6 0 0 0 4 0 0 0 2 box3u8p.dat
1 16 26 4 12 6 0 0 0 4 0 0 0 2 box3u8p.dat
4 16 -20 8 10 -17.0607 8 12.9393 -16 8 11.8787 -16 8 10
4 16 -20 8 14 -18.1213 8 14 -17.0607 8 12.9393 -20 8 10
4 16 16 8 10 16 8 11.8787 17.0607 8 12.9393 20 8 10
4 16 20 8 10 17.0607 8 12.9393 18.1213 8 14 20 8 14
1 16 -18 4 -38 0 0 -2 0 4 0 48 0 0 box3u8p.dat
1 16 18 4 -38 0 0 -2 0 4 0 48 0 0 box3u8p.dat
4 16 36 4 86 36 4 14 -36 4 14 -36 4 86
4 16 16 4 -86 -16 4 -86 -16 4 14 16 4 14
4 16 28 4 -86 20 4 -86 20 4 10 36 4 10
4 16 -36 4 10 -20 4 10 -20 4 -86 -28 4 -86
4 16 -40 0 90 -40 0 30 40 0 30 40 0 90
4 16 30.33 0 -86 40 0 30 -40 0 30 -30.33 0 -86
4 16 -26.33 0 -86 -26 0 -90 26 0 -90 26.33 0 -86
1 16 -26.33 0 -86 -4 0 0.33 0 1 0 0 0 -4 1-4disc.dat
1 16 26.33 0 -86 4 0 -0.33 0 1 0 0 0 -4 1-4disc.dat
0 BFC INVERTNEXT
1 16 0 6 18 0 0 36 2 0 0 0 68 0 box3u4a.dat
0 BFC INVERTNEXT
1 16 -32 4 18 -4 0 0 0 4 0 0 0 -4 1-4cyli.dat
1 16 -16 6 10.9393 0 -1 0 0 0 2 -0.93934 0 0 rect2p.dat
1 16 -19.0607 6 14 0.93934 0 0 0 0 2 0 -1 0 rect2p.dat
1 16 -17.061 6 12.939 1.06066 2.82843 0 0 0 1.99264 -1.06066 2.82843 0 box4-2p.dat
1 16 16 6 10.9393 0 1 0 0 0 2 -0.93934 0 0 rect2p.dat
1 16 19.0607 6 14 0.93934 0 0 0 0 2 0 -1 0 rect2p.dat
1 16 17.0607 6 12.9393 1.06066 -2.82843 0 0 0 1.99264 1.06066 2.82843 0 box4-2p.dat
4 16 -16 4 -86 16 4 -86 16 8 -86 -16 8 -86
0 BFC INVERTNEXT
1 16 32 4 18 4 0 0 0 4 0 0 0 -4 1-4cyli.dat
0 BFC INVERTNEXT
1 16 31.67 4 6 4 0 0.33 0 4 0 0 0 4 1-4cyli.dat
4 16 20 4 -86 28 4 -86 28 8 -86 20 8 -86
4 16 28 4 -86 35.67 4 6 35.67 8 6 28 8 -86
0 BFC INVERTNEXT
1 16 -31.67 4 6 -4 0 -0.33 0 4 0 0 0 4 1-4cyli.dat
4 16 -20 8 -86 -28 8 -86 -28 4 -86 -20 4 -86
4 16 -28 8 -86 -35.67 8 6 -35.67 4 6 -28 4 -86
1 16 0 4 30 0 0 40 4 0 0 0 60 0 BOX3U2P.DAT
4 16 -40 8 30 -30.33 8 -86 -30.33 0 -86 -40 0 30
1 16 -26.33 0 -86 -4 0 0.33 0 8 0 0 0 -4 1-4cyli.dat
4 16 -26 8 -90 26 8 -90 26 0 -90 -26 0 -90
1 16 26.33 0 -86 4 0 -0.33 0 8 0 0 0 -4 1-4cyli.dat
4 16 30.33 8 -86 40 8 30 40 0 30 30.33 0 -86
1 16 0 0 50 0 0 -1 0 1 0 1 0 0 stug4.dat
1 16 -10 0 0 0 0 -1 0 1 0 1 0 0 stud.dat
1 16 10 0 0 0 0 -1 0 1 0 1 0 0 stud.dat
1 16 0 0 -30 0 0 -1 0 1 0 1 0 0 STUG2.DAT
1 16 0 0 -70 0 0 -1 0 1 0 1 0 0 STUG2.DAT
0
