0 Propellor  3 Blade  4 Diameter
0 Name: 2421.dat
0 Author: Lutz Uhlmann [El-Lutzo]
0 !LDRAW_ORG Part UPDATE 2010-01
0 !LICENSE Redistributable under CCAL version 2.0 : see CAreadme.txt

0 BFC CERTIFY CW

0 !HISTORY 1997-09-29 [PTadmin] Official Update 1997-15
0 !HISTORY 1997-12-05 [PTadmin] Official Update 1997-17
0 !HISTORY 2001-11-30 [PTadmin] Official Update 2001-02
0 !HISTORY 2007-05-12 [PTadmin] Header formatted for Contributor Agreement
0 !HISTORY 2008-07-01 [PTadmin] Official Update 2008-01
0 !HISTORY 2008-07-07 [nielsk] BFC'd (2006-01-04)
0 !HISTORY 2008-07-08 [technog] added intersect lines (2006-01-10)
0 !HISTORY 2010-04-05 [PTadmin] Official Update 2010-01

0 BFC INVERTNEXT
1 16 0 5 0 4 0 0 0 -10 0 0 0 4 4-4cyli.dat
1 16 0 5 0 4 0 0 0 1 0 0 0 4 4-4edge.dat
1 16 0 -5 0 4 0 0 0 1 0 0 0 4 4-4edge.dat
1 16 0 5 0 4 0 0 0 -1 0 0 0 4 4-4ring1.dat
1 16 0 -5 0 4 0 0 0 1 0 0 0 4 4-4ring1.dat
1 16 0 5 0 8 0 0 0 -10 0 0 0 8 4-4cyli.dat
1 16 0 5 0 8 0 0 0 1 0 0 0 8 4-4edge.dat
1 16 0 -5 0 8 0 0 0 1 0 0 0 8 4-4edge.dat
1 16 0 0 0 -0.94 0.342 0 0.342 0.94 0 0 0 -1 s\2421a.dat
1 16 0 0 0 0.47 -0.171 -0.866 0.342 0.94 0 0.814 -0.296 0.5 s\2421a.dat
1 16 0 0 0 0.47 -0.171 0.866 0.342 0.94 0 -0.814 0.296 0.5 s\2421a.dat
1 16 0 2.24 0 -3.061 0 -7.391 1.7 1 -2.4 7.391 0 -3.061 1-4edge.dat
1 16 0 -2.24 0 7.391 0 3.061 2.4 1 -1.7 -3.061 0 7.391 1-4edge.dat
1 16 0 -2.28 0 -3.061 0 -7.391 1.9 1 -2.22 7.391 0 -3.061 3-16edge.dat
1 16 0 -1.97 0 -5.657 0 5.65641 1.9 1 -2.15 -5.65641 0 -5.657 3-16edge.dat
1 16 0 2.28 0 3.061 0 7.391 -1.9 -1 2.22 7.391 0 -3.061 3-16edge.dat
1 16 0 1.97 0 5.657 0 -5.65641 -1.9 -1 2.15 -5.65641 0 -5.657 3-16edge.dat
2 24 3.061 0.38 7.391 0.9 -0.17 7.82
2 24 2.92 -3.9 7.419 0.9 -0.17 7.82
2 24 -3.061 -0.38 7.391 -0.9 0.17 7.82
2 24 -2.92 3.9 7.419 -0.9 0.17 7.82
2 24 7.391 0.17 -3.061 7.75 3.95 -1.25
2 24 8 3.6 0 7.75 3.95 -1.25
2 24 -7.391 -0.17 -3.061 -7.75 -3.95 -1.25
2 24 -8 -3.6 0 -7.75 -3.95 -1.25
2 24 5.656 0.08 -5.656 6.342 -0.17 -4.645
2 24 5.656 -2.1 -5.656 6.342 -0.17 -4.645
2 24 5.656 -2.1 -5.656 4.978 -3.95 -6.109
2 24 3.061 -3.25 -7.391 4.978 -3.95 -6.109
2 24 -5.656 -0.08 -5.656 -6.342 0.17 -4.645
2 24 -5.656 2.1 -5.656 -6.342 0.17 -4.645
2 24 -5.656 2.1 -5.656 -4.978 3.95 -6.109
2 24 -3.061 3.25 -7.391 -4.978 3.95 -6.109
0
