0 Tile  1 x  4 with 5 Red Stripes Pattern
0 Name: 2431p79.dat
0 Author: John Van Zwieten [jvan]
0 !LDRAW_ORG Part UPDATE 2012-02
0 !LICENSE Redistributable under CCAL version 2.0 : see CAreadme.txt

0 BFC CERTIFY CCW

0 !HISTORY 1999-07-05 [PTadmin] Official Update 1999-05
0 !HISTORY 2002-02-18 [PTadmin] Official Update 2002-01
0 !HISTORY 2003-03-12 [PTadmin] Official Update 2003-01
0 !HISTORY 2007-05-12 [PTadmin] Header formatted for Contributor Agreement
0 !HISTORY 2008-07-01 [PTadmin] Official Update 2008-01
0 !HISTORY 2008-07-07 [nielsk] BFC'd (2006-01-04)
0 !HISTORY 2009-12-29 [PTadmin] Official Update 2009-03
0 !HISTORY 2012-05-21 [TK-949] Removed T-junctions
0 !HISTORY 2012-08-09 [PTadmin] Official Update 2012-02

1 16 0 0 0 1 0 0 0 1 0 0 0 1 s\2431s01.dat

3 16 -40 0 10 -39 0 9 -30.2 0 9
3 16 -40 0 10 -30.2 0 9 -21.82 0 9
3 16 -40 0 10 -21.82 0 9 -12.88 0 9
4 16 -40 0 10 -12.88 0 9 -4.5 0 9 40 0 10
4 4 -30.2 0 9 -39 0 9 -39 0 -9 -30.2 0 -9
4 4 -12.88 0 9 -21.82 0 9 -21.82 0 -9 -12.88 0 -9
4 4 4.5 0 9 -4.5 0 9 -4.5 0 -9 4.5 0 -9
4 4 21.82 0 9 12.88 0 9 12.88 0 -9 21.82 0 -9
4 4 39 0 9 30.2 0 9 30.2 0 -9 39 0 -9
4 16 -21.82 0 9 -30.2 0 9 -30.2 0 -9 -21.82 0 -9
4 16 -4.5 0 9 -12.88 0 9 -12.88 0 -9 -4.5 0 -9
4 16 12.88 0 9 4.5 0 9 4.5 0 -9 12.88 0 -9
4 16 30.2 0 9 21.82 0 9 21.82 0 -9 30.2 0 -9
4 16 39 0 9 39 0 -9 40 0 -10 40 0 10
3 16 39 0 -9 30.2 0 -9 40 0 -10
3 16 30.2 0 -9 21.82 0 -9 40 0 -10
3 16 21.82 0 -9 12.88 0 -9 40 0 -10
4 16 40 0 -10 12.88 0 -9 4.5 0 -9 -40 0 -10
3 16 4.5 0 -9 -4.5 0 -9 -40 0 -10
3 16 -4.5 0 -9 -12.88 0 -9 -40 0 -10
3 16 -12.88 0 -9 -21.82 0 -9 -40 0 -10
3 16 -21.82 0 -9 -30.2 0 -9 -40 0 -10
3 16 -30.2 0 -9 -39 0 -9 -40 0 -10
4 16 -40 0 -10 -39 0 -9 -39 0 9 -40 0 10
3 16 40 0 10 -4.5 0 9 4.5 0 9
3 16 40 0 10 4.5 0 9 12.88 0 9
3 16 40 0 10 12.88 0 9 21.82 0 9
3 16 40 0 10 21.82 0 9 30.2 0 9
3 16 40 0 10 30.2 0 9 39 0 9
