0 Windscreen  3 x  4 x  1 & 1/3
0 Name: 2437.dat
0 Author: James Jessiman
0 !LDRAW_ORG Part UPDATE 2003-03
0 !LICENSE Redistributable under CCAL version 2.0 : see CAreadme.txt

0 BFC CERTIFY CCW

0 !HISTORY 2003-06-08 [jriley] BFC compliant
0 !HISTORY 2003-12-19 [PTadmin] Official Update 2003-03
0 !HISTORY 2007-05-12 [PTadmin] Header formatted for Contributor Agreement
0 !HISTORY 2008-07-01 [PTadmin] Official Update 2008-01

1 16 20 28 -20 1 0 0 0 -1 0 0 0 1 stud3.dat
1 16 0 28 -20 1 0 0 0 -1 0 0 0 1 stud3.dat
1 16 -20 28 -20 1 0 0 0 -1 0 0 0 1 stud3.dat
2 24 36 32 -14 -36 32 -14
2 24 -36 32 -14 -36 32 -20
2 24 -30 32 -26 30 32 -26
2 24 36 32 -20 36 32 -14
1 16 30 32 -20 6 0 0 0 -1 0 0 0 -6 1-4edge.dat
1 16 -30 32 -20 -6 0 0 0 1 0 0 0 -6 1-4edge.dat
2 24 36 28 -14 -36 28 -14
2 24 -36 28 -14 -36 28 -20
2 24 -30 28 -26 30 28 -26
2 24 36 28 -20 36 28 -14
1 16 30 28 -20 6 0 0 0 -1 0 0 0 -6 1-4edge.dat
1 16 -30 28 -20 -6 0 0 0 1 0 0 0 -6 1-4edge.dat
2 24 36 28 -14 36 32 -14
2 24 -36 28 -14 -36 32 -14
2 24 40 32 30 36 32 30
2 24 36 32 30 36 32 -10
2 24 36 32 -10 -36 32 -10
2 24 -36 32 -10 -36 32 30
2 24 -36 32 30 -40 32 30
2 24 -40 32 30 -40 32 -20
2 24 -30 32 -30 30 32 -30
2 24 40 32 -20 40 32 30
2 24 36 24 -10 -36 24 -10
2 24 -36 24 -10 -36 24 -20
2 24 -30 24 -26 30 24 -26
2 24 36 24 -20 36 24 -10
2 24 30 24 -30 -30 24 -30
2 24 36 4 10 30 4 10
2 24 20 4 0 20 4 -9.33
2 24 20 4 -9.33 30 4 -9.33
2 24 36 4 -3.33 36 4 10
2 24 -36 4 10 -30 4 10
2 24 -20 4 0 -20 4 -9.33
2 24 -20 4 -9.33 -30 4 -9.33
2 24 -36 4 -3.33 -36 4 10
2 24 40 0 30 36 0 30
2 24 36 0 30 36 0 10
2 24 36 0 10 30 0 10
2 24 20 0 0 20 0 -6
2 24 20 0 -6 -20 0 -6
2 24 -20 0 -6 -20 0 0
2 24 -30 0 10 -36 0 10
2 24 -36 0 10 -36 0 30
2 24 -36 0 30 -40 0 30
2 24 -40 0 30 -40 0 0
2 24 -30 0 -10 30 0 -10
2 24 40 0 0 40 0 30
2 24 36 24 -10 36 32 -10
2 24 -36 24 -10 -36 32 -10
2 24 20 0 -6 20 4 -9.33
2 24 -20 0 -6 -20 4 -9.33
2 24 36 0 10 36 4 10
2 24 -36 0 10 -36 4 10
2 24 36 0 30 36 32 30
2 24 -36 0 30 -36 32 30
2 24 40 0 30 40 32 30
2 24 -40 0 30 -40 32 30
1 16 30 32 -20 10 0 0 0 -1 0 0 0 -10 1-4edge.dat
1 16 -30 32 -20 -10 0 0 0 1 0 0 0 -10 1-4edge.dat
1 16 30 24 -20 6 0 0 0 -1 0 0 0 -6 1-4edge.dat
1 16 -30 24 -20 -6 0 0 0 1 0 0 0 -6 1-4edge.dat
1 16 30 24 -20 10 0 0 0 -1 0 0 0 -10 1-4edge.dat
1 16 -30 24 -20 -10 0 0 0 1 0 0 0 -10 1-4edge.dat
1 16 30 4 0 -10 0 0 0 -1 0 0 0 10 1-4edge.dat
1 16 -30 4 0 10 0 0 0 1 0 0 0 10 1-4edge.dat
1 16 30 4 -3.33 6 0 0 0 -1 0 0 0 -6 1-4edge.dat
1 16 -30 4 -3.33 -6 0 0 0 1 0 0 0 -6 1-4edge.dat
1 16 30 0 0 -10 0 0 0 -1 0 0 0 10 1-4edge.dat
1 16 -30 0 0 10 0 0 0 1 0 0 0 10 1-4edge.dat
1 16 30 0 0 10 0 0 0 -1 0 0 0 -10 1-4edge.dat
1 16 -30 0 0 -10 0 0 0 1 0 0 0 -10 1-4edge.dat
4 16 36 32 -14 36 28 -14 -36 28 -14 -36 32 -14
4 16 -36 32 -14 -36 28 -14 -36 28 -20 -36 32 -20
4 16 -30 32 -26 -30 28 -26 30 28 -26 30 32 -26
4 16 36 32 -20 36 28 -20 36 28 -14 36 32 -14
0 BFC INVERTNEXT
1 16 30 28 -20 6 0 0 0 4 0 0 0 -6 1-4cyli.dat
0 BFC INVERTNEXT
1 16 -30 28 -20 -6 0 0 0 4 0 0 0 -6 1-4cyli.dat
1 16 30 24 -20 10 0 0 0 8 0 0 0 -10 1-4cyli.dat
1 16 -30 24 -20 -10 0 0 0 8 0 0 0 -10 1-4cyli.dat
3 16 36 32 30 36 32 -10 36 24 -10
3 16 -36 32 30 -36 24 -10 -36 32 -10
4 16 -36 32 -10 -36 24 -10 36 24 -10 36 32 -10
4 16 -30 32 -30 30 32 -30 30 24 -30 -30 24 -30
3 16 40 32 30 40 24 -20 40 32 -20
3 16 -40 32 -20 -40 24 -20 -40 32 30
0 BFC INVERTNEXT
1 16 30 4 -3.33 6 0 0 0 20 0 0 -16.67 -6 1-4cyli.dat
0 BFC INVERTNEXT
1 16 -30 4 -3.33 -6 0 0 0 20 0 0 -16.67 -6 1-4cyli.dat
1 16 30 0 0 10 0 0 0 24 0 0 -20 -10 1-4cyli.dat
1 16 -30 0 0 -10 0 0 0 24 0 0 -20 -10 1-4cyli.dat
4 16 40 32 30 36 32 30 36 0 30 40 0 30
4 16 36 32 30 36 24 -10 36 4 10 36 0 30
4 16 36 24 -10 36 24 -20 36 4 -3.33 36 4 10
4 16 30 24 -26 -30 24 -26 -30 4 -9.33 30 4 -9.33
4 16 -36 24 -20 -36 24 -10 -36 4 10 -36 4 -3.33
4 16 -36 24 -10 -36 32 30 -36 0 30 -36 4 10
4 16 -36 32 30 -40 32 30 -40 0 30 -36 0 30
4 16 -40 32 30 -40 24 -20 -40 0 0 -40 0 30
4 16 -30 24 -30 30 24 -30 30 0 -10 -30 0 -10
4 16 40 24 -20 40 32 30 40 0 30 40 0 0
1 16 30 0 0 -10 0 0 0 4 0 0 0 10 1-4cyli.dat
1 16 -30 0 0 10 0 0 0 4 0 0 0 10 1-4cyli.dat
3 16 36 0 10 36 0 30 36 4 10
4 16 36 4 10 30 4 10 30 0 10 36 0 10
4 16 20 4 0 20 4 -9.33 20 0 -6 20 0 0
3 16 -36 0 30 -36 0 10 -36 4 10
4 16 -36 4 10 -36 0 10 -30 0 10 -30 4 10
4 16 -20 4 0 -20 0 0 -20 0 -6 -20 4 -9.33
4 16 20 0 -6 20 4 -9.33 -20 4 -9.33 -20 0 -6
4 16 40 32 30 40 32 -20 36 32 -20 36 32 30
4 16 -40 32 30 -36 32 30 -36 32 -20 -40 32 -20
4 16 36 32 -10 36 32 -14 -36 32 -14 -36 32 -10
4 16 30 32 -26 30 32 -30 -30 32 -30 -30 32 -26
1 16 30 28 -20 6 0 0 0 -1 0 0 0 -6 1-4disc.dat
1 16 -30 28 -20 -6 0 0 0 -1 0 0 0 -6 1-4disc.dat
4 16 36 28 -14 36 28 -20 -36 28 -20 -36 28 -14
4 16 30 28 -20 30 28 -26 -30 28 -26 -30 28 -20
1 16 30 24 -20 6 0 0 0 1 0 0 0 -6 1-4disc.dat
1 16 -30 24 -20 -6 0 0 0 1 0 0 0 -6 1-4disc.dat
4 16 36 24 -10 -36 24 -10 -36 24 -20 36 24 -20
4 16 30 24 -20 -30 24 -20 -30 24 -26 30 24 -26
1 16 30 4 0 -10 0 0 0 -1 0 0 0 10 1-4disc.dat
1 16 -30 4 0 10 0 0 0 -1 0 0 0 10 1-4disc.dat
1 16 30 4 -3.33 6 0 0 0 -1 0 0 0 -6 1-4disc.dat
1 16 -30 4 -3.33 -6 0 0 0 -1 0 0 0 -6 1-4disc.dat
4 16 36 4 10 36 4 0 30 4 0 30 4 10
4 16 -36 4 10 -30 4 10 -30 4 0 -36 4 0
4 16 36 4 0 36 4 -3.33 20 4 -3.33 20 4 0
4 16 -36 4 0 -20 4 0 -20 4 -3.33 -36 4 -3.33
4 16 30 4 -3.33 30 4 -9.33 20 4 -9.33 20 4 -3.33
4 16 -30 4 -3.33 -20 4 -3.33 -20 4 -9.33 -30 4 -9.33
1 16 30 0 0 -10 0 0 0 1 0 0 0 10 1-4disc.dat
1 16 -30 0 0 10 0 0 0 1 0 0 0 10 1-4disc.dat
1 16 30 0 0 10 0 0 0 1 0 0 0 -10 1-4disc.dat
1 16 -30 0 0 -10 0 0 0 1 0 0 0 -10 1-4disc.dat
4 16 40 0 30 36 0 30 36 0 10 40 0 10
4 16 -40 0 30 -40 0 10 -36 0 10 -36 0 30
4 16 40 0 10 30 0 10 30 0 0 40 0 0
4 16 -40 0 10 -40 0 0 -30 0 0 -30 0 10
4 16 30 0 0 20 0 0 20 0 -6 30 0 -10
4 16 -30 0 0 -30 0 -10 -20 0 -6 -20 0 0
4 16 20 0 -6 -20 0 -6 -30 0 -10 30 0 -10
1 16 -30 32 -20 -2 0 0 0 -1 0 0 0 -2 1-4ring3.dat
1 16 -30 32 -20 -2 0 0 0 -1 0 0 0 -2 1-4ring4.dat
1 16 30 32 -20 2 0 0 0 -1 0 0 0 -2 1-4ring3.dat
1 16 30 32 -20 2 0 0 0 -1 0 0 0 -2 1-4ring4.dat
1 16 30 0 0 1 0 0 0 1 0 0 0 1 stud2.dat
1 16 -30 0 0 1 0 0 0 1 0 0 0 1 stud2.dat
0
