0 Plate  1 x  2 with Handle
0 Name: 2540.dat
0 Author: James Jessiman
0 !LDRAW_ORG Part UPDATE 2003-03
0 !LICENSE Redistributable under CCAL version 2.0 : see CAreadme.txt

0 BFC CERTIFY CCW

0 !HISTORY 2003-06-08 [jriley] BFC compliant
0 !HISTORY 2003-12-19 [PTadmin] Official Update 2003-03
0 !HISTORY 2007-05-14 [PTadmin] Header formatted for Contributor Agreement
0 !HISTORY 2008-07-01 [PTadmin] Official Update 2008-01

1 16 0 4 0 1 0 0 0 -1 0 0 0 1 stud3.dat
0 BFC INVERTNEXT
1 16 0 8 0 16 0 0 0 -4 0 0 0 6 box5.dat
4 16 20 8 10 16 8 6 -16 8 6 -20 8 10
4 16 -20 8 10 -16 8 6 -16 8 -6 -20 8 -10
4 16 -20 8 -10 -16 8 -6 16 8 -6 20 8 -10
4 16 20 8 -10 16 8 -6 16 8 6 20 8 10
2 24 20 8 10 20 8 -10
2 24 20 8 -10 12 8 -10
2 24 6 8 -10 -6 8 -10
2 24 -12 8 -10 -20 8 -10
2 24 -20 8 -10 -20 8 10
2 24 -20 8 10 20 8 10
2 24 20 0 10 20 0 -10
2 24 20 0 -10 12 0 -10
2 24 6 0 -10 -6 0 -10
2 24 -12 0 -10 -20 0 -10
2 24 -20 0 -10 -20 0 10
2 24 -20 0 10 20 0 10
2 24 20 0 10 20 8 10
2 24 -20 0 10 -20 8 10
2 24 20 0 -10 20 8 -10
2 24 -20 0 -10 -20 8 -10
2 24 12 0 -10 12 8 -10
2 24 -12 0 -10 -12 8 -10
2 24 6 0 -10 6 8 -10
2 24 -6 0 -10 -6 8 -10
2 24 12 0 -14.39 6 0 -14.39
2 24 -12 0 -14.39 -6 0 -14.39
2 24 12 8 -10 12 8 -20
1 16 12 2 -20 0 1 0 6 0 0 0 0 -6 2-4edge.dat
1 16 12 2 -20 0 1 0 -6 0 0 0 0 6 1-8edge.dat
2 24 12 -2.24 -15.76 12 0 -14.39
2 24 12 0 -14.39 12 0 -10
2 24 6 8 -10 6 8 -20
1 16 6 2 -20 0 1 0 6 0 0 0 0 -6 2-4edge.dat
1 16 6 2 -20 0 1 0 -6 0 0 0 0 6 1-8edge.dat
2 24 6 -2.24 -15.76 6 0 -14.39
2 24 6 0 -14.39 6 0 -10
2 24 -6 8 -10 -6 8 -20
1 16 -6 2 -20 0 1 0 6 0 0 0 0 -6 2-4edge.dat
1 16 -6 2 -20 0 1 0 -6 0 0 0 0 6 1-8edge.dat
2 24 -6 -2.24 -15.76 -6 0 -14.39
2 24 -6 0 -14.39 -6 0 -10
2 24 -12 8 -10 -12 8 -20
1 16 -12 2 -20 0 1 0 6 0 0 0 0 -6 2-4edge.dat
1 16 -12 2 -20 0 1 0 -6 0 0 0 0 6 1-8edge.dat
2 24 -12 -2.24 -15.76 -12 0 -14.39
2 24 -12 0 -14.39 -12 0 -10
1 16 20 2 -20 0 1 0 4 0 0 0 0 4 4-4edge.dat
1 16 12 2 -20 0 1 0 4 0 0 0 0 4 4-4edge.dat
1 16 6 2 -20 0 1 0 4 0 0 0 0 4 4-4edge.dat
1 16 -6 2 -20 0 1 0 4 0 0 0 0 4 4-4edge.dat
1 16 -12 2 -20 0 1 0 4 0 0 0 0 4 4-4edge.dat
1 16 -20 2 -20 0 1 0 4 0 0 0 0 4 4-4edge.dat
4 16 -20 8 10 -20 0 10 20 0 10 20 8 10
4 16 20 8 10 20 0 10 20 0 -10 20 8 -10
4 16 -20 8 -10 -20 0 -10 -20 0 10 -20 8 10
4 16 20 8 -10 20 0 -10 12 0 -10 12 8 -10
4 16 -12 8 -10 -12 0 -10 -20 0 -10 -20 8 -10
4 16 6 8 -10 6 0 -10 -6 0 -10 -6 8 -10
4 16 20 0 -10 20 0 10 -20 0 10 -20 0 -10
1 16 20 2 -20 0 -1 0 4 0 0 0 0 -4 4-4disc.dat
1 16 -20 2 -20 0 1 0 4 0 0 0 0 4 4-4disc.dat
1 16 12 2 -20 0 -1 0 2 0 0 0 0 -2 ring2.dat
1 16 6 2 -20 0 1 0 2 0 0 0 0 2 ring2.dat
1 16 -6 2 -20 0 -1 0 2 0 0 0 0 -2 ring2.dat
1 16 -12 2 -20 0 1 0 2 0 0 0 0 2 ring2.dat
4 16 12 8 -10 12 0 -10 12 0 -20 12 8 -20
4 16 6 8 -20 6 0 -20 6 0 -10 6 8 -10
4 16 -6 8 -10 -6 0 -10 -6 0 -20 -6 8 -20
4 16 -12 8 -20 -12 0 -20 -12 0 -10 -12 8 -10
4 16 12 8 -10 12 8 -20 6 8 -20 6 8 -10
1 16 12 2 -20 0 -6 0 6 0 0 0 0 -6 2-4cyli.dat
1 16 12 2 -20 0 -6 0 -6 0 0 0 0 6 1-8cyli.dat
4 16 12 -2.24 -15.76 12 0 -14.39 6 0 -14.39 6 -2.24 -15.76
4 16 12 0 -14.39 12 0 -10 6 0 -10 6 0 -14.39
4 16 -12 8 -20 -12 8 -10 -6 8 -10 -6 8 -20
1 16 -12 2 -20 0 6 0 6 0 0 0 0 -6 2-4cyli.dat
1 16 -12 2 -20 0 6 0 -6 0 0 0 0 6 1-8cyli.dat
4 16 -12 -2.24 -15.76 -6 -2.24 -15.76 -6 0 -14.39 -12 0 -14.39
4 16 -12 0 -10 -12 0 -14.39 -6 0 -14.39 -6 0 -10
1 16 20 2 -20 0 -40 0 4 0 0 0 0 4 4-4cyli.dat
1 16 10 0 0 0 0 -1 0 1 0 1 0 0 stud.dat
1 16 -10 0 0 0 0 -1 0 1 0 1 0 0 stud.dat
0
