0 Boat Base  6 x  6
0 Name: 2626.dat
0 Author: Jaco van der Molen [Jaco]
0 !LDRAW_ORG Part UPDATE 2010-03
0 !LICENSE Redistributable under CCAL version 2.0 : see CAreadme.txt

0 BFC CERTIFY CCW

0 !HISTORY 1997-10-29 [PTadmin] Official Update 1997-16
0 !HISTORY 1998-05-21 [PTadmin] Official Update 1998-05
0 !HISTORY 2007-05-17 [PTadmin] Header formatted for Contributor Agreement
0 !HISTORY 2008-07-01 [PTadmin] Official Update 2008-01
0 !HISTORY 2009-04-03 [tchang] Add BFC, build inner part, rebuild open stud
0 !HISTORY 2010-12-31 [PTadmin] Official Update 2010-03

0 // BOTTOM

3 16 40 24 0 40 24 60 60 24 60
3 16 40 24 0 20 24 -40 20 24 0
3 16 -20 24 -40 -40 24 0 -20 24 0
3 16 -40 24 60 -40 24 0 -60 24 60
0 // BOXES AND FACES
1 16 0 4 -20 1 0 0 0 -5 0 0 0 1 stud4.dat
0 BFC INVERTNEXT
1 16 0 24 -20 16 0 0 0 -20 0 0 0 16 box5.dat
4 16 20 24 0 16 24 -4 -16 24 -4 -20 24 0
4 16 -20 24 0 -16 24 -4 -16 24 -36 -20 24 -40
4 16 -20 24 -40 -16 24 -36 16 24 -36 20 24 -40
4 16 20 24 -40 16 24 -36 16 24 -4 20 24 0
1 16 30 4 20 1 0 0 0 -5 0 0 0 1 stud3.dat
1 16 30 4 40 1 0 0 0 -5 0 0 0 1 stud3.dat
0 BFC INVERTNEXT
1 16 30 24 30 0 0 6 0 -20 0 -26 0 0 box5.dat
4 16 40 24 0 36 24 4 36 24 56 40 24 60
4 16 40 24 60 36 24 56 24 24 56 20 24 60
4 16 20 24 60 24 24 56 24 24 4 20 24 0
4 16 20 24 0 24 24 4 36 24 4 40 24 0
1 16 -30 4 20 1 0 0 0 -5 0 0 0 1 stud3.dat
1 16 -30 4 40 1 0 0 0 -5 0 0 0 1 stud3.dat
0 BFC INVERTNEXT
1 16 -30 24 30 0 0 6 0 -20 0 -26 0 0 box5.dat
4 16 -20 24 0 -24 24 4 -24 24 56 -20 24 60
4 16 -20 24 60 -24 24 56 -36 24 56 -40 24 60
4 16 -40 24 60 -36 24 56 -36 24 4 -40 24 0
4 16 -40 24 0 -36 24 4 -24 24 4 -20 24 0
0 // TOP INSIDE LINES
2 24 18 0 -56 36 0 -20
2 24 36 0 -20 58 0 44
2 24 58 0 44 58 0 56
2 24 -58 0 56 -58 0 44
2 24 -58 0 44 -36 0 -20
2 24 -36 0 -20 -18 0 -56
2 24 -18 0 -56 18 0 -56
0 // VERTICAL INSIDE FACES
1 16 -49 10 56 -9 0 0 0 0 10 0 1 0 rect.dat
1 16 49 10 56 9 0 0 0 0 -10 0 1 0 rect.dat
1 16 0 10 -40 20 0 0 0 0 -10 0 1 0 rect.dat
1 16 -40 10 28 0 1 0 10 0 0 0 0 -28 rect3.dat
1 16 -32 10 0 0 0 8 10 0 0 0 1 0 rect3.dat
1 16 -22 10 -2 0 1 2 10 0 0 0 1 -2 rect3.dat
1 16 -20 10 -22 0 1 0 0 0 -10 -18 0 0 rect2p.dat
1 16 20 10 -22 0 -1 0 10 0 0 0 0 18 rect3.dat
1 16 22 10 -2 0 -1 2 10 0 0 0 1 2 rect3.dat
1 16 32 10 0 0 0 8 10 0 0 0 1 0 rect3.dat
1 16 40 10 28 0 -1 0 0 0 -10 28 0 0 rect2p.dat
0 // INSIDE SLOPE FACES
4 16 58 0 44 58 0 56 58 20 56 58 20 54
3 16 58 0 44 58 20 54 40 20 0
3 16 36 0 -20 58 0 44 40 20 0
4 16 18 0 -56 36 0 -20 40 20 0 20 20 -40
4 16 40 20 56 40 20 0 58 20 54 58 20 56
4 16 40 20 0 24 20 0 20 20 -4 20 20 -40
4 16 -18 0 -56 18 0 -56 20 20 -40 -20 20 -40
4 16 -58 20 56 -58 0 56 -58 0 44 -58 20 54
3 16 -40 20 0 -58 20 54 -58 0 44
3 16 -40 20 0 -58 0 44 -36 0 -20
4 16 -40 20 0 -36 0 -20 -18 0 -56 -20 20 -40
4 16 -58 20 56 -58 20 54 -40 20 0 -40 20 56
4 16 -20 20 -40 -20 20 -4 -24 20 0 -40 20 0
0 // INSIDE SLOPE LINES
2 24 58 20 54 58 20 56
2 24 58 20 54 58 0 44
2 24 40 20 0 36 0 -20
2 24 40 20 0 20 20 -40
2 24 20 20 -40 18 0 -56
2 24 -58 20 54 -58 20 56
2 24 -58 0 44 -58 20 54
2 24 -36 0 -20 -40 20 0
2 24 -20 20 -40 -18 0 -56
2 24 -40 20 0 -58 20 54
2 24 40 20 0 58 20 54
2 24 -20 20 -40 -40 20 0
5 24 40 20 0 58 0 44 58 20 54 36 0 -20
5 24 -58 0 44 -40 20 0 -58 20 54 -36 0 -20
0 // BOTTOM, TOP AND SIDE FACES
3 16 20 0 -4 24 0 0 20 0 0
3 16 -24 0 0 -20 0 -4 -20 0 0
1 16 0 0 -20 0 0 -20 0 1 0 20 0 0 rect1.dat
1 16 -30 0 30 10 0 0 0 1 0 0 0 30 rect1.dat
1 16 30 0 30 -10 0 0 0 1 0 0 0 -30 rect1.dat
1 16 -40 12 60 0 0 -20 12 0 0 0 -1 0 rect.dat
1 16 40 12 60 -20 0 0 0 0 -12 0 -1 0 rect.dat
3 16 -60 0 40 -60 0 60 -60 24 60
3 16 60 24 60 60 0 60 60 0 40
1 16 50 12 20 10 -18 0 0 -5 -12 30 6 -10 rect.dat
1 16 30 12 -30 0 -12 -10 -12 -5 0 -10 6 -20 rect3.dat
1 16 0 12 -50 0 0 -20 -12 -5 0 -10 6 0 rect3.dat
1 16 -30 12 -30 0 12 -10 -12 -5 0 -10 6 20 rect3.dat
1 16 -50 12 20 0 18 -10 -12 -5 0 -10 6 30 rect3.dat
4 16 -20 24 -40 20 24 -40 20 0 -40 -20 0 -40
1 16 0 12 0 20 0 0 0 0 12 0 -1 0 rect3.dat
1 16 -20 12 30 0 -1 0 12 0 0 0 0 30 rect1.dat
1 16 20 12 30 0 1 0 12 0 0 0 0 -30 rect1.dat
0 // SMALL TOP FACES
4 16 -40 0 56 -40 0 60 -60 0 60 -58 0 56
4 16 58 0 56 60 0 60 40 0 60 40 0 56
4 16 60 0 40 60 0 60 58 0 56 58 0 44
4 16 -58 0 44 -58 0 56 -60 0 60 -60 0 40
4 16 -36 0 -20 -58 0 44 -60 0 40 -40 0 -20
4 16 40 0 -20 60 0 40 58 0 44 36 0 -20
4 16 -18 0 -56 -36 0 -20 -40 0 -20 -20 0 -60
4 16 20 0 -60 40 0 -20 36 0 -20 18 0 -56
4 16 20 0 -60 18 0 -56 -18 0 -56 -20 0 -60
0 // TOP OUTSIDE LINES
2 24 -60 0 60 -60 0 40
2 24 60 0 60 60 0 40
0 // CLOSED STUDS
1 16 30 0 50 1 0 0 0 1 0 0 0 1 stud.dat
1 16 30 0 30 1 0 0 0 1 0 0 0 1 stud.dat
1 16 30 0 10 1 0 0 0 1 0 0 0 1 stud.dat
1 16 10 0 -10 1 0 0 0 1 0 0 0 1 stud.dat
1 16 10 0 -30 1 0 0 0 1 0 0 0 1 stud.dat
1 16 -10 0 -10 1 0 0 0 1 0 0 0 1 stud.dat
1 16 -10 0 -30 1 0 0 0 1 0 0 0 1 stud.dat
1 16 -30 0 50 1 0 0 0 1 0 0 0 1 stud.dat
1 16 -30 0 30 1 0 0 0 1 0 0 0 1 stud.dat
1 16 -30 0 10 1 0 0 0 1 0 0 0 1 stud.dat
0 // STUDS ON SLOPE FRONT FACE
0 BFC INVERTNEXT
1 16 10 0 -50 4 0 0 0 2.5 0 0 0 4 4-4cyli.dat
0 BFC INVERTNEXT
1 16 10 2.5 -50 0 0 4 0 5 0 -4 0 0 4-4cyls.dat
1 16 10 7.5 -50 0 0 4 -5 5 0 -4 0 0 4-4edge.dat
1 16 10 0 -50 0 0 6 0 7.5 0 -6 0 0 4-4cyls.dat
1 16 10 7.5 -50 6 0 0 0 1 7.5 0 0 6 4-4edge.dat
1 16 10 0 -50 1 0 0 0 1 0 0 0 1 stud2a.dat
0 //
0 BFC INVERTNEXT
1 16 -10 0 -50 4 0 0 0 2.5 0 0 0 4 4-4cyli.dat
0 BFC INVERTNEXT
1 16 -10 2.5 -50 0 0 4 0 5 0 -4 0 0 4-4cyls.dat
1 16 -10 7.5 -50 0 0 4 -5 5 0 -4 0 0 4-4edge.dat
1 16 -10 0 -50 0 0 6 0 7.5 0 -6 0 0 4-4cyls.dat
1 16 -10 7.5 -50 6 0 0 0 1 7.5 0 0 6 4-4edge.dat
1 16 -10 0 -50 1 0 0 0 1 0 0 0 1 stud2a.dat
0 // OPEN STUDS
0 BFC INVERTNEXT
1 16 -50 0 50 4 0 0 0 20 0 0 0 4 4-4cyli.dat
1 16 -50 20 50 4 0 0 0 20 0 0 0 4 4-4edge.dat
1 16 -50 0 50 6 0 0 0 20 0 0 0 6 4-4cyli.dat
1 16 -50 20 50 6 0 0 0 20 0 0 0 6 4-4edge.dat
1 16 -50 0 50 1 0 0 0 1 0 0 0 1 stud2a.dat
0 //
0 BFC INVERTNEXT
1 16 50 0 50 4 0 0 0 20 0 0 0 4 4-4cyli.dat
1 16 50 20 50 4 0 0 0 20 0 0 0 4 4-4edge.dat
1 16 50 0 50 6 0 0 0 20 0 0 0 6 4-4cyli.dat
1 16 50 20 50 6 0 0 0 20 0 0 0 6 4-4edge.dat
1 16 50 0 50 1 0 0 0 1 0 0 0 1 stud2a.dat
0 //
0 BFC INVERTNEXT
1 16 -30 0 -10 4 0 0 0 20 0 0 0 4 4-4cyli.dat
1 16 -30 20 -10 4 0 0 0 20 0 0 0 4 4-4edge.dat
1 16 -30 0 -10 -2.2961 0 5.54328 0 20 0 -5.54328 0 -2.2961 3-4cyli.dat
1 16 -30 20 -10 -2.2961 0 5.54328 0 20 0 -5.54328 0 -2.2961 3-4edge.dat
1 16 -30 0 -10 1 0 0 0 1 0 0 0 1 stud2a.dat
0 //
2 24 -35.5434 20 -7.7038 -35.7155 20 -8.56908
2 24 -36 16.6667 -10 -35.7155 20 -8.56908
2 24 -35.5434 14.3617 -12.2962 -36 16.6667 -10
2 24 -34.2426 15.4537 -14.2426 -35.5434 14.3617 -12.2962
2 24 -34.2426 15.4537 -14.2426 -32.2962 19.7737 -15.5434
2 24 -32.2962 19.7737 -15.5434 -32.2208 20 -15.5584
5 24 -35.5434 0 -7.7038 -35.5434 20 -7.7038 -36 0 -10 -34.2426 0 -5.7574
5 24 -36 0 -10 -36 16.6667 -10 -35.5434 0 -12.2962 -35.5434 0 -7.7038
5 24 -35.5434 0 -12.2962 -35.5434 14.3617 -12.2962 -34.2426 0 -14.2426 -36 0 -10
5 24 -34.2426 0 -14.2426 -34.2426 15.4537 -14.2426 -32.2962 0 -15.5434 -35.5434 0 -12.2962
5 24 -32.2962 0 -15.5434 -32.2962 19.7737 -15.5434 -30 0 -16 -34.2426 0 -14.2426
0 //
3 16 -35.5434 20 -7.7038 -36 0 -10 -35.5434 0 -7.7038
4 16 -35.7155 20 -8.56908 -36 16.6667 -10 -36 0 -10 -35.5434 20 -7.7038
4 16 -36 16.6667 -10 -35.5434 14.3617 -12.2962 -35.5434 0 -12.2962 -36 0 -10
4 16 -35.5434 14.3617 -12.2962 -34.2426 15.4537 -14.2426 -34.2426 0 -14.2426 -35.5434 0 -12.2962
4 16 -34.2426 15.4537 -14.2426 -32.2962 19.7737 -15.5434 -32.2962 0 -15.5434 -34.2426 0 -14.2426
0 //
0 BFC INVERTNEXT
1 16 30 0 -10 -4 0 0 0 20 0 0 0 4 4-4cyli.dat
1 16 30 20 -10 -4 0 0 0 20 0 0 0 4 4-4edge.dat
1 16 30 0 -10 2.2961 0 -5.54328 0 20 0 -5.54328 0 -2.2961 3-4cyli.dat
1 16 30 20 -10 2.2961 0 -5.54328 0 20 0 -5.54328 0 -2.2961 3-4edge.dat
1 16 30 0 -10 -1 0 0 0 1 0 0 0 1 stud2a.dat
0 //
2 24 35.5434 20 -7.7038 35.7155 20 -8.56908
2 24 36 16.6667 -10 35.7155 20 -8.56908
2 24 35.5434 14.3617 -12.2962 36 16.6667 -10
2 24 34.2426 15.4537 -14.2426 35.5434 14.3617 -12.2962
2 24 34.2426 15.4537 -14.2426 32.2962 19.7737 -15.5434
2 24 32.2962 19.7737 -15.5434 32.2208 20 -15.5584
5 24 35.5434 0 -7.7038 35.5434 20 -7.7038 36 0 -10 34.2426 0 -5.7574
5 24 36 0 -10 36 16.6667 -10 35.5434 0 -12.2962 35.5434 0 -7.7038
5 24 35.5434 0 -12.2962 35.5434 14.3617 -12.2962 34.2426 0 -14.2426 36 0 -10
5 24 34.2426 0 -14.2426 34.2426 15.4537 -14.2426 32.2962 0 -15.5434 35.5434 0 -12.2962
5 24 32.2962 0 -15.5434 32.2962 19.7737 -15.5434 30 0 -16 34.2426 0 -14.2426
0 //
3 16 35.5434 0 -7.7038 36 0 -10 35.5434 20 -7.7038
4 16 35.5434 20 -7.7038 36 0 -10 36 16.6667 -10 35.7155 20 -8.5691
4 16 36 0 -10 35.5434 0 -12.2962 35.5434 14.3617 -12.2962 36 16.6667 -10
4 16 35.5434 0 -12.2962 34.2426 0 -14.2426 34.2426 15.4537 -14.2426 35.5434 14.3617 -12.2962
4 16 34.2426 0 -14.2426 32.2962 0 -15.5434 32.2962 19.7737 -15.5434 34.2426 15.4537 -14.2426
0 //
