0 Technic Brick  1 x  4 x  1.667 Wing Front
0 Name: 2743.dat
0 Author: Luis E. Fernandez [lfernand]
0 !LDRAW_ORG Part UPDATE 2010-02
0 !LICENSE Redistributable under CCAL version 2.0 : see CAreadme.txt

0 BFC CERTIFY CCW

0 !HISTORY 1998-02-12 [PTadmin] Official Update 1998-02
0 !HISTORY 2007-05-18 [PTadmin] Header formatted for Contributor Agreement
0 !HISTORY 2008-07-01 [PTadmin] Official Update 2008-01
0 !HISTORY 2008-07-07 [guyvivan] Made BFC compliant, Delete identical lines and quads, Add mising lines (2004-05-17)
0 !HISTORY 2008-07-08 [guyvivan] Rename Technic Brick... (2004-05-23)
0 !HISTORY 2008-07-09 [guyvivan] Use 1-4cyls2.dat near stud3a (2004-11-07)
0 !HISTORY 2008-07-10 [guyvivan] Fixed bottom of the rib at the front of the wing, And use more primitives (2005-01-20)
0 !HISTORY 2008-07-11 [guyvivan] Use New primitive cylj4x8.dat (2005-11-30)
0 !HISTORY 2010-07-05 [PTadmin] Official Update 2010-02

1 16 -20 18 0 1 0 0 0 -1.5 0 0 0 1 STUD3A.DAT
1 16 -20 18 0 1 0 0 0 1 0 0 0 1 cylj4x8.DAT
1 16 0 10 10 1 0 0 0 0 1 0 -1 0 peghole.dat
1 16 0 10 -10 1 0 0 0 0 1 0 1 0 peghole.dat
1 16 -20 10 10 1 0 0 0 0 1 0 -1 0 peghole.dat
1 16 -20 10 -10 1 0 0 0 0 1 0 1 0 peghole.dat
1 16 0 10 6 8 0 0 0 0 8 0 1 0 2-4edge.DAT
1 16 0 10 -6 8 0 0 0 0 8 0 1 0 2-4edge.DAT
1 16 -20 10 6 8 0 0 0 0 8 0 1 0 2-4edge.DAT
1 16 -20 10 -6 8 0 0 0 0 8 0 1 0 2-4edge.DAT
1 16 -2 24 0 2 0 0 0 -1 0 0 0 2 rect.dat
2 24 0 24 10 -40 24 10
2 24 -40 24 -10 0 24 -10
2 24 0 24 -10 0 24 -6
2 24 0 24 -6 -36 24 -6
2 24 -36 24 6 0 24 6
2 24 0 24 6 0 24 10
1 16 -20 0 0 20 0 0 0 1 0 0 0 10 rect.dat
1 16 -40 12 0 0 1 0 0 0 12 10 0 0 rect3.dat
1 16 40 16 0 0 -1 0 0 0 8 -10 0 0 rect.dat
1 16 0 -4 0 0 1 0 -4 0 0 0 0 10 rect2p.dat
1 16 0 28 0 0 1 0 0 0 4 10 0 0 rect3.dat
1 16 2 32 0 0 0 2 0 -1 0 10 0 0 rect3.dat
1 16 1 -8 0 1 0 0 0 1 0 0 0 10 rect.dat
2 24 8 10 6 8 -1.5 6
2 24 8 -1.5 -6 8 -1.5 6
2 24 8 10 -6 8 -1.5 -6
2 24 -8 10 6 -8 4 6
2 24 -8 10 -6 -8 4 -6
1 16 -10 4 0 2 0 0 0 -1 0 0 0 6 rect.dat
2 24 -12 10 6 -12 4 6
2 24 -12 10 -6 -12 4 -6
2 24 -28 10 6 -28 4 6
2 24 -28 10 -6 -28 4 -6
0 BFC INVERTNEXT
1 16 -32 14 0 0 0 -4 0 -10 0 6 0 0 box2-5.dat
2 24 4 32 6 4 16.76 6
2 24 4 29 2 4 16.77 2
2 24 4 29 -2 4 16.77 -2
2 24 8 29 -2 8 10 -2
2 24 8 29 2 8 10 2
2 24 4 32 -6 4 16.76 -6
2 24 4 16.76 6 4 16.76 2
2 24 4 16.76 -2 4 16.76 -6
2 24 0 24 6 0 18 6
2 24 0 24 2 0 18 2
2 24 0 24 -2 0 18 -2
2 24 0 24 -6 0 18 -6
2 24 0 18 6 0 18 2
2 24 0 18 -2 0 18 -6
2 24 -4 24 2 -4 16.77 2
2 24 -4 24 -2 -4 16.77 -2
2 24 -4 16.77 2 -4 16.77 -2
2 24 -4 16.77 2 -3.06 17.39 2
2 24 -3.06 17.39 2 0 18 2
2 24 -4 16.77 -2 -3.06 17.39 -2
2 24 -3.06 17.39 -2 0 18 -2
1 16 0 10 6 8 0 0 0 0 8 0 -12 0 2-4cyli.DAT
1 16 -20 10 6 8 0 0 0 0 8 0 -12 0 2-4cyli.DAT
4 16 0 18 6 0 24 6 0 24 2 0 18 2
4 16 0 24 -6 0 18 -6 0 18 -2 0 24 -2
4 16 -4 16.77 2 -4 24 2 -4 24 -2 -4 16.77 -2
4 16 0 18 2 0 24 2 -4 24 2 -4 16.77 2
4 16 0 24 -2 0 18 -2 -4 16.77 -2 -4 24 -2
4 16 32 8.79 2 32 25.778 2 32 25.778 -2 32 8.79 -2
2 24 32 8.79 2 32 25.778 2
2 24 32 25.778 2 32 25.778 -2
2 24 32 25.778 2 36 24.889 2
2 24 32 25.778 -2 36 24.889 -2
4 16 32 25.778 2 36 24.889 2 36 24.889 -2 32 25.778 -2
2 24 32 8.79 -2 32 25.778 -2
2 24 36 10.5 -2 36 24.889 -2
2 24 36 10.5 2 36 24.889 2
2 24 36 10.5 2 32 8.79 2
2 24 36 10.5 -2 32 8.79 -2
2 24 32 8.79 2 32 8.79 -2
4 16 36 10.5 2 36 24.889 2 32 25.778 2 32 8.79 2
4 16 36 24.889 -2 36 10.5 -2 32 8.79 -2 32 25.778 -2
4 16 8 10 -2 8 29 -2 8 29 2 8 10 2
4 16 4 16.77 -2 4 29 -2 8 29 -2 8 10 -2
4 16 4 29 2 4 16.77 2 8 10 2 8 29 2
1 16 0 10 6 8 0 0 0 0 8 0 1 0 2-4ndis.dat
1 16 0 10 -6 8 0 0 0 0 8 0 -1 0 2-4ndis.dat
1 16 -20 10 6 8 0 0 0 0 8 0 1 0 2-4ndis.dat
1 16 -20 10 -6 8 0 0 0 0 8 0 -1 0 2-4ndis.dat
0 BFC INVERTNEXT
1 16 0 10 8 6 0 0 0 0 6 0 -16 0 4-4cyli.dat
0 BFC INVERTNEXT
1 16 -20 10 8 6 0 0 0 0 6 0 -16 0 4-4cyli.dat
1 16 0 10 10 8 0 0 0 0 8 0 -1 0 4-4ndis.dat
1 16 0 10 -10 8 0 0 0 0 8 0 1 0 4-4ndis.dat
1 16 -20 10 10 8 0 0 0 0 8 0 -1 0 4-4ndis.dat
1 16 -20 10 -10 8 0 0 0 0 8 0 1 0 4-4ndis.dat
1 16 -10 0 0 1 0 0 0 1 0 0 0 1 stud2.dat
1 16 -30 0 0 1 0 0 0 1 0 0 0 1 stud2.dat
2 24 2 -8 -10 40 8 -10
2 24 40 24 -10 4 32 -10
2 24 21 4.07 -6 36 10.5 -6
2 24 8 -1.5 -6 18 2.79 -6
2 24 36 10.5 -6 36 24.889 -6
2 24 36 24.889 -6 21 28.222 -6
2 24 18 28.889 -6 4 32 -6
2 24 21 4.07 -6 21 28.222 -6
2 24 18 2.79 -6 18 28.889 -6
2 24 2 -8 10 40 8 10
2 24 40 24 10 4 32 10
2 24 21 4.07 6 36 10.5 6
2 24 8 -1.5 6 18 2.79 6
4 16 21 4.07 6 36 10.5 6 36 10.5 -6 21 4.07 -6
4 16 8 -1.5 6 18 2.79 6 18 2.79 -6 8 -1.5 -6
2 24 36 10.5 6 36 24.889 6
2 24 36 24.889 6 21 28.222 6
2 24 18 28.889 6 4 32 6
2 24 21 4.07 6 21 28.222 6
2 24 18 2.79 6 18 28.889 6
2 24 36 24.889 -6 36 24.889 -2
2 24 36 24.889 2 36 24.889 6
2 24 36 10.5 2 36 10.5 6
2 24 36 10.5 -6 36 10.5 -2
2 24 21 4.07 -6 21 4.07 6
2 24 21 28.222 -6 21 28.222 6
2 24 18 2.79 -6 18 2.79 6
2 24 18 28.889 -6 18 28.889 6
4 16 4 32 10 40 24 10 40 24 6 4 32 6
4 16 40 24 -10 4 32 -10 4 32 -6 40 24 -6
4 16 36 24.889 6 40 24 6 40 24 -6 36 24.889 -6
4 16 18 28.889 6 21 28.222 6 21 28.222 -6 18 28.889 -6
4 16 -40 24 10 0 24 10 0 24 6 -36 24 6
4 16 0 24 -10 -40 24 -10 -36 24 -6 0 24 -6
4 16 -40 24 10 -36 24 6 -36 24 -6 -40 24 -10
1 16 6 29 0 2 0 0 0 -1 0 0 0 2 rect.dat
4 16 36 10.5 6 36 24.889 6 36 24.889 2 36 10.5 2
4 16 36 10.5 -2 36 24.889 -2 36 24.889 -6 36 10.5 -6
4 16 21 4.07 -6 21 28.222 -6 21 28.222 6 21 4.07 6
4 16 18 2.79 6 18 28.889 6 18 28.889 -6 18 2.79 -6
4 16 8 -1.5 -6 8 10 -6 8 10 6 8 -1.5 6
4 16 -8 10 -6 -8 4 -6 -8 4 6 -8 10 6
4 16 -12 4 -6 -12 10 -6 -12 10 6 -12 4 6
4 16 -28 10 -6 -28 4 -6 -28 4 6 -28 10 6
4 16 2 -8 -10 40 8 -10 40 8 10 2 -8 10
4 16 4 17 -6 4 32 -6 4 32 6 4 17 6
4 16 8 31.11 6 18 28.89 6 18 2.79 6 8 -1.5 6
4 16 21 28.22 6 36 24.89 6 36 10.5 6 21 4.07 6
4 16 4 32 6 8 31.11 6 8 18 6 4 18 6
4 16 0 24 6 0 18 6 -28 18 6 -36 24 6
4 16 -8 4 6 -12 4 6 -12 18 6 -8 18 6
4 16 -36 24 6 -28 18 6 -28 4 6 -36 4 6
4 16 8 -1.5 -6 18 2.79 -6 18 28.89 -6 8 31.11 -6
4 16 21 4.07 -6 36 10.5 -6 36 24.89 -6 21 28.22 -6
4 16 8 31.11 -6 4 32 -6 4 18 -6 8 18 -6
4 16 0 18 -6 0 24 -6 -36 24 -6 -28 18 -6
4 16 -8 18 -6 -12 18 -6 -12 4 -6 -8 4 -6
4 16 -36 4 -6 -28 4 -6 -28 18 -6 -36 24 -6
4 16 8 -5.47 10 40 8 10 40 24 10 8 31.11 10
4 16 8 31.11 10 4 32 10 0 32 10 0 31.11 10
4 16 8 31.11 10 0 31.11 10 0 24 10 8 18 10
4 16 2 -8 10 2 2 10 0 0 10 0 -8 10
4 16 2 2 10 2 -8 10 8 -5.47 10 8 2 10
4 16 -40 0 10 0 0 10 2 2 10 -28 2 10
4 16 -40 0 10 -28 2 10 -28 18 10 -40 24 10
4 16 -12 2 10 -8 2 10 -8 18 10 -12 18 10
4 16 -28 18 10 8 18 10 0 24 10 -40 24 10
4 16 8 31.11 -10 40 24 -10 40 8 -10 8 -5.47 -10
4 16 4 32 -10 8 31.11 -10 0 31.11 -10 0 32 -10
4 16 0 31.11 -10 8 31.11 -10 8 18 -10 0 24 -10
4 16 0 -8 -10 0 0 -10 2 2 -10 2 -8 -10
4 16 2 -8 -10 2 2 -10 8 2 -10 8 -5.47 -10
4 16 0 0 -10 -40 0 -10 -28 2 -10 2 2 -10
4 16 -40 24 -10 -28 18 -10 -28 2 -10 -40 0 -10
4 16 -12 18 -10 -8 18 -10 -8 2 -10 -12 2 -10
4 16 -40 24 -10 0 24 -10 8 18 -10 -28 18 -10
2 24 8 10 2 7.39 13.06 2
2 24 8 10 -2 7.39 13.06 -2
2 24 7.39 13.06 2 5.66 15.66 2
2 24 7.39 13.06 -2 5.66 15.66 -2
2 24 5.66 15.66 2 4 16.77 2
2 24 5.66 15.66 -2 4 16.77 -2
0
