0 Minifig Cap Aviator Goggles
0 Name: 30170.dat
0 Author: Franklin W. Cain [fwcain]
0 !LDRAW_ORG Part UPDATE 2016-01
0 !LICENSE Redistributable under CCAL version 2.0 : see CAreadme.txt

0 BFC CERTIFY CCW

0 !CATEGORY Minifig Headwear
0 !KEYWORDS lenses, glasses, hat, helmet, skullcap, pilot, barnstormer, adventurers
0 !KEYWORDS star wars, pod race, naboo, fighter, race

0 !HISTORY 2002-04-25 [PTadmin] Official Update 2002-02
0 !HISTORY 2007-06-06 [PTadmin] Header formatted for Contributor Agreement
0 !HISTORY 2008-07-01 [PTadmin] Official Update 2008-01
0 !HISTORY 2012-12-24 [cwdee] Update category
0 !HISTORY 2012-12-28 [PTadmin] Official Update 2012-03
0 !HISTORY 2016-10-17 [Philo] BFCed with Windz, minor improvements
0 !HISTORY 2016-12-31 [PTadmin] Official Update 2016-01

1 16 -15 0 0 0 -2 0 4 0 0 0 0 4 2-4cylc.dat
1 16 15 0 0 0 2 0 4 0 0 0 0 4 2-4cylc.dat
1 16 -17 0 0 0 1 0 4 0 0 0 0 4 2-4disc.dat
1 16 17 0 0 0 -1 0 4 0 0 0 0 4 2-4disc.dat
4 16 -15 -4 0 -15 -4 -6 -15 4 -6 -15 4 0
4 16 15 -4 0 15 4 0 15 4 -6 15 -4 -6
4 16 -17 -4 0 -17 4 0 -17 4 -6 -17 -4 -6
4 16 17 -4 0 17 -4 -6 17 4 -6 17 4 0
1 16 -16 -4 -3 0 0 1 0 1 0 -3 0 0 rect2p.dat
1 16 16 -4 -3 0 0 1 0 1 0 -3 0 0 rect2p.dat
1 16 -16 4 -3 0 0 -1 0 -1 0 -3 0 0 rect2p.dat
1 16 16 4 -3 0 0 -1 0 -1 0 -3 0 0 rect2p.dat
1 16 -15 0 0 0 1 0 1.5 0 0 0 0 1.5 4-8sphe.dat
1 16 15 0 0 0 -1 0 1.5 0 0 0 0 1.5 4-8sphe.dat
1 16 -15 0 0 0 1 0 1.5 0 0 0 0 1.5 4-4edge.dat
1 16 15 0 0 0 1 0 1.5 0 0 0 0 1.5 4-4edge.dat
4 16 -2 -4 -22 -11 -4 -22 -10 -2 -22 -2 -2 -22
4 16 2 -4 -22 2 -2 -22 10 -2 -22 11 -4 -22
4 16 -10 4 -22 -11 6 -22 -3 6 -22 -4 4 -22
4 16 10 4 -22 4 4 -22 3 6 -22 11 6 -22
4 16 0 3 -22 -2 2 -22 -4 4 -22 -3 6 -22
4 16 0 3 -22 3 6 -22 4 4 -22 2 2 -22
2 24 -2 -4 -22 -11 -4 -22
2 24 2 -4 -22 11 -4 -22
2 24 -13 4 -22 -11 6 -22
2 24 13 4 -22 11 6 -22
2 24 -11 6 -22 -3 6 -22
2 24 11 6 -22 3 6 -22
2 24 -2 -2 -22 -10 -2 -22
2 24 2 -2 -22 10 -2 -22
2 24 -10 -2 -22 -11 -1 -22
2 24 10 -2 -22 11 -1 -22
2 24 -11 3 -22 -10 4 -22
2 24 11 3 -22 10 4 -22
2 24 -10 4 -22 -4 4 -22
2 24 10 4 -22 4 4 -22
1 16 -1 -3.5 -20 0 0 -1 0 1 -0.5 2 0 0 rect.dat
1 16 1 -3.5 -20 0 0 1 0 1 -0.5 -2 0 0 rect3.dat
4 16 -2 -4 -22 -2 -4 -18 -6 -4 -18 -11 -4 -22
4 16 2 -4 -22 11 -4 -22 6 -4 -18 2 -4 -18
3 16 -11 -4 -20 -13 -4 -20 -13 -2 -20
3 16 11 -4 -20 13 -2 -20 13 -4 -20
2 24 -11 -4 -20 -13 -4 -20
2 24 11 -4 -20 13 -4 -20
1 16 -1.5 4.5 -20 -1.5 -1 0 1.5 0 0 0 0 2 rect.dat
1 16 1.5 4.5 -20 0 1 1.5 0 0 1.5 2 0 0 rect3.dat
4 16 -3 6 -22 -11 6 -22 -6 6 -18 -3 6 -18
4 16 3 6 -22 3 6 -18 6 6 -18 11 6 -22
3 16 -11 6 -22 -11 6 -15 -6 6 -18
3 16 11 6 -22 6 6 -18 11 6 -15
4 16 -11 6 -22 -13 4 -22 -13 4 -12.333 -11 6 -15
4 16 11 6 -22 11 6 -15 13 4 -12.333 13 4 -22
1 16 -12 -3 -21 0 1 -1 0 0 1 1 0 0 rect.dat
1 16 12 -3 -21 1 -1 0 1 0 0 0 0 1 rect.dat
1 16 -13 1 -21 0 1 0 0 0 -3 -1 0 0 rect1.dat
1 16 13 1 -21 0 -1 0 0 0 3 -1 0 0 rect1.dat
2 24 -13 -4 -20 -13 4 -20
2 24 13 -4 -20 13 4 -20
4 16 -13 4 -20 -16 4 -13 -14 4 -11 -13 4 -12.333
4 16 13 4 -20 13 4 -12.333 14 4 -11 16 4 -13
4 16 -16 -4 -13 -14 -4 -11 -15 -4 -6 -17 -4 -6
4 16 16 -4 -13 17 -4 -6 15 -4 -6 14 -4 -11
4 16 -16 4 -13 -17 4 -6 -15 4 -6 -14 4 -11
4 16 16 4 -13 14 4 -11 15 4 -6 17 4 -6
4 16 -16 -4 -13 -17 -4 -6 -17 4 -6 -16 4 -13
4 16 16 -4 -13 16 4 -13 17 4 -6 17 -4 -6
4 16 -14 -4 -11 -14 4 -11 -15 4 -6 -15 -4 -6
4 16 14 -4 -11 15 -4 -6 15 4 -6 14 4 -11
3 16 -11 3 -15 -11 6 -15 -13 4 -12.333
3 16 11 3 -15 13 4 -12.333 11 6 -15
3 16 -11 -4 -15 -10 -2 -15.6 -11 -1 -15
3 16 11 -4 -15 11 -1 -15 10 -2 -15.6
3 16 -11 3 -15 -10 4 -15.6 -11 6 -15
3 16 11 3 -15 11 6 -15 10 4 -15.6
4 16 -6 -4 -18 -6 -2 -18 -10 -2 -15.6 -11 -4 -15
4 16 6 -4 -18 11 -4 -15 10 -2 -15.6 6 -2 -18
4 16 -6 4 -18 -6 6 -18 -11 6 -15 -10 4 -15.6
4 16 6 4 -18 10 4 -15.6 11 6 -15 6 6 -18
4 16 -6 -4 -18 -2 -4 -18 -2 -2 -18 -6 -2 -18
4 16 6 -4 -18 6 -2 -18 2 -2 -18 2 -4 -18
4 16 -6 4 -18 -4 4 -18 -3 6 -18 -6 6 -18
4 16 6 4 -18 6 6 -18 3 6 -18 4 4 -18
4 16 -3 6 -18 -4 4 -18 -2 2 -18 0 3 -18
4 16 3 6 -18 0 3 -18 2 2 -18 4 4 -18
4 16 -2 -4 -18 0 -3 -18 0 3 -18 -2 2 -18
4 16 2 -4 -18 2 2 -18 0 3 -18 0 -3 -18
4 16 -13 -4 -20 -16 -4 -13 -16 4 -13 -13 4 -20
4 16 13 -4 -20 13 4 -20 16 4 -13 16 -4 -13
4 16 -16 -4 -13 -13 -4 -20 -11 -4 -15 -14 -4 -11
4 16 16 -4 -13 14 -4 -11 11 -4 -15 13 -4 -20
2 24 -11 -4 -15 -14 -4 -11
2 24 11 -4 -15 14 -4 -11
2 24 -13 -4 -20 -16 -4 -13
2 24 13 -4 -20 16 -4 -13
2 24 -13 4 -20 -16 4 -13
2 24 13 4 -20 16 4 -13
2 24 -16 -4 -13 -17 -4 -6
2 24 16 -4 -13 17 -4 -6
2 24 -16 4 -13 -17 4 -6
2 24 16 4 -13 17 4 -6
2 24 -13 4 -12.333 -14 4 -11
2 24 13 4 -12.333 14 4 -11
2 24 -14 -4 -11 -15 -4 -6
2 24 14 -4 -11 15 -4 -6
2 24 -14 4 -11 -15 4 -6
2 24 14 4 -11 15 4 -6
5 24 -17 -4 -6 -17 4 -6 -16 0 -13 -17 0 0
5 24 17 -4 -6 17 4 -6 16 0 -13 17 0 0
5 24 -16 -4 -13 -16 4 -13 -17 0 -6 -13 0 -20
5 24 16 -4 -13 16 4 -13 17 0 -6 13 0 -20
4 16 -2 -2 -22 -10 -2 -22 -6 -2 -18 -2 -2 -18
4 16 2 -2 -22 2 -2 -18 6 -2 -18 10 -2 -22
3 16 -10 -2 -22 -10 -2 -15.6 -6 -2 -18
3 16 10 -2 -22 6 -2 -18 10 -2 -15.6
4 16 -10 -2 -22 -11 -1 -22 -11 -1 -15 -10 -2 -15.6
4 16 10 -2 -22 10 -2 -15.6 11 -1 -15 11 -1 -22
1 16 -11 1 -18.5 0 -1 0 2 0 0 0 0 3.5 rect.dat
1 16 11 1 -18.5 0 1 0 0 0 2 3.5 0 0 rect.dat
4 16 -11 3 -22 -10 4 -22 -10 4 -15.6 -11 3 -15
4 16 11 3 -22 11 3 -15 10 4 -15.6 10 4 -22
3 16 -10 4 -22 -6 4 -18 -10 4 -15.6
3 16 10 4 -22 10 4 -15.6 6 4 -18
4 16 -10 4 -22 -4 4 -22 -4 4 -18 -6 4 -18
4 16 10 4 -22 6 4 -18 4 4 -18 4 4 -22
1 16 -3 3 -20 1 1 0 -1 0 0 0 0 2 rect.dat
1 16 3 3 -20 0 -1 -1 0 0 -1 2 0 0 rect.dat
1 16 -2 0 -20 0 1 0 0 0 -2 -2 0 0 rect3.dat
1 16 2 0 -20 0 -1 0 0 0 -2 2 0 0 rect3.dat
2 24 -10 -2 -22 -10 -2 -15.6
2 24 10 -2 -22 10 -2 -15.6
2 24 -10 4 -22 -10 4 -15.6
2 24 10 4 -22 10 4 -15.6
2 24 -11 6 -22 -11 6 -15
2 24 11 6 -22 11 6 -15
2 24 -13 4 -22 -13 4 -12.333
2 24 13 4 -22 13 4 -12.333
2 24 -2 -4 -18 -6 -4 -18
2 24 2 -4 -18 6 -4 -18
2 24 -6 -4 -18 -11 -4 -15
2 24 6 -4 -18 11 -4 -15
2 24 -13 4 -12.333 -11 6 -15
2 24 13 4 -12.333 11 6 -15
2 24 -11 6 -15 -6 6 -18
2 24 11 6 -15 6 6 -18
2 24 -6 6 -18 -3 6 -18
2 24 6 6 -18 3 6 -18
2 24 -2 -2 -18 -6 -2 -18
2 24 2 -2 -18 6 -2 -18
2 24 -6 -2 -18 -10 -2 -15.6
2 24 6 -2 -18 10 -2 -15.6
2 24 -10 -2 -15.6 -11 -1 -15
2 24 10 -2 -15.6 11 -1 -15
2 24 -11 3 -15 -10 4 -15.6
2 24 11 3 -15 10 4 -15.6
2 24 -10 4 -15.6 -6 4 -18
2 24 10 4 -15.6 6 4 -18
2 24 -6 4 -18 -4 4 -18
2 24 6 4 -18 4 4 -18
5 24 -15 -4 -6 -15 4 -6 -15 -4 0 -14 -4 -11
5 24 15 4 -6 15 -4 -6 15 -4 0 14 -4 -11
5 24 -6 -4 -18 -6 -2 -18 -10 -2 -15.6 -2 -4 -18
5 24 6 -2 -18 6 -4 -18 11 -4 -15 2 -2 -18
5 24 -6 4 -18 -6 6 -18 -11 6 -15 -4 4 -18
5 24 6 6 -18 6 4 -18 10 4 -15.6 3 6 -18
4 16 -14 -4 -11 -11 -1 -15 -11 3 -15 -14 4 -11
3 16 -13 4 -12.333 -14 4 -11 -11 3 -15
3 16 -14 -4 -11 -11 -4 -15 -11 -1 -15
5 24 -11 -4 -15 -11 -1 -15 -10 -2 -15.6 -14 -4 -11
5 24 -11 6 -15 -11 3 -15 -10 4 -15.6 -13 4 -12.333
5 24 -14 4 -11 -14 -4 -11 -11 -1 -15 -15 -4 -6
3 16 14 4 -11 13 4 -12.333 11 3 -15
3 16 11 -4 -15 14 -4 -11 11 -1 -15
4 16 11 3 -15 11 -1 -15 14 -4 -11 14 4 -11
5 24 14 4 -11 14 -4 -11 15 -4 -6 11 -1 -15
5 24 11 -1 -15 11 -4 -15 10 -2 -15.6 14 -4 -11
5 24 11 6 -15 11 3 -15 10 4 -15.6 13 4 -12.333
4 16 -11 -4 -22 -13 -2 -22 -11 -1 -22 -10 -2 -22
4 16 -11 3 -22 -13 4 -22 -11 6 -22 -10 4 -22
4 16 -11 3 -22 -11 -1 -22 -13 -2 -22 -13 4 -22
4 16 13 -2 -22 11 -4 -22 10 -2 -22 11 -1 -22
4 16 11 3 -22 13 4 -22 13 -2 -22 11 -1 -22
4 16 11 3 -22 10 4 -22 11 6 -22 13 4 -22
4 16 11 -4 -20 13 -4 -20 11 -4 -15 6 -4 -18
4 16 -11 -4 -15 -13 -4 -20 -11 -4 -20 -6 -4 -18
3 16 -11 -4 -20 -11 -4 -22 -6 -4 -18
3 16 6 -4 -18 11 -4 -22 11 -4 -20
3 16 -2 -4 -22 -2 -2 -22 0 -3 -22
3 16 0 -3 -22 2 -2 -22 2 -4 -22
4 16 0 -3 -22 0 3 -22 2 2 -22 2 -2 -22
4 16 -2 2 -22 0 3 -22 0 -3 -22 -2 -2 -22
