0 Minifig Cap Aviator
0 Name: 30171.dat
0 Author: Franklin W. Cain [fwcain]
0 !LDRAW_ORG Part UPDATE 2015-01
0 !LICENSE Redistributable under CCAL version 2.0 : see CAreadme.txt

0 BFC CERTIFY CCW

0 !CATEGORY Minifig Headwear
0 !KEYWORDS hat, helmet, skullcap, pilot, barnstormer, Adventurers, Alpha Team
0 !KEYWORDS Star Wars, Mos Espa, pod race, Naboo fighter

0 !HISTORY 2002-06-11 [PTadmin] Official Update 2002-03
0 !HISTORY 2007-06-06 [PTadmin] Header formatted for Contributor Agreement
0 !HISTORY 2008-07-01 [PTadmin] Official Update 2008-01
0 !HISTORY 2012-05-02 [TK-949] BFCing
0 !HISTORY 2012-05-06 [MagFors] Added more optional lines
0 !HISTORY 2012-12-28 [PTadmin] Official Update 2012-03
0 !HISTORY 2014-11-21 [roland] Auto-corrected with libfix version of LDCad 1.4
0 !HISTORY 2015-01-08 [Philo] Corrected scaled flat primitives
0 !HISTORY 2015-10-11 [PTadmin] Official Update 2015-01

4 16 2 -10 -2 2 -10 2 -2 -10 2 -2 -10 -2
1 16 -2 4 -2 0 4 0 -14 0 0 0 0 -14 1-4cyli.dat
1 16 -2 6 2 0 4 0 -16 0 0 0 0 13.5 1-4cyli.dat
1 16 -2 4 -2 -13 0 0 0 0 -14 0 4 0 1-4cyli.dat
1 16 2 4 -2 13 0 0 0 0 -14 0 4 0 1-4cyli.dat
1 16 -2 4 -2 0 1 0 -1.75 0 0 0 0 -1.75 1-4ring7.dat
1 16 2 4 -2 0 -1 0 -1.75 0 0 0 0 -1.75 1-4ring7.dat
1 16 -2 6 2 0 1 0 -2 0 0 0 0 1.6875 1-4ring7.dat
1 16 2 6 2 0 -1 0 -2 0 0 0 0 1.6875 1-4ring7.dat
1 16 -2 4 -2 -1.625 0 0 0 0 -1.75 0 1 0 1-4ring7.dat
1 16 2 4 -2 1.625 0 0 0 0 -1.75 0 1 0 1-4ring7.dat
1 16 -2 4 2 -1.625 0 0 0 0 -1.75 0 -1 0 1-4ring7.dat
1 16 2 4 2 1.625 0 0 0 0 -1.75 0 -1 0 1-4ring7.dat
1 16 -2 4 -2 0 1 0 -14 0 0 0 0 -14 1-4edge.dat
1 16 2 4 -2 0 1 0 -14 0 0 0 0 -14 1-4edge.dat
1 16 -2 4 -2 0 1 0 -13.5 0 0 0 0 -13.5 1-4edge.dat
1 16 2 4 -2 0 1 0 -13.5 0 0 0 0 -13.5 1-4edge.dat
1 16 -2 6 2 0 1 0 -16 0 0 0 0 13.5 1-4edge.dat
1 16 2 6 2 0 1 0 -16 0 0 0 0 13.5 1-4edge.dat
1 16 -2 6 2 0 1 0 -15.5 0 0 0 0 13 1-4edge.dat
1 16 2 6 2 0 1 0 -15.5 0 0 0 0 13 1-4edge.dat
1 16 -2 4 -2 -13 0 0 0 0 -14 0 1 0 1-4edge.dat
1 16 2 4 -2 13 0 0 0 0 -14 0 1 0 1-4edge.dat
1 16 -2 4 -2 -12.5 0 0 0 0 -13.5 0 1 0 1-4edge.dat
1 16 2 4 -2 12.5 0 0 0 0 -13.5 0 1 0 1-4edge.dat
1 16 -2 4 2 -13 0 0 0 0 -14 0 1 0 1-4edge.dat
1 16 2 4 2 13 0 0 0 0 -14 0 1 0 1-4edge.dat
1 16 -2 6 2 -12.5 0 0 0 0 -15.5 0 1 0 1-4edge.dat
1 16 2 6 2 12.5 0 0 0 0 -15.5 0 1 0 1-4edge.dat
1 16 -2 4 -2 -12.5 0 0 0 -13.5 0 0 0 -13.5 1-8sphe.dat
1 16 2 4 -2 12.5 0 0 0 -13.5 0 0 0 -13.5 1-8sphe.dat
1 16 -2 6 2 -12.5 0 0 0 -15.5 0 0 0 13 1-8sphe.dat
1 16 2 6 2 12.5 0 0 0 -15.5 0 0 0 13 1-8sphe.dat
1 16 -2 4 -2 -12.5 0 0 0 1 0 0 0 -13.5 1-4edge.dat
1 16 2 4 -2 12.5 0 0 0 1 0 0 0 -13.5 1-4edge.dat
1 16 -2 6 2 -12.5 0 0 0 1 0 0 0 13 1-4edge.dat
1 16 2 6 2 12.5 0 0 0 1 0 0 0 13 1-4edge.dat
2 24 -2 -10 -2 -2 -8.25 -2
2 24 2 -8.25 -2 2 -10 -2
2 24 -2 -10 2 -2 -9.5 2
2 24 2 -10 2 2 -9.5 2
4 16 -15 6 2 -15 4 2 -13.375 4 2 -13.5 6 2
4 16 13.5 6 2 13.375 4 2 15 4 2 15 6 2
2 24 -15 4 2 -15 6 2
2 24 15 4 2 15 6 2
1 16 0 4 -4 -1.875 0 0 0 1 0 0 0 -1.625 1-4ring7.dat
1 16 0 4 -4 1.875 0 0 0 1 0 0 0 -1.625 1-4ring7.dat
4 16 -13.125 4 -4 -13.375 4 -2 -15 4 -2 -15 4 -4
4 16 15 4 -4 15 4 -2 13.375 4 -2 13.125 4 -4
1 16 0 8 -4 15 0 0 0 -4 0 0 0 -13 2-4cyli.dat
1 16 0 8 -4 15 0 0 0 1 0 0 0 -13 2-4edge.dat
1 16 0 4 -4 15 0 0 0 1 0 0 0 -13 2-4edge.dat
2 24 -2 4 -16 -2 4 -15.5
2 24 2 4 -16 2 4 -15.5
2 24 -2 4 -16 2 4 -16
4 16 0 8 -17 -5.7405 8 -16.0107 -4.9751 8 -12.0107 0 8 -13
4 16 0 8 -13 4.9751 8 -12.0107 5.7405 8 -16.0107 0 8 -17
4 16 -5.7405 8 -16.0107 -10.6065 8 -13.1923 -9.1923 8 -9.1923 -4.9751 8 -12.0107
4 16 4.9751 8 -12.0107 9.1923 8 -9.1923 10.6065 8 -13.1923 5.7405 8 -16.0107
4 16 -10.6065 8 -13.1923 -13.8585 8 -8.9751 -12.0107 8 -4.9751 -9.1923 8 -9.1923
4 16 9.1923 8 -9.1923 12.0107 8 -4.9751 13.8585 8 -8.9751 10.6065 8 -13.1923
4 16 -13.8585 8 -8.9751 -15 8 -4 -12.204 8 -4 -12.0107 8 -4.9751
4 16 12.0107 8 -4.9751 12.204 8 -4 15 8 -4 13.8585 8 -8.9751
2 24 0 8 -13 -4.9751 8 -12.0107
2 24 0 8 -13 4.9751 8 -12.0107
2 24 -4.9751 8 -12.0107 -9.1923 8 -9.1923
2 24 4.9751 8 -12.0107 9.1923 8 -9.1923
2 24 -9.1923 8 -9.1923 -12.0107 8 -4.9751
2 24 9.1923 8 -9.1923 12.0107 8 -4.9751
2 24 -12.0107 8 -4.9751 -12.204 8 -4
2 24 12.0107 8 -4.9751 12.204 8 -4
4 16 -2 10 15.5 -2 6 15.5 2 6 15.5 2 10 15.5
2 24 -2 10 15.5 2 10 15.5
4 16 -2 10 15.5 -7.358 10 14.32 -7.358 6 14.32 -2 6 15.5
4 16 2 6 15.5 7.358 6 14.32 7.358 10 14.32 2 10 15.5
4 16 -7.358 10 14.32 -11.899 10 10.96 -11.899 6 10.96 -7.358 6 14.32
4 16 7.358 6 14.32 11.899 6 10.96 11.899 10 10.96 7.358 10 14.32
4 16 -11.899 10 10.96 -15 10 6 -15 6 6 -11.899 6 10.96
4 16 11.899 6 10.96 15 6 6 15 10 6 11.899 10 10.96
5 24 -2 6 15.5 -2 10 15.5 -7.358 6 14.32 2 6 15.5
5 24 2 6 15.5 2 10 15.5 7.358 6 14.32 -2 6 15.5
5 24 -7.358 6 14.32 -7.358 10 14.32 -2 6 15.5 -11.899 6 10.96
5 24 7.358 6 14.32 7.358 10 14.32 2 6 15.5 11.899 6 10.96
5 24 -11.899 6 10.96 -11.899 10 10.96 -7.358 6 14.32 -15 6 6
5 24 11.899 6 10.96 11.899 10 10.96 7.358 6 14.32 15 6 6
4 16 -2 6 15.5 -7.358 6 14.32 -6 6 12 -2 6 13.8125
4 16 2 6 13.8125 6 6 12 7.358 6 14.32 2 6 15.5
4 16 -7.358 6 14.32 -11.899 6 10.96 -10 6 9 -6 6 12
4 16 6 6 12 10 6 9 11.899 6 10.96 7.358 6 14.32
4 16 -11.899 6 10.96 -15 6 6 -13 6 6 -10 6 9
4 16 10 6 9 13 6 6 15 6 6 11.899 6 10.96
4 16 -15 6 6 -15 6 2 -13.5 6 2 -13 6 6
4 16 13 6 6 13.5 6 2 15 6 2 15 6 6
3 16 0 10 14.4984 -2 10 15.5 2 10 15.5
4 16 0 10 14.4984 -5.5484 10 13.3953 -7.358 10 14.32 -2 10 15.5
4 16 2 10 15.5 7.358 10 14.32 5.5484 10 13.3953 0 10 14.4984
4 16 -5.5484 10 13.3953 -10.252 10 10.252 -11.899 10 10.96 -7.358 10 14.32
4 16 7.358 10 14.32 11.899 10 10.96 10.252 10 10.252 5.5484 10 13.3953
4 16 -10.252 10 10.252 -13 10 6 -15 10 6 -11.899 10 10.96
4 16 11.899 10 10.96 15 10 6 13 10 6 10.252 10 10.252
2 24 -2 10 15.5 -7.358 10 14.32
2 24 2 10 15.5 7.358 10 14.32
2 24 -7.358 10 14.32 -11.899 10 10.96
2 24 7.358 10 14.32 11.899 10 10.96
2 24 -11.899 10 10.96 -15 10 6
2 24 11.899 10 10.96 15 10 6
2 24 -2 6 15.5 -7.358 6 14.32
2 24 2 6 15.5 7.358 6 14.32
2 24 -7.358 6 14.32 -11.899 6 10.96
2 24 7.358 6 14.32 11.899 6 10.96
2 24 -11.899 6 10.96 -15 6 6
2 24 11.899 6 10.96 15 6 6
2 24 -2 6 13.8125 -2 6 15.5
2 24 2 6 15.5 2 6 13.8125
4 16 -15 4 2 -15 6.5 0 -15 6.5 -1.5 -15 4 -2
4 16 -15 4 -4 -15 6.5 -1.5 -15 8 -1.5 -15 8 -4
4 16 -15 6 6 -15 8 1.5 -15 6.5 1.5 -15 6 2
4 16 -15 16 -4 -15 8 -4 -15 8 -1.5 -15 9.5 -1.5
4 16 -15 6.5 1.5 -15 6.5 0 -15 4 2 -15 6 2
3 16 -15 6.5 -1.5 -15 4 -4 -15 4 -2
4 16 -15 6 6 -15 10 6 -15 9.5 1.5 -15 8 1.5
4 16 15 4 -2 15 6.5 -1.5 15 6.5 0 15 4 2
4 16 15 8 -4 15 8 -1.5 15 6.5 -1.5 15 4 -4
4 16 15 6 2 15 6.5 1.5 15 8 1.5 15 6 6
4 16 15 9.5 -1.5 15 8 -1.5 15 8 -4 15 16 -4
4 16 15 6 2 15 4 2 15 6.5 0 15 6.5 1.5
3 16 15 4 -2 15 4 -4 15 6.5 -1.5
4 16 15 8 1.5 15 9.5 1.5 15 10 6 15 6 6
2 24 -15 4 -4 -15 4 -2
2 24 15 4 -4 15 4 -2
2 24 -12.204 8 -4 -15 8 -4
2 24 12.204 8 -4 15 8 -4
2 24 -15 6 6 -15 6 2
2 24 15 6 6 15 6 2
4 16 -15 8 -4 -15 16 -4 -12.204 16 -4 -12.204 8 -4
4 16 12.204 8 -4 12.204 16 -4 15 16 -4 15 8 -4
4 16 -13 20 0 -15 20 0 -14.204 19.5 4 -12.204 19.5 4
4 16 12.204 19.5 4 14.204 19.5 4 15 20 0 13 20 0
4 16 -15 16 -4 -15 9.5 -1.5 -15 9.5 1.5 -15 16 0
4 16 15 16 0 15 9.5 1.5 15 9.5 -1.5 15 16 -4
4 16 13 8 0 13 16 0 12.204 16 -4 12.204 8 -4
4 16 -12.204 8 -4 -12.204 16 -4 -13 16 0 -13 8 0
4 16 12.0107 8 4.9751 12.204 19.5 4 13 16 0 13 8 0
3 16 13 20 0 13 16 0 12.204 19.5 4
4 16 -13 8 0 -13 16 0 -12.204 19.5 4 -12.0107 8 4.9751
3 16 -12.204 19.5 4 -13 16 0 -13 20 0
2 24 -12.204 8 -4 -12.204 16 -4
2 24 12.204 8 -4 12.204 16 -4
2 24 -15 8 -4 -15 16 -4
2 24 15 8 -4 15 16 -4
2 24 -12.204 19.5 4 -13 20 0
2 24 12.204 19.5 4 13 20 0
3 16 -12.0107 8 4.9751 -12.204 19.5 4 -9.191 16 9.191
3 16 -12.0107 8 4.9751 -9.191 16 9.191 -9.1923 8 9.1923
5 24 -12.0107 8 4.9751 -9.191 16 9.191 -12.204 19.5 4 -9.1923 8 9.1923
3 16 9.1923 8 9.1923 9.191 16 9.191 12.0107 8 4.9751
3 16 9.191 16 9.191 12.204 19.5 4 12.0107 8 4.9751
5 24 9.191 16 9.191 12.0107 8 4.9751 9.1923 8 9.1923 12.204 19.5 4
3 16 14.204 19.5 4 12.204 19.5 4 10.252 16 10.252
3 16 -10.252 16 10.252 -12.204 19.5 4 -14.204 19.5 4
3 16 -12.204 19.5 4 -10.252 16 10.252 -9.191 16 9.191
3 16 9.191 16 9.191 10.252 16 10.252 12.204 19.5 4
4 16 15 9.5 1.5 15 16 0 15 14.5 6 15 10 6
4 16 -15 10 6 -15 14.5 6 -15 16 0 -15 9.5 1.5
4 16 -10.252 10 10.252 -10.252 16 10.252 -15 14.5 6 -15 10 6
4 16 15 10 6 15 14.5 6 10.252 16 10.252 10.252 10 10.252
3 16 -14.204 19.5 4 -15 14.5 6 -10.252 16 10.252
3 16 10.252 16 10.252 15 14.5 6 14.204 19.5 4
4 16 -9.191 16 9.191 -10.252 16 10.252 -5.5484 16 13.3953 -4.9742 16 12.009
4 16 4.9742 16 12.009 5.5484 16 13.3953 10.252 16 10.252 9.191 16 9.191
2 24 -12.204 19.5 4 -9.191 16 9.191
2 24 12.204 19.5 4 9.191 16 9.191
2 24 -14.204 19.5 4 -10.252 16 10.252
2 24 14.204 19.5 4 10.252 16 10.252
0 BFC INVERTNEXT
1 16 0 8 0 -9.191 0 9.191 0 8 0 9.191 0 9.191 1-4cyli.dat
1 16 0 10 0 -10.252 0 10.252 0 6 0 10.252 0 10.252 1-4cyli.dat
1 16 0 10 0 -10.252 0 10.252 0 1 0 10.252 0 10.252 1-4edge.dat
2 24 -9.191 16 9.191 -4.9742 16 12.009
2 24 -4.9742 16 12.009 0 17.5 12.9979
2 24 0 17.5 12.9979 4.9742 16 12.009
2 24 4.9742 16 12.009 9.191 16 9.191
2 24 -10.252 16 10.252 -5.5484 16 13.3953
2 24 -5.5484 16 13.3953 0 17.5 14.25
2 24 0 17.5 14.25 5.5484 16 13.3953
2 24 5.5484 16 13.3953 10.252 16 10.252
3 16 -4.9742 16 12.009 0 17.5 12.9979 0 16 12.9979
3 16 0 16 12.9979 0 17.5 12.9979 4.9742 16 12.009
5 24 0 17.5 12.9979 0 16 12.9979 -4.9742 16 12.009 4.9742 16 12.009
3 16 0 16 14.4984 0 17.5 14.25 -5.5484 16 13.3953
3 16 5.5484 16 13.3953 0 17.5 14.25 0 16 14.4984
5 24 0 17.5 14.25 0 16 14.4984 -5.5484 16 13.3953 5.5484 16 13.3953
5 24 -5.5484 16 13.3953 0 16 14.4984 0 17.5 14.25 0 10 14.4984
5 24 5.5484 16 13.3953 0 16 14.4984 0 17.5 14.25 0 10 14.4984
3 16 -4.9742 16 12.009 -5.5484 16 13.3953 0 17.5 14.25
3 16 -4.9742 16 12.009 0 17.5 14.25 0 17.5 12.9979
3 16 0 17.5 12.9979 0 17.5 14.25 5.5484 16 13.3953
3 16 0 17.5 12.9979 5.5484 16 13.3953 4.9742 16 12.009
5 24 0 17.5 12.9979 0 17.5 14.25 -5.5484 16 13.3953 5.5484 16 13.3953
5 24 -4.9742 16 12.009 -5.5484 16 13.3953 0 17.5 14.25 -9.191 16 9.191
5 24 4.9742 16 12.009 5.5484 16 13.3953 0 17.5 14.25 9.191 16 9.191
2 24 -15 10 6 -10.252 10 10.252
2 24 10.252 10 10.252 15 10 6
2 24 -13.5 6 2 -15 6 2
2 24 15 6 2 13.5 6 2
2 24 -13.375 4 -2 -15 4 -2
2 24 15 4 -2 13.375 4 -2
0 // goggles go here...
0 BFC INVERTNEXT
1 16 -15 8 0 0 1 0 1.5 0 0 0 0 1.5 4-8sphe.dat
0 BFC INVERTNEXT
1 16 15 8 0 0 -1 0 1.5 0 0 0 0 1.5 4-8sphe.dat
1 16 -15 8 0 0 1 0 1.5 0 0 0 0 1.5 4-4ndis.dat
1 16 15 8 0 0 -1 0 1.5 0 0 0 0 1.5 4-4ndis.dat
1 16 -15 8 0 0 1 0 1.5 0 0 0 0 1.5 4-4edge.dat
1 16 15 8 0 0 1 0 1.5 0 0 0 0 1.5 4-4edge.dat
0 BFC INVERTNEXT
1 16 -15 8 0 0 -2 0 4 0 0 0 0 4 1-4cyli.dat
0 BFC INVERTNEXT
1 16 15 8 0 0 2 0 4 0 0 0 0 4 1-4cyli.dat
1 16 -17 8 0 0 1 0 4 0 0 0 0 4 1-4ndis.dat
1 16 17 8 0 0 -1 0 4 0 0 0 0 4 1-4ndis.dat
1 16 -16 12 -2 -1 0 0 0 1 0 0 0 -2 rect3.dat
1 16 16 12 -2 -1 0 0 0 1 0 0 0 -2 rect3.dat
1 16 -16 7 4 1 0 0 0 0 -1 0 1 0 rect3.dat
1 16 16 7 4 1 0 0 0 0 -1 0 1 0 rect3.dat
1 16 -15 12 1 0 -2 0 0 0 3 5 0 0 2-4cyli.dat
1 16 15 12 1 0 2 0 0 0 3 5 0 0 2-4cyli.dat
1 16 -17 12 1 0 1 0 0 0 3 5 0 0 2-4disc.dat
1 16 17 12 1 0 -1 0 0 0 3 5 0 0 2-4disc.dat
1 16 -15 12 4 0 -2 0 -6 0 0 0 0 2 1-4cyli.dat
1 16 15 12 4 0 2 0 -6 0 0 0 0 2 1-4cyli.dat
1 16 -17 12 4 0 1 0 -6 0 0 0 0 2 1-4disc.dat
1 16 17 12 4 0 -1 0 -6 0 0 0 0 2 1-4disc.dat
1 16 -15 8 0 0 1 0 4 0 0 0 0 4 1-4edge.dat
1 16 15 8 0 0 1 0 4 0 0 0 0 4 1-4edge.dat
1 16 -17 8 0 0 1 0 4 0 0 0 0 4 1-4edge.dat
1 16 17 8 0 0 1 0 4 0 0 0 0 4 1-4edge.dat
1 16 -15 12 1 0 1 0 0 0 3 5 0 0 2-4edge.dat
1 16 15 12 1 0 1 0 0 0 3 5 0 0 2-4edge.dat
1 16 -17 12 1 0 1 0 0 0 3 5 0 0 2-4edge.dat
1 16 17 12 1 0 1 0 0 0 3 5 0 0 2-4edge.dat
1 16 -15 12 4 0 1 0 -6 0 0 0 0 2 1-4edge.dat
1 16 15 12 4 0 1 0 -6 0 0 0 0 2 1-4edge.dat
1 16 -17 12 4 0 1 0 -6 0 0 0 0 2 1-4edge.dat
1 16 17 12 4 0 1 0 -6 0 0 0 0 2 1-4edge.dat
0 // inside
1 16 0 -4 0 6 0 0 0 -1 0 0 0 6 4-4disc.dat
4 16 0 0 -8 -2 0 -7.602 -2.2962 -4 -5.5434 0 -4 -6
4 16 0 -4 -6 2.2962 -4 -5.5434 2 0 -7.602 0 0 -8
4 16 0 -4 6 -2.2962 -4 5.5434 -2 0 7.602 0 0 8
4 16 0 0 8 2 0 7.602 2.2962 -4 5.5434 0 -4 6
2 24 0 0 -8 -2 0 -7.602
2 24 0 0 -8 2 0 -7.602
2 24 0 0 8 2 0 7.602
2 24 0 0 8 -2 0 7.602
3 16 -2 0 -5.602 -2.2962 -4 -5.5434 -2 0 -7.602
3 16 2 0 -7.602 2.2962 -4 -5.5434 2 0 -5.602
3 16 -2 0 7.602 -2.2962 -4 5.5434 -2 0 5.602
3 16 2 0 5.602 2.2962 -4 5.5434 2 0 7.602
3 16 -2.296 0 -5.543 -2.2962 -4 -5.5434 -2 0 -5.602
3 16 2 0 -5.602 2.2962 -4 -5.5434 2.296 0 -5.543
3 16 -2 0 5.602 -2.2962 -4 5.5434 -2.296 0 5.543
3 16 2.296 0 5.543 2.2962 -4 5.5434 2 0 5.602
4 16 -2 0 -7.602 -3.0616 0 -7.3912 -2.296 0 -5.543 -2 0 -5.602
4 16 2 0 -5.602 2.296 0 -5.543 3.0616 0 -7.3912 2 0 -7.602
4 16 -2 0 5.602 -2.296 0 5.543 -3.0616 0 7.3912 -2 0 7.602
4 16 2 0 7.602 3.0616 0 7.3912 2.296 0 5.543 2 0 5.602
4 16 -2.296 0 -5.543 -4.243 0 -4.243 -4.2426 -4 -4.2426 -2.2962 -4 -5.5434
4 16 2.2962 -4 -5.5434 4.2426 -4 -4.2426 4.243 0 -4.243 2.296 0 -5.543
4 16 -2.2962 -4 5.5434 -4.2426 -4 4.2426 -4.243 0 4.243 -2.296 0 5.543
4 16 2.296 0 5.543 4.243 0 4.243 4.2426 -4 4.2426 2.2962 -4 5.5434
4 16 -4.243 0 -4.243 -5.543 0 -2.296 -5.5434 -4 -2.2962 -4.2426 -4 -4.2426
4 16 4.2426 -4 -4.2426 5.5434 -4 -2.2962 5.543 0 -2.296 4.243 0 -4.243
4 16 -4.2426 -4 4.2426 -5.5434 -4 2.2962 -5.543 0 2.296 -4.243 0 4.243
4 16 4.243 0 4.243 5.543 0 2.296 5.5434 -4 2.2962 4.2426 -4 4.2426
4 16 -5.543 0 -2.296 -6 0 0 -6 -4 0 -5.5434 -4 -2.2962
4 16 5.5434 -4 -2.2962 6 -4 0 6 0 0 5.543 0 -2.296
4 16 -5.5434 -4 2.2962 -6 -4 0 -6 0 0 -5.543 0 2.296
4 16 5.543 0 2.296 6 0 0 6 -4 0 5.5434 -4 2.2962
4 16 -3.0616 0 -7.3912 -5.6568 0 -5.6568 -4.243 0 -4.243 -2.296 0 -5.543
4 16 2.296 0 -5.543 4.243 0 -4.243 5.6568 0 -5.6568 3.0616 0 -7.3912
4 16 -2.296 0 5.543 -4.243 0 4.243 -5.6568 0 5.6568 -3.0616 0 7.3912
4 16 3.0616 0 7.3912 5.6568 0 5.6568 4.243 0 4.243 2.296 0 5.543
4 16 -5.6568 0 -5.6568 -7.3912 0 -3.0616 -5.543 0 -2.296 -4.243 0 -4.243
4 16 4.243 0 -4.243 5.543 0 -2.296 7.3912 0 -3.0616 5.6568 0 -5.6568
4 16 -4.243 0 4.243 -5.543 0 2.296 -7.3912 0 3.0616 -5.6568 0 5.6568
4 16 5.6568 0 5.6568 7.3912 0 3.0616 5.543 0 2.296 4.243 0 4.243
4 16 -7.3912 0 -3.0616 -8 0 0 -6 0 0 -5.543 0 -2.296
4 16 5.543 0 -2.296 6 0 0 8 0 0 7.3912 0 -3.0616
4 16 -5.543 0 2.296 -6 0 0 -8 0 0 -7.3912 0 3.0616
4 16 7.3912 0 3.0616 8 0 0 6 0 0 5.543 0 2.296
1 16 0 -4 0 6 0 0 0 1 0 0 0 6 4-4edge.dat
2 24 -2.2962 -4 -5.5434 -2 0 -7.602
2 24 2.2962 -4 -5.5434 2 0 -7.602
2 24 -2.2962 -4 5.5434 -2 0 7.602
2 24 2.2962 -4 5.5434 2 0 7.602
2 24 -2.2962 -4 -5.5434 -2 0 -5.602
2 24 2.2962 -4 -5.5434 2 0 -5.602
2 24 -2.2962 -4 5.5434 -2 0 5.602
2 24 2.2962 -4 5.5434 2 0 5.602
2 24 -2 0 -5.602 -2 0 -7.602
2 24 2 0 -5.602 2 0 -7.602
2 24 -2 0 5.602 -2 0 7.602
2 24 2 0 5.602 2 0 7.602
2 24 -2 0 -5.602 -2.296 0 -5.543
2 24 2 0 -5.602 2.296 0 -5.543
2 24 -2 0 5.602 -2.296 0 5.543
2 24 2 0 5.602 2.296 0 5.543
2 24 -2 0 -7.602 -3.0616 0 -7.3912
2 24 2 0 -7.602 3.0616 0 -7.3912
2 24 -2 0 7.602 -3.0616 0 7.3912
2 24 2 0 7.602 3.0616 0 7.3912
2 24 -2.296 0 -5.543 -4.243 0 -4.243
2 24 2.296 0 -5.543 4.243 0 -4.243
2 24 -2.296 0 5.543 -4.243 0 4.243
2 24 2.296 0 5.543 4.243 0 4.243
2 24 -4.243 0 -4.243 -5.543 0 -2.296
2 24 4.243 0 -4.243 5.543 0 -2.296
2 24 -4.243 0 4.243 -5.543 0 2.296
2 24 4.243 0 4.243 5.543 0 2.296
2 24 -5.543 0 -2.296 -6 0 0
2 24 5.543 0 -2.296 6 0 0
2 24 -5.543 0 2.296 -6 0 0
2 24 5.543 0 2.296 6 0 0
2 24 -5.6568 0 -5.6568 -3.0616 0 -7.3912
2 24 5.6568 0 -5.6568 3.0616 0 -7.3912
2 24 -5.6568 0 5.6568 -3.0616 0 7.3912
2 24 5.6568 0 5.6568 3.0616 0 7.3912
2 24 -7.3912 0 -3.0616 -5.6568 0 -5.6568
2 24 7.3912 0 -3.0616 5.6568 0 -5.6568
2 24 -7.3912 0 3.0616 -5.6568 0 5.6568
2 24 7.3912 0 3.0616 5.6568 0 5.6568
2 24 -8 0 0 -7.3912 0 -3.0616
2 24 8 0 0 7.3912 0 -3.0616
2 24 -8 0 0 -7.3912 0 3.0616
2 24 8 0 0 7.3912 0 3.0616
0 BFC INVERTNEXT
1 16 0 1 0 4 0 0 0 -1 0 0 0 -4 4-4con2.dat
0 BFC INVERTNEXT
1 16 0 4 0 1 0 0 0 -3 0 0 0 -1 4-4con12.dat
0 BFC INVERTNEXT
1 16 0 4 0 13 0 0 0 4 0 0 0 13 4-4cyli.dat
0 // Added lines/Condlines
5 24 -15 10 6 -15 6 6 -11.899 10 10.96 -15 9.5 1.5
5 24 15 6 6 15 10 6 11.899 6 10.96 15 8 1.5
5 24 -12.204 19.5 4 -14.204 19.5 4 -15 20 0 -10.252 16 10.252
5 24 12.204 19.5 4 14.204 19.5 4 15 20 0 10.252 16 10.252
5 24 -13 20 0 -13 8 0 -12.204 8 -4 -12.204 19.5 4
5 24 -12.204 19.5 4 -12.0107 8 4.9751 -13 8 0 -9.191 16 9.191
5 24 12.0107 8 4.9751 12.204 19.5 4 13 20 0 9.1923 8 9.1923
5 24 -9.1923 8 9.1923 -12.0107 8 4.9751 -12.204 19.5 4 -12.0107 4 4.9751
5 24 12.0107 8 4.9751 9.1923 8 9.1923 9.191 16 9.191 9.1923 4 9.1923
5 24 -10.252 16 10.252 -9.191 16 9.191 -12.204 19.5 4 -5.5484 16 13.3953
5 24 9.191 16 9.191 10.252 16 10.252 12.204 19.5 4 4.9742 16 12.009
5 24 -15 10 6 -15 14.5 6 -15 20 4 -10.252 10 10.252
5 24 -14.204 19.5 4 -15 14.5 6 -15 20 0 -10.252 16 10.252
5 24 14.204 19.5 4 15 14.5 6 15 20 0 10.252 16 10.252
5 24 15 14.5 6 15 10 6 15 9.5 1.5 10.252 16 10.252
5 24 -15 14.5 6 -10.252 16 10.252 -15 10 6 -14.204 19.5 4
5 24 15 14.5 6 10.252 16 10.252 15 10 6 14.204 19.5 4
5 24 0 -4 -6 0 0 -8 -2 0 -7.602 2.2962 -4 -5.5434
5 24 0 0 8 0 -4 6 -2.2962 -4 5.5434 2 0 7.602
5 24 -2.296 0 -5.543 -2.2962 -4 -5.5434 -2 0 -5.602 -4.243 0 -4.243
5 24 2.2962 -4 -5.5434 2.296 0 -5.543 2 0 -5.602 4.2426 -4 -4.2426
5 24 -2.2962 -4 5.5434 -2.296 0 5.543 -2 0 5.602 -4.2426 -4 4.2426
5 24 2.296 0 5.543 2.2962 -4 5.5434 2 0 5.602 4.243 0 4.243
5 24 -4.243 0 -4.243 -4.2426 -4 -4.2426 -2.296 0 -5.543 -5.543 0 -2.296
5 24 4.2426 -4 -4.2426 4.243 0 -4.243 2.2962 -4 -5.5434 5.5434 -4 -2.2962
5 24 -4.2426 -4 4.2426 -4.243 0 4.243 -2.2962 -4 5.5434 -5.5434 -4 2.2962
5 24 4.243 0 4.243 4.2426 -4 4.2426 2.296 0 5.543 5.543 0 2.296
5 24 -5.543 0 -2.296 -5.5434 -4 -2.2962 -4.243 0 -4.243 -6 0 0
5 24 5.5434 -4 -2.2962 5.543 0 -2.296 4.2426 -4 -4.2426 6 -4 0
5 24 -5.5434 -4 2.2962 -5.543 0 2.296 -4.2426 -4 4.2426 -6 -4 0
5 24 5.543 0 2.296 5.5434 -4 2.2962 4.243 0 4.243 6 0 0
5 24 -6 0 0 -6 -4 0 -5.543 0 -2.296 -5.5434 -4 2.2962
5 24 6 -4 0 6 0 0 5.5434 -4 -2.2962 5.543 0 2.296
5 24 12 1 0 11.0868 1 -4.5924 7.3912 0 -3.0616 12.0107 4 -4.9751
5 24 11.0868 1 -4.5924 8.4852 1 -8.4852 5.6568 0 -5.6568 9.1923 4 -9.1923
5 24 8.4852 1 -8.4852 4.5924 1 -11.0868 3.0616 0 -7.3912 4.9751 4 -12.0107
5 24 4.5924 1 -11.0868 0 1 -12 0 0 -8 0 4 -13
5 24 0 1 -12 -4.5924 1 -11.0868 -3.0616 0 -7.3912 -4.9751 4 -12.0107
5 24 -4.5924 1 -11.0868 -8.4852 1 -8.4852 -5.6568 0 -5.6568 -9.1923 4 -9.1923
5 24 -8.4852 1 -8.4852 -11.0868 1 -4.5924 -7.3912 0 -3.0616 -12.0107 4 -4.9751
5 24 -11.0868 1 -4.5924 -12 1 0 -8 0 0 -13 4 0
5 24 -12 1 0 -11.0868 1 4.5924 -7.3912 0 3.0616 -12.0107 4 4.9751
5 24 -11.0868 1 4.5924 -8.4852 1 8.4852 -5.6568 0 5.6568 -9.1923 4 9.1923
5 24 -8.4852 1 8.4852 -4.5924 1 11.0868 -3.0616 0 7.3912 -4.9751 4 12.0107
5 24 -4.5924 1 11.0868 0 1 12 0 0 8 0 4 13
5 24 0 1 12 4.5924 1 11.0868 3.0616 0 7.3912 4.9751 4 12.0107
5 24 4.5924 1 11.0868 8.4852 1 8.4852 5.6568 0 5.6568 9.1923 4 9.1923
5 24 8.4852 1 8.4852 11.0868 1 4.5924 7.3912 0 3.0616 12.0107 4 4.9751
5 24 11.0868 1 4.5924 12 1 0 8 0 0 13 4 0
5 24 13 4 0 12.0107 4 -4.9751 11.0868 1 -4.5924 13 8 0
5 24 12.0107 4 -4.9751 9.1923 4 -9.1923 8.4852 1 -8.4852 12.0107 8 -4.9751
5 24 9.1923 4 -9.1923 4.9751 4 -12.0107 4.5924 1 -11.0868 9.1923 8 -9.1923
5 24 4.9751 4 -12.0107 0 4 -13 0 1 -12 4.9751 8 -12.0107
5 24 0 4 -13 -4.9751 4 -12.0107 -4.5924 1 -11.0868 0 8 -13
5 24 -4.9751 4 -12.0107 -9.1923 4 -9.1923 -8.4852 1 -8.4852 -4.9751 8 -12.0107
5 24 -9.1923 4 -9.1923 -12.0107 4 -4.9751 -11.0868 1 -4.5924 -9.1923 8 -9.1923
5 24 -12.0107 4 -4.9751 -13 4 0 -12 1 0 -12.0107 8 -4.9751
5 24 -13 4 0 -12.0107 4 4.9751 -11.0868 1 4.5924 -13 8 0
5 24 -12.0107 4 4.9751 -9.1923 4 9.1923 -8.4852 1 8.4852 -12.0107 8 4.9751
5 24 -9.1923 4 9.1923 -4.9751 4 12.0107 -4.5924 1 11.0868 -9.1923 8 9.1923
5 24 -4.9751 4 12.0107 0 4 13 0 1 12 -4.9751 8 12.0107
5 24 0 4 13 4.9751 4 12.0107 4.5924 1 11.0868 0 8 13
5 24 4.9751 4 12.0107 9.1923 4 9.1923 8.4852 1 8.4852 4.9751 8 12.0107
5 24 9.1923 4 9.1923 12.0107 4 4.9751 11.0868 1 4.5924 9.1923 8 9.1923
5 24 12.0107 4 4.9751 13 4 0 12 1 0 12.0107 8 4.9751
5 24 -14.6173 8.5741 1.2614 -14.6173 8.98 0.98 -14.3467 8.5741 0.98 -15 8.5741 1.3859
5 24 -14.6173 8.98 -0.98 -14.6173 8.5741 -1.2614 -14.3467 8.5741 -0.98 -15 8.5741 -1.3859
5 24 -14.6173 7.0201 0.98 -14.6173 7.426 1.2614 -14.3467 7.426 0.98 -15 7.426 1.3859
5 24 -14.6173 7.426 -1.2614 -14.6173 7.0201 -0.98 -14.3467 7.426 -0.98 -15 7.426 -1.3859
5 24 14.6173 8.98 0.98 14.6173 8.5741 1.2614 14.3467 8.5741 0.98 15 8.5741 1.3859
5 24 14.6173 8.5741 -1.2614 14.6173 8.98 -0.98 14.3467 8.5741 -0.98 15 8.5741 -1.3859
5 24 14.6173 7.426 1.2614 14.6173 7.0201 0.98 14.3467 7.426 0.98 15 7.426 1.3859
5 24 14.6173 7.0201 -0.98 14.6173 7.426 -1.2614 14.3467 7.426 -0.98 15 7.426 -1.3859
5 24 12.204 19.5 4 10.252 16 10.252 14.204 19.5 4 9.191 16 9.191
1 16 15 16 0 0 -1 0 4 0 0 0 0 -4 1-4edge.dat
1 16 15 16 0 0 -1 0 4 0 0 0 0 -4 1-4disc.dat
1 16 13 16 0 0 -1 -0.796 4 0 0 0 0 -4 1-4edge.dat
1 16 13 16 0 0 1 -0.796 4 0 0 0 0 -4 1-4disc.dat
4 16 15 20 0 15 19.6956 -1.5308 12.6954 19.6956 -1.5308 13 20 0
5 24 15 20 0 13 20 0 15 19.6956 -1.5308 14.204 19.5 4
4 16 15 19.6956 -1.5308 15 18.8284 -2.8284 12.4371 18.8284 -2.8284 12.6954 19.6956 -1.5308
5 24 15 19.6956 -1.5308 12.6954 19.6956 -1.5308 15 18.8284 -2.8284 15 20 0
4 16 15 18.8284 -2.8284 15 17.5308 -3.6956 12.2646 17.5308 -3.6956 12.4371 18.8284 -2.8284
5 24 15 18.8284 -2.8284 12.4371 18.8284 -2.8284 15 17.5308 -3.6956 15 19.6956 -1.5308
4 16 15 17.5308 -3.6956 15 16 -4 12.204 16 -4 12.2646 17.5308 -3.6956
5 24 15 17.5308 -3.6956 12.2646 17.5308 -3.6956 15 16 -4 15 18.8284 -2.8284
5 24 15 16 -4 12.204 16 -4 15 17.5308 -3.6956 15 12 -4
3 16 15 16 0 15 20 0 15 14.5 6
3 16 15 20 0 14.204 19.5 4 15 14.5 6
2 24 14.204 19.5 4 15 20 0
5 24 15 20 0 15 14.5 6 15 16 0 14.204 19.5 4
5 24 14.204 19.5 4 12.204 19.5 4 13 20 0 10.252 16 10.252
5 24 15 20 0 13 20 0 12.204 19.5 4 15 19.6956 -1.5308
5 24 13 8 0 13 16 0 12.204 16 -4 12.0107 8 4.9751
5 24 13 16 0 13 20 0 12.204 19.5 4 12.6954 19.6956 -1.5308
5 24 -12.204 19.5 4 -10.252 16 10.252 -14.204 19.5 4 -9.191 16 9.191
1 16 -13 16 0 0 -1 0.796 4 0 0 0 0 -4 1-4edge.dat
1 16 -13 16 0 0 -1 0.796 4 0 0 0 0 -4 1-4disc.dat
1 16 -15 16 0 0 -1 0 4 0 0 0 0 -4 1-4edge.dat
1 16 -15 16 0 0 1 0 4 0 0 0 0 -4 1-4disc.dat
4 16 -13 20 0 -12.6954 19.6956 -1.5308 -15 19.6956 -1.5308 -15 20 0
5 24 -15 20 0 -13 20 0 -15 19.6956 -1.5308 -14.204 19.5 4
4 16 -12.6954 19.6956 -1.5308 -12.4371 18.8284 -2.8284 -15 18.8284 -2.8284 -15 19.6956 -1.5308
5 24 -15 19.6956 -1.5308 -12.6954 19.6956 -1.5308 -15 18.8284 -2.8284 -15 20 0
4 16 -12.4371 18.8284 -2.8284 -12.2646 17.5308 -3.6956 -15 17.5308 -3.6956 -15 18.8284 -2.8284
5 24 -15 18.8284 -2.8284 -12.4371 18.8284 -2.8284 -15 17.5308 -3.6956 -15 19.6956 -1.5308
4 16 -12.2646 17.5308 -3.6956 -12.204 16 -4 -15 16 -4 -15 17.5308 -3.6956
5 24 -15 17.5308 -3.6956 -12.2646 17.5308 -3.6956 -15 16 -4 -15 18.8284 -2.8284
5 24 -15 16 -4 -12.204 16 -4 -15 17.5308 -3.6956 -15 12 -4
3 16 -15 14.5 6 -15 20 0 -15 16 0
3 16 -15 14.5 6 -14.204 19.5 4 -15 20 0
2 24 -14.204 19.5 4 -15 20 0
5 24 -15 20 0 -15 14.5 6 -15 16 0 -14.204 19.5 4
5 24 -14.204 19.5 4 -12.204 19.5 4 -13 20 0 -10.252 16 10.252
5 24 -15 20 0 -13 20 0 -12.204 19.5 4 -15 19.6956 -1.5308
5 24 -13 8 0 -13 16 0 -12.204 16 -4 -12.0107 8 4.9751
5 24 -13 16 0 -13 20 0 -12.204 19.5 4 -12.6954 19.6956 -1.5308
