0 Bar  1 x  8 with Brick  1  x  2 Curved Top End
0 Name: 30359a.dat
0 Author: John Van Zwieten [jvan]
0 !LDRAW_ORG Part UPDATE 2005-01
0 !LICENSE Redistributable under CCAL version 2.0 : see CAreadme.txt

0 BFC CERTIFY CCW
0 !KEYWORDS Star Wars, laser cannon, cylinder, rounded, piston rod, bar, rod
0 !KEYWORDS brick, support, connector, ion cannon, blaster, energy, binder
0 !KEYWORDS Podracer

0 !HISTORY 2004-11-06 [sbliss] Secondary author
0 !HISTORY 2004-11-07 [guyvivan] Made BFC Compliant
0 !HISTORY 2005-12-28 [PTadmin] Official Update 2005-01
0 !HISTORY 2007-06-07 [PTadmin] Header formatted for Contributor Agreement
0 !HISTORY 2008-07-01 [PTadmin] Official Update 2008-01

2 24 -10 24 -20 10 24 -20
2 24 10 24 -20 10 24 20
2 24 10 24 20 -10 24 20
2 24 -10 24 20 -10 24 -20
2 24 -7 24 -16 7 24 -16
2 24 7 24 -16 7 24 -11
2 24 7 24 -9 7 24 9
2 24 7 24 11 7 24 16
2 24 -7 24 16 -7 24 11
2 24 -7 24 9 -7 24 -9
2 24 -7 24 -11 -7 24 -16
2 24 7 24 16 -7 24 16
2 24 -7 24 -16 -7 10 -16
2 24 7 24 -16 7 10 -16
2 24 7 24 16 7 10 16
2 24 -7 24 16 -7 10 16
2 24 -10 24 -20 -10 10 -20
2 24 10 24 -20 10 10 -20
2 24 10 24 20 10 10 20
2 24 -10 24 20 -10 10 20
1 16 0 10 -16 7 0 0 0 0 -7 0 1 0 2-4edge.dat
1 16 0 10 16 7 0 0 0 0 -7 0 1 0 2-4edge.dat
1 16 0 10 -20 10 0 0 0 0 -10 0 1 0 2-4edge.dat
1 16 0 10 20 10 0 0 0 0 -10 0 1 0 2-4edge.dat
1 16 0 4.415 0 -1 0 0 0 -4.89625 0 0 0 1 STUD3A.DAT
1 16 0 4.415 0 0 0 4 0 -1.415 0 4 0 0 1-4cyls2.dat
1 16 0 4.415 0 0 0 -4 0 -1.415 0 4 0 0 1-4cyls2.dat
1 16 0 4.415 0 0 0 -4 0 -1.415 0 -4 0 0 1-4cyls2.dat
1 16 0 4.415 0 0 0 4 0 -1.415 0 -4 0 0 1-4cyls2.dat
2 24 0 3 4 1.532 3.304 3.696
2 24 1.532 3.304 3.696 2.828 3.56 2.828
2 24 2.828 3.56 2.828 3.696 4.212 1.532
2 24 3.696 4.212 1.532 4 4.415 0
2 24 0 3 -4 1.532 3.304 -3.696
2 24 1.532 3.304 -3.696 2.828 3.56 -2.828
2 24 2.828 3.56 -2.828 3.696 4.212 -1.532
2 24 3.696 4.212 -1.532 4 4.415 0
2 24 0 3 -4 -1.532 3.304 -3.696
2 24 -1.532 3.304 -3.696 -2.828 3.56 -2.828
2 24 -2.828 3.56 -2.828 -3.696 4.212 -1.532
2 24 -3.696 4.212 -1.532 -4 4.415 0
2 24 0 3 4 -1.532 3.304 3.696
2 24 -1.532 3.304 3.696 -2.828 3.56 2.828
2 24 -2.828 3.56 2.828 -3.696 4.212 1.532
2 24 -3.696 4.212 1.532 -4 4.415 0
1 16 0 10 20 6 0 0 0 0 6 0 1 0 4-4edge.dat
1 16 0 10 16 6 0 0 0 0 6 0 1 0 4-4edge.dat
1 16 0 10 16 1 0 0 0 0 1 0 1 0 4-4ring6.dat
1 16 0 10 -40 4 0 0 0 0 4 0 1 0 4-4edge.dat
1 16 0 10 -120 4 0 0 0 0 4 0 1 0 4-4edge.dat
1 16 0 10 -120 10 0 0 0 0 10 0 1 0 4-4edge.dat
1 16 0 10 -120 10 0 0 0 0 10 0 -1 0 4-4disc.dat
1 16 0 20 -130 6 0 0 0 1 0 0 0 6 4-4edge.dat
1 16 0 10 -140 6 0 0 0 0 6 0 1 0 4-4edge.dat
1 16 0 10 -124 6 0 0 0 0 6 0 1 0 4-4edge.dat
1 16 0 10 -124 6 0 0 0 0 6 0 1 0 4-4disc.dat
1 16 0 10 -140 10 0 0 0 0 10 0 1 0 4-4edge.dat
4 16 10 24 -20 -10 24 -20 -7 24 -16 7 24 -16
4 16 -10 24 -20 -10 24 20 -7 24 16 -7 24 -16
4 16 -10 24 20 10 24 20 7 24 16 -7 24 16
4 16 10 24 20 10 24 -20 7 24 -16 7 24 16
4 16 -7 24 -16 -7 10 -16 7 10 -16 7 24 -16
4 16 7 24 -16 7 10 -16 7 10 16 7 24 16
4 16 7 24 16 7 17 16 -7 17 16 -7 24 16
4 16 -7 24 16 -7 10 16 -7 10 -16 -7 24 -16
4 16 10 24 -20 10 10 -20 -10 10 -20 -10 24 -20
4 16 10 24 20 10 10 20 10 10 -20 10 24 -20
4 16 -10 24 20 -10 20 20 10 20 20 10 24 20
4 16 -10 24 -20 -10 10 -20 -10 10 20 -10 24 20
1 16 0 10 -16 7 0 0 0 0 -7 0 -1 0 2-4disc.dat
1 16 0 10 16 7 0 0 0 0 7 0 1 0 2-4ndis.dat
1 16 0 10 -20 10 0 0 0 0 -10 0 1 0 2-4disc.dat
1 16 0 10 20 2 0 0 0 0 2 0 -1 0 ring3.dat
1 16 0 10 20 2 0 0 0 0 2 0 -1 0 ring4.dat
1 16 0 10 20 10 0 0 0 0 10 0 -1 0 2-4ndis.dat
0 BFC INVERTNEXT
1 16 0 10 16 6 0 0 0 0 6 0 4 0 4-4cyli.dat
0 BFC INVERTNEXT
1 16 0 10 -16 7 0 0 0 0 -7 0 32 0 2-4cyli.dat
1 16 0 10 -20 10 0 0 0 0 -10 0 40 0 2-4cyli.dat
1 16 0 10 -120 4 0 0 0 0 4 0 80 0 4-4cyli.dat
1 16 0 20 -130 1 0 0 0 -1 0 0 0 -1 STUD4A.dat
1 16 0 20 -130 8 0 0 0 -4.319 0 0 0 -8 1-4cyls2.dat
1 16 0 20 -130 -8 0 0 0 -4.319 0 0 0 -8 1-4cyls2.dat
1 16 0 20 -130 -8 0 0 0 -4.319 0 0 0 8 1-4cyls2.dat
1 16 0 20 -130 8 0 0 0 -4.319 0 0 0 8 1-4cyls2.dat
1 16 0 20 -130 6 0 0 0 -1 0 0 0 6 4-4disc.dat
0 BFC INVERTNEXT
1 16 0 10 -140 6 0 0 0 0 6 0 16 0 4-4cyli.dat
1 16 0 10 -140 10 0 0 0 0 10 0 20 0 4-4cyli.dat
1 16 0 10 -140 2 0 0 0 0 2 0 1 0 ring3.dat
1 16 0 10 -140 2 0 0 0 0 2 0 1 0 ring4.dat
1 16 0 10 -40 3.58 0 -3.58 3.58 0 3.58 0 1 0 4-4edge.dat
1 16 0 10 -40 3.58 0 -3.58 3.58 0 3.58 0 1 0 4-4disc.dat
1 16 0 10 -20 -6.364 0 -6.364 6.364 0 -6.364 0 1 0 3-4edge.dat
2 24 6.364 16.364 -20 5.388 17.016 -20
2 24 -6.364 16.364 -20 -5.388 17.016 -20
1 16 0 10 -31.429 1.193 0 1.193 -1.193 0 1.193 0 -8.571 0 1-4con3.dat
1 16 0 10 -20 1.591 0 1.591 -1.591 0 1.591 0 -11.429 0 1-4con3.dat
1 16 0 10 -31.429 -1.193 0 1.193 -1.193 0 -1.193 0 -8.571 0 1-4con3.dat
1 16 0 10 -20 -1.591 0 1.591 -1.591 0 -1.591 0 -11.429 0 1-4con3.dat
1 16 0 10 -31.429 -1.193 0 -1.193 1.193 0 -1.193 0 -8.571 0 1-4con3.dat
1 16 0 10 -20 -1.591 0 -1.591 1.591 0 -1.591 0 -11.429 0 1-4con3.dat
4 16 2.238 15.402 -36 4.136 14.136 -36 3.579 13.579 -40 1.937 14.676 -40
5 24 2.238 15.402 -36 1.937 14.676 -40 4.136 14.136 -36 0 15.849 -36
4 16 1.937 14.676 -40 0 15.061 -40 0 15.849 -36 2.238 15.402 -36
5 24 0 15.849 -36 0 15.061 -40 2.238 15.402 -36 -2.238 15.402 -36
4 16 0 15.061 -40 -1.937 14.676 -40 -2.238 15.402 -36 0 15.849 -36
5 24 -2.238 15.402 -36 -1.937 14.676 -40 -4.136 14.136 -36 0 15.849 -36
4 16 -1.937 14.676 -40 -3.579 13.579 -40 -4.136 14.136 -36 -2.238 15.402 -36
2 24 -2.238 15.402 -36 -5.388 17.016 -20
2 24 -2.238 15.402 -36 0 15.849 -36
2 24 2.238 15.402 -36 0 15.849 -36
2 24 2.238 15.402 -36 5.388 17.016 -20
3 16 2.238 15.402 -36 0 15.849 -36 -2.238 15.402 -36
4 16 2.238 15.402 -36 -2.238 15.402 -36 -2.238 10 -36 2.238 10 -36
4 16 4.136 14.136 -36 2.238 15.402 -36 5.388 17.016 -20 6.364 16.364 -20
4 16 -6.364 16.364 -20 -5.388 17.016 -20 -2.238 15.402 -36 -4.136 14.136 -36
4 16 -2.238 15.402 -36 -5.388 17.016 -20 -5.388 10 -20 -2.238 10 -36
2 24 5.388 17.016 -20 5.388 10 -20
2 24 2.238 15.402 -36 2.238 10 -36
2 24 -5.388 17.016 -20 -5.388 10 -20
2 24 -2.238 15.402 -36 -2.238 10 -36
1 16 0 10 -36 2.238 0 0 0 0 -2.238 0 1 0 2-4edge.dat
1 16 0 10 -20 5.388 0 0 0 0 -5.388 0 1 0 2-4edge.dat
1 16 0 10 -36 2.238 0 0 0 0 -2.238 0 -1 0 2-4disc.dat
4 16 2.238 10 -36 5.388 10 -20 5.388 17.016 -20 2.238 15.402 -36
5 24 5.388 10 -20 2.238 10 -36 5.388 17.016 -20 4.978 7.938 -20
5 24 -5.388 10 -20 -2.238 10 -36 -5.388 17.016 -20 -4.978 7.938 -20
4 16 2.238 10 -36 2.068 9.144 -36 4.978 7.938 -20 5.388 10 -20
5 24 4.978 7.938 -20 2.068 9.144 -36 5.388 10 -20 3.81 6.19 -20
5 24 -4.978 7.938 -20 -2.068 9.144 -36 -5.388 10 -20 -3.81 6.19 -20
4 16 2.068 9.144 -36 1.582 8.418 -36 3.81 6.19 -20 4.978 7.938 -20
5 24 3.81 6.19 -20 1.582 8.418 -36 4.978 7.938 -20 2.062 5.022 -20
5 24 -3.81 6.19 -20 -1.582 8.418 -36 -4.978 7.938 -20 -2.062 5.022 -20
4 16 1.582 8.418 -36 0.856 7.932 -36 2.062 5.022 -20 3.81 6.19 -20
5 24 2.062 5.022 -20 0.856 7.932 -36 3.81 6.19 -20 0 4.612 -20
5 24 -2.062 5.022 -20 -0.856 7.932 -36 -3.81 6.19 -20 0 4.612 -20
4 16 0.856 7.932 -36 0 7.762 -36 0 4.612 -20 2.062 5.022 -20
5 24 0 4.612 -20 0 7.762 -36 2.062 5.022 -20 -2.062 5.022 -20
4 16 -5.388 10 -20 -4.978 7.938 -20 -2.068 9.144 -36 -2.238 10 -36
4 16 -4.978 7.938 -20 -3.81 6.19 -20 -1.582 8.418 -36 -2.068 9.144 -36
4 16 -3.81 6.19 -20 -2.062 5.022 -20 -0.856 7.932 -36 -1.582 8.418 -36
4 16 -2.062 5.022 -20 0 4.612 -20 0 7.762 -36 -0.856 7.932 -36
2 24 3.062 19.391 -137.391 0 20 -138
2 24 3.827 19.239 -136.88 3.062 19.391 -137.391
2 24 5.657 18.016 -135.657 3.827 19.239 -136.88
2 24 7.071 17.071 -133.541 5.657 18.016 -135.657
2 24 7.391 16.592 -133.062 7.071 17.071 -133.541
2 24 8 15.681 -130 7.391 16.592 -133.062
2 24 8 15.681 -130 7.391 16.592 -126.938
2 24 7.391 16.592 -126.938 7.071 17.071 -126.459
2 24 7.071 17.071 -126.459 5.657 18.016 -124.343
2 24 5.657 18.016 -124.343 3.827 19.239 -123.12
2 24 3.827 19.239 -123.12 3.062 19.391 -122.609
2 24 3.062 19.391 -122.609 0 20 -122
2 24 -3.062 19.391 -122.609 0 20 -122
2 24 -3.827 19.239 -123.12 -3.062 19.391 -122.609
2 24 -5.657 18.016 -124.343 -3.827 19.239 -123.12
2 24 -7.071 17.071 -126.459 -5.657 18.016 -124.343
2 24 -7.391 16.592 -126.938 -7.071 17.071 -126.459
2 24 -8 15.681 -130 -7.391 16.592 -126.938
2 24 -8 15.681 -130 -7.391 16.592 -133.062
2 24 -7.391 16.592 -133.062 -7.071 17.071 -133.541
2 24 -7.071 17.071 -133.541 -5.657 18.016 -135.657
2 24 -5.657 18.016 -135.657 -3.827 19.239 -136.88
2 24 -3.827 19.239 -136.88 -3.062 19.391 -137.391
2 24 -3.062 19.391 -137.391 0 20 -138
1 16 0 0 -130 4 0 0 0 1 0 0 0 4 4-4edge.dat
1 16 0 0 -130 1 0 0 0 1 0 0 0 1 stud2a.dat
1 16 0 0 -130 6 0 0 0 2.213 0 0 0 6 1-4cyls2.dat
1 16 0 0 -130 -6 0 0 0 2.213 0 0 0 6 1-4cyls2.dat
1 16 0 0 -130 -6 0 0 0 2.213 0 0 0 -6 1-4cyls2.dat
1 16 0 0 -130 6 0 0 0 2.213 0 0 0 -6 1-4cyls2.dat
1 16 0 0 -130 4 0 0 0 1 0 0 0 4 4-4disc.dat
2 24 6 2.213 -130 5.543 1.908 -127.704
2 24 5.543 1.908 -127.704 4.243 1.039 -125.757
2 24 4.243 1.039 -125.757 3.827 0.915 -125.479
2 24 3.827 0.915 -125.479 2.296 0.457 -124.457
2 24 2.296 0.457 -124.457 0 0 -124
2 24 0 0 -124 -2.296 0.457 -124.457
2 24 -2.296 0.457 -124.457 -3.827 0.915 -125.479
2 24 -3.827 0.915 -125.479 -4.243 1.039 -125.757
2 24 -4.243 1.039 -125.757 -5.543 1.908 -127.704
2 24 -5.543 1.908 -127.704 -6 2.213 -130
2 24 -6 2.213 -130 -5.543 1.908 -132.296
2 24 -5.543 1.908 -132.296 -4.243 1.039 -134.243
2 24 -4.243 1.039 -134.243 -3.827 0.915 -134.521
2 24 -3.827 0.915 -134.521 -2.296 0.457 -135.543
2 24 -2.296 0.457 -135.543 0 0 -136
2 24 0 0 -136 2.296 0.457 -135.543
2 24 2.296 0.457 -135.543 3.827 0.915 -134.521
2 24 3.827 0.915 -134.521 4.243 1.039 -134.243
2 24 4.243 1.039 -134.243 5.543 1.908 -132.296
2 24 5.543 1.908 -132.296 6 2.213 -130
1 16 0 0 -10 4 0 0 0 1 0 0 0 4 4-4edge.dat
1 16 0 0 -10 1 0 0 0 1 0 0 0 1 stud2a.dat
1 16 0 0 -10 6 0 0 0 2.213 0 0 0 6 1-4cyls2.dat
1 16 0 0 -10 -6 0 0 0 2.213 0 0 0 6 1-4cyls2.dat
1 16 0 0 -10 -6 0 0 0 2.213 0 0 0 -6 1-4cyls2.dat
1 16 0 0 -10 6 0 0 0 2.213 0 0 0 -6 1-4cyls2.dat
1 16 0 0 -10 4 0 0 0 1 0 0 0 4 4-4disc.dat
2 24 6 2.213 -10 5.543 1.908 -7.704
2 24 5.543 1.908 -7.704 4.243 1.039 -5.757
2 24 4.243 1.039 -5.757 3.827 0.915 -5.479
2 24 3.827 0.915 -5.479 2.296 0.457 -4.457
2 24 2.296 0.457 -4.457 0 0 -4
2 24 0 0 -4 -2.296 0.457 -4.457
2 24 -2.296 0.457 -4.457 -3.827 0.915 -5.479
2 24 -3.827 0.915 -5.479 -4.243 1.039 -5.757
2 24 -4.243 1.039 -5.757 -5.543 1.908 -7.704
2 24 -5.543 1.908 -7.704 -6 2.213 -10
2 24 -6 2.213 -10 -5.543 1.908 -12.296
2 24 -5.543 1.908 -12.296 -4.243 1.039 -14.243
2 24 -4.243 1.039 -14.243 -3.827 0.915 -14.521
2 24 -3.827 0.915 -14.521 -2.296 0.457 -15.543
2 24 -2.296 0.457 -15.543 0 0 -16
2 24 0 0 -16 2.296 0.457 -15.543
2 24 2.296 0.457 -15.543 3.827 0.915 -14.521
2 24 3.827 0.915 -14.521 4.243 1.039 -14.243
2 24 4.243 1.039 -14.243 5.543 1.908 -12.296
2 24 5.543 1.908 -12.296 6 2.213 -10
1 16 0 0 10 4 0 0 0 1 0 0 0 4 4-4edge.dat
1 16 0 0 10 1 0 0 0 1 0 0 0 1 stud2a.dat
1 16 0 0 10 6 0 0 0 2.213 0 0 0 6 1-4cyls2.dat
1 16 0 0 10 -6 0 0 0 2.213 0 0 0 6 1-4cyls2.dat
1 16 0 0 10 -6 0 0 0 2.213 0 0 0 -6 1-4cyls2.dat
1 16 0 0 10 6 0 0 0 2.213 0 0 0 -6 1-4cyls2.dat
1 16 0 0 10 4 0 0 0 1 0 0 0 4 4-4disc.dat
2 24 6 2.213 10 5.543 1.908 12.296
2 24 5.543 1.908 12.296 4.243 1.039 14.243
2 24 4.243 1.039 14.243 3.827 0.915 14.521
2 24 3.827 0.915 14.521 2.296 0.457 15.543
2 24 2.296 0.457 15.543 0 0 16
2 24 0 0 16 -2.296 0.457 15.543
2 24 -2.296 0.457 15.543 -3.827 0.915 14.521
2 24 -3.827 0.915 14.521 -4.243 1.039 14.243
2 24 -4.243 1.039 14.243 -5.543 1.908 12.296
2 24 -5.543 1.908 12.296 -6 2.213 10
2 24 -6 2.213 10 -5.543 1.908 7.704
2 24 -5.543 1.908 7.704 -4.243 1.039 5.757
2 24 -4.243 1.039 5.757 -3.827 0.915 5.479
2 24 -3.827 0.915 5.479 -2.296 0.457 4.457
2 24 -2.296 0.457 4.457 0 0 4
2 24 0 0 4 2.296 0.457 4.457
2 24 2.296 0.457 4.457 3.827 0.915 5.479
2 24 3.827 0.915 5.479 4.243 1.039 5.757
2 24 4.243 1.039 5.757 5.543 1.908 7.704
2 24 5.543 1.908 7.704 6 2.213 10
1 16 7 15.31 10 0 -1 0 0 0 8.69 -1 0 0 box4-7a.dat
2 24 7 10 11 7 24 11
2 24 7 10 9 7 24 9
2 24 6.468 7.319 11 6 6.62 11
2 24 6.468 7.319 11 7 10 11
2 24 6.468 7.319 9 6 6.62 9
2 24 6.468 7.319 9 7 10 9
2 24 6 6.62 9 6 6.62 11
1 16 7 15.31 -10 0 -1 0 0 0 8.69 -1 0 0 box4-7a.dat
2 24 7 10 -9 7 24 -9
2 24 7 10 -11 7 24 -11
2 24 6.468 7.319 -9 6 6.62 -9
2 24 6.468 7.319 -9 7 10 -9
2 24 6.468 7.319 -11 6 6.62 -11
2 24 6.468 7.319 -11 7 10 -11
2 24 6 6.62 -11 6 6.62 -9
1 16 -7 15.31 -10 0 1 0 0 0 8.69 1 0 0 box4-7a.dat
2 24 -7 10 -11 -7 24 -11
2 24 -7 10 -9 -7 24 -9
2 24 -6.468 7.319 -11 -6 6.62 -11
2 24 -6.468 7.319 -11 -7 10 -11
2 24 -6.468 7.319 -9 -6 6.62 -9
2 24 -6.468 7.319 -9 -7 10 -9
2 24 -6 6.62 -9 -6 6.62 -11
1 16 -7 15.31 10 0 1 0 0 0 8.69 1 0 0 box4-7a.dat
2 24 -7 10 9 -7 24 9
2 24 -7 10 11 -7 24 11
2 24 -6.468 7.319 9 -6 6.62 9
2 24 -6.468 7.319 9 -7 10 9
2 24 -6.468 7.319 11 -6 6.62 11
2 24 -6.468 7.319 11 -7 10 11
2 24 -6 6.62 11 -6 6.62 9
1 16 0 10 -1 7 0 0 0 0 -7 0 1 0 2-4edge.dat
1 16 0 10 1 7 0 0 0 0 -7 0 1 0 2-4edge.dat
1 16 0 10 1 7 0 0 0 0 -7 0 -1 0 2-4disc.dat
1 16 0 10 -1 7 0 0 0 0 -7 0 1 0 2-4disc.dat
2 24 7 20 1 3.802 20 1
2 24 7 20 -1 3.802 20 -1
2 24 -7 20 1 -3.802 20 1
2 24 -7 20 -1 -3.802 20 -1
2 24 4 20 0 3.802 20 1
2 24 4 20 0 3.802 20 -1
2 24 -4 20 0 -3.802 20 -1
2 24 -4 20 0 -3.802 20 1
2 24 7 20 -1 7 20 1
2 24 -7 20 -1 -7 20 1
2 24 7 10 1 7 20 1
2 24 7 10 -1 7 20 -1
2 24 -7 10 1 -7 20 1
2 24 -7 10 -1 -7 20 -1
2 24 3.802 20 -1 3.802 4.283 -1
2 24 3.802 20 1 3.802 4.283 1
2 24 -3.802 20 1 -3.802 4.283 1
2 24 -3.802 20 -1 -3.802 4.283 -1
4 16 7 20 -1 7 10 -1 3.802 10 -1 3.802 20 -1
4 16 -3.802 20 -1 -3.802 10 -1 -7 10 -1 -7 20 -1
4 16 -7 20 1 -7 10 1 -3.802 10 1 -3.802 20 1
4 16 3.802 20 1 3.802 10 1 7 10 1 7 20 1
4 16 7 20 -1 3.802 20 -1 3.802 20 1 7 20 1
4 16 -7 20 1 -3.802 20 1 -3.802 20 -1 -7 20 -1
0
