0 Cylinder  3 x  6 x  2 2/3 Horizontal
0 Name: 30360.dat
0 Author: John Van Zwieten [jvan]
0 !LDRAW_ORG Part UPDATE 2009-01
0 !LICENSE Redistributable under CCAL version 2.0 : see CAreadme.txt

0 BFC CERTIFY CCW

0 !HISTORY 1999-12-31 [PTadmin] Official Update 1999-06
0 !HISTORY 2007-06-07 [PTadmin] Header formatted for Contributor Agreement
0 !HISTORY 2008-07-01 [PTadmin] Official Update 2008-01
0 !HISTORY 2008-07-07 [guyvivan] Made BFC compliant, change to "48"-ed (2004-10-11)
0 !HISTORY 2008-07-08 [Steffen] Un-mirrored one stud; replaced 2 stud2 with stud2a plus 4-4edge (2004-11-30) 
0 !HISTORY 2009-05-02 [PTadmin] Official Update 2009-01

1 16 0 0 -20 11.48 0 27.716 -27.716 0 11.48 0 1 0 48\1-8edge.dat
1 16 0 0 -20 27.716 0 -11.48 11.48 0 27.716 0 1 0 48\1-8edge.dat
1 16 0 0 -20 -11.48 0 -27.717 27.717 0 -11.48 0 1 0 48\1-8edge.dat
1 16 0 0 -20 -27.716 0 11.48 -11.48 0 -27.716 0 1 0 48\1-8edge.dat
1 16 0 0 -60 -11.48 0 -27.716 27.716 0 -11.48 0 1 0 48\2-4edge.dat
1 16 0 0 -60 11.48 0 27.716 -27.716 0 11.48 0 1 0 48\3-8edge.dat
1 16 0 0 -60 26 0 0 0 0 26 0 1 0 48\4-4edge.dat
1 16 0 0 -24 26 0 0 0 0 26 0 1 0 48\4-4edge.dat
1 16 10 -10 -20 4 0 0 0 0 4 0 1 0 4-4edge.dat
1 16 10 -10 -20 4 0 0 0 0 4 0 -1 0 4-4ndis.dat
1 16 10 -10 -36 6 0 0 0 0 6 0 1 0 4-4edge.dat
1 16 10 -10 -36 6.5 0 0 0 0 6.5 0 1 0 4-4edge.dat
1 16 10 -10 -24 6.5 0 0 0 0 6.5 0 1 0 4-4edge.dat
0 BFC INVERTNEXT
1 16 10 -10 -20 4 0 0 0 0 4 0 -16 0 4-4cyli.dat
1 16 10 -10 -36 1.625 0 0 0 0 1.625 0 1 0 4-4ring3.dat
1 16 10 -10 -36 1 0 0 0 0 1 0 1 0 stud2a.dat
1 16 10 -10 -24 6.5 0 0 0 0 6.5 0 -12 0 4-4cyli.dat
1 16 10 -10 -24 6.5 0 0 0 0 6.5 0 1 0 4-4ndis.dat
1 16 -10 -10 -20 -4 0 0 0 0 4 0 1 0 4-4edge.dat
1 16 -10 -10 -20 -4 0 0 0 0 4 0 -1 0 4-4ndis.dat
1 16 -10 -10 -36 -6 0 0 0 0 6 0 1 0 4-4edge.dat
1 16 -10 -10 -36 -6.5 0 0 0 0 6.5 0 1 0 4-4edge.dat
1 16 -10 -10 -24 -6.5 0 0 0 0 6.5 0 1 0 4-4edge.dat
0 BFC INVERTNEXT
1 16 -10 -10 -20 -4 0 0 0 0 4 0 -16 0 4-4cyli.dat
1 16 -10 -10 -36 -1.625 0 0 0 0 1.625 0 1 0 4-4ring3.dat
1 16 -10 -10 -36 -1 0 0 0 0 1 0 1 0 stud2a.dat
1 16 -10 -10 -24 -6.5 0 0 0 0 6.5 0 -12 0 4-4cyli.dat
1 16 -10 -10 -24 -6.5 0 0 0 0 6.5 0 1 0 4-4ndis.dat
1 16 10 10 -24 3 0 0 0 0 -3 0 1 0 4-4edge.dat
1 16 10 10 -36 3 0 0 0 0 -3 0 1 0 4-4edge.dat
1 16 10 10 -36 6 0 0 0 0 -6 0 1 0 4-4edge.dat
1 16 10 10 -36 6.5 0 0 0 0 -6.5 0 1 0 4-4edge.dat
1 16 10 10 -24 6.5 0 0 0 0 -6.5 0 1 0 4-4edge.dat
0 BFC INVERTNEXT
1 16 10 10 -24 3 0 0 0 0 -3 0 -12 0 4-4cyli.dat
1 16 10 10 -36 1.625 0 0 0 0 -1.625 0 1 0 4-4ring3.dat
1 16 10 10 -36 1 0 0 0 0 -1 0 1 0 4-4ring3.dat
1 16 10 10 -36 1 0 0 0 0 -1 0 1 0 stud2a.dat
1 16 10 10 -36 4 0 0 0 0 4 0 -4 0 4-4edge.dat
1 16 -10 10 -36 4 0 0 0 0 4 0 -4 0 4-4edge.dat
1 16 10 10 -24 6.5 0 0 0 0 -6.5 0 -12 0 4-4cyli.dat
1 16 -10 10 -24 -3 0 0 0 0 -3 0 1 0 4-4edge.dat
1 16 -10 10 -36 -3 0 0 0 0 -3 0 1 0 4-4edge.dat
1 16 -10 10 -36 -6 0 0 0 0 -6 0 1 0 4-4edge.dat
1 16 -10 10 -36 -6.5 0 0 0 0 -6.5 0 1 0 4-4edge.dat
1 16 -10 10 -24 -6.5 0 0 0 0 -6.5 0 1 0 4-4edge.dat
0 BFC INVERTNEXT
1 16 -10 10 -24 -3 0 0 0 0 -3 0 -12 0 4-4cyli.dat
1 16 -10 10 -36 -1.625 0 0 0 0 -1.625 0 1 0 4-4ring3.dat
1 16 -10 10 -36 -1 0 0 0 0 -1 0 1 0 4-4ring3.dat
1 16 -10 10 -36 -1 0 0 0 0 -1 0 1 0 stud2a.dat
1 16 -10 10 -24 -6.5 0 0 0 0 -6.5 0 -12 0 4-4cyli.dat
1 16 0 0 -20 4.95 0 0 0 0 -4.95 0 -1 0 48\2-4ring4.dat
1 16 0 0 -20 -6 0 0 0 0 -6 0 -1 0 48\2-4ring4.dat
4 16 14 -14 -20 -14 -14 -20 -14 -20 -20 14 -20 -20
4 16 20 -14 -20 20 0 -20 14 0 -20 14 -14 -20
4 16 -20 0 -20 -20 -14 -20 -14 -14 -20 -14 0 -20
4 16 -6 -14 -20 6 -14 -20 6 -6 -20 -6 -6 -20
1 16 0 0 -24 -5.2 0 0 0 0 -5.2 0 1 0 48\2-4ring4.dat
3 16 -16.5 -16.5 -24 16.5 -16.5 -24 0 -22 -24
3 16 16.5 -16.5 -24 16.5 0 -24 22 0 -24
3 16 -16.5 -16.5 -24 -22 0 -24 -16.5 0 -24
4 16 3.5 -16.5 -24 -3.5 -16.5 -24 -3.5 -3.5 -24 3.5 -3.5 -24
4 16 -16.5 -3.5 -24 -16.5 0 -24 16.5 0 -24 16.5 -3.5 -24
1 16 0 0 -24 20 0 0 0 0 20 0 -12 0 48\4-4cyli.dat
1 16 0 0 -24 -8.99999 0 15.5884 -15.5884 0 -8.99999 0 1 0 48\1-6edge.dat
1 16 0 0 -36 -6.8883 0 16.6298 -16.6298 0 -6.8883 0 1 0 48\1-8edge.dat
0 BFC INVERTNEXT
1 16 0 0 -24 -9 0 15.5885 -15.5885 0 -9 0 -12 0 48\1-6cyli.dat
1 16 0 0 -24 -15.5884 0 -8.99999 8.99999 0 -15.5884 0 1 0 48\1-6edge.dat
1 16 0 0 -36 -16.6298 0 -6.8883 6.8883 0 -16.6298 0 1 0 48\1-8edge.dat
0 BFC INVERTNEXT
1 16 0 0 -24 -15.5885 0 -9 9 0 -15.5885 0 -12 0 48\1-6cyli.dat
1 16 0 0 -24 8.99999 0 -15.5884 15.5884 0 8.99999 0 1 0 48\1-6edge.dat
1 16 0 0 -36 6.8883 0 -16.6298 16.6298 0 6.8883 0 1 0 48\1-8edge.dat
0 BFC INVERTNEXT
1 16 0 0 -24 9 0 -15.5885 15.5885 0 9 0 -12 0 48\1-6cyli.dat
1 16 0 0 -24 15.5884 0 8.99999 -8.99999 0 15.5884 0 1 0 48\1-6edge.dat
1 16 0 0 -36 16.6298 0 6.8883 -6.8883 0 16.6298 0 1 0 48\1-8edge.dat
0 BFC INVERTNEXT
1 16 0 0 -24 15.5885 0 9 -9 0 15.5885 0 -12 0 48\1-6cyli.dat
1 16 0 0 -36 1.58671 0 1.21752 -1.21752 0 1.58671 0 1 0 48\5-24rin9.dat
1 16 0 0 -36 -1.21752 0 1.58671 -1.58671 0 -1.21752 0 1 0 48\5-24rin9.dat
1 16 0 0 -36 -1.58671 0 -1.21752 1.21752 0 -1.58671 0 1 0 48\5-24rin9.dat
1 16 0 0 -36 1.21752 0 -1.58671 1.58671 0 1.21752 0 1 0 48\5-24rin9.dat
0 BFC INVERTNEXT
1 16 0 0 -36 15.8671 0 12.1752 -12.1752 0 15.8671 0 1 0 48\1-12edge.dat
1 16 0 0 -24 15.8671 0 12.1752 -12.1752 0 15.8671 0 1 0 48\1-12edge.dat
1 16 0 0 -36 19.8289 0 -2.61052 2.61052 0 19.8289 0 1 0 48\1-12edge.dat
1 16 0 0 -24 19.8289 0 -2.61052 2.61052 0 19.8289 0 1 0 48\1-12edge.dat
1 16 0 0 -36 -12.1752 0 15.8671 -15.8671 0 -12.1752 0 1 0 48\1-12edge.dat
1 16 0 0 -24 -12.1752 0 15.8671 -15.8671 0 -12.1752 0 1 0 48\1-12edge.dat
1 16 0 0 -36 2.61052 0 19.8289 -19.8289 0 2.61052 0 1 0 48\1-12edge.dat
1 16 0 0 -24 2.61052 0 19.8289 -19.8289 0 2.61052 0 1 0 48\1-12edge.dat
1 16 0 0 -36 -15.8671 0 -12.1752 12.1752 0 -15.8671 0 1 0 48\1-12edge.dat
1 16 0 0 -24 -15.8671 0 -12.1752 12.1752 0 -15.8671 0 1 0 48\1-12edge.dat
1 16 0 0 -36 -19.8289 0 2.61052 -2.61052 0 -19.8289 0 1 0 48\1-12edge.dat
1 16 0 0 -24 -19.8289 0 2.61052 -2.61052 0 -19.8289 0 1 0 48\1-12edge.dat
1 16 0 0 -36 12.1752 0 -15.8671 15.8671 0 12.1752 0 1 0 48\1-12edge.dat
1 16 0 0 -24 12.1752 0 -15.8671 15.8671 0 12.1752 0 1 0 48\1-12edge.dat
1 16 0 0 -36 -2.61052 0 -19.8289 19.8289 0 -2.61052 0 1 0 48\1-12edge.dat
1 16 0 0 -24 -2.61052 0 -19.8289 19.8289 0 -2.61052 0 1 0 48\1-12edge.dat
2 24 19.901 -1.5 -36 19.901 -1.5 -24
2 24 19.901 1.5 -36 19.901 1.5 -24
2 24 16.153 -11.749 -36 16.153 -11.749 -24
2 24 16.153 11.749 -36 16.153 11.749 -24
2 24 -11.749 -16.153 -36 -11.749 -16.153 -24
2 24 11.749 -16.153 -36 11.749 -16.153 -24
2 24 -16.153 11.749 -36 -16.153 11.749 -24
2 24 -16.153 -11.749 -36 -16.153 -11.749 -24
2 24 11.749 16.153 -36 11.749 16.153 -24
2 24 -11.749 16.153 -36 -11.749 16.153 -24
2 24 19.901 -1.5 -36 25.901 -1.5 -36
2 24 19.901 1.5 -36 25.901 1.5 -36
2 24 25.901 -1.5 -36 26 0 -36
2 24 25.901 1.5 -36 26 0 -36
2 24 19.901 -1.5 -24 25.901 -1.5 -24
2 24 19.901 1.5 -24 25.901 1.5 -24
2 24 25.901 -1.5 -36 25.901 -1.5 -24
2 24 25.901 1.5 -36 25.901 1.5 -24
2 24 19.901 -1.5 -24 19.828 -2.61 -24
2 24 19.901 1.5 -24 19.828 2.61 -24
2 24 19.901 -1.5 -36 19.828 -2.61 -36
2 24 19.901 1.5 -36 19.828 2.61 -36
4 16 19.901 -1.5 -24 19.901 -1.5 -36 25.901 -1.5 -36 25.901 -1.5 -24
4 16 19.901 1.5 -36 19.901 1.5 -24 25.901 1.5 -24 25.901 1.5 -36
4 16 19.901 1.5 -36 26 1.5 -36 26 -1.5 -36 19.901 -1.5 -36
2 24 16.097 -7.969 -36 16.097 -7.969 -24
2 24 16.097 7.969 -36 16.097 7.969 -24
2 24 -7.969 -16.097 -36 -7.969 -16.097 -24
2 24 7.969 -16.097 -36 7.969 -16.097 -24
2 24 -16.097 7.969 -36 -16.097 7.969 -24
2 24 -16.097 -7.969 -36 -16.097 -7.969 -24
2 24 7.969 16.097 -36 7.969 16.097 -24
2 24 -7.969 16.097 -36 -7.969 16.097 -24
2 24 16.097 -7.969 -36 16.63 -6.889 -36
2 24 16.097 7.969 -36 16.63 6.889 -36
2 24 -7.969 -16.097 -36 -6.889 -16.63 -36
2 24 7.969 -16.097 -36 6.889 -16.63 -36
2 24 -16.097 7.969 -36 -16.63 6.889 -36
2 24 -16.097 -7.969 -36 -16.63 -6.889 -36
2 24 7.969 16.097 -36 6.889 16.63 -36
2 24 -7.969 16.097 -36 -6.889 16.63 -36
1 16 0 0 -33 9.239 0 3.827 -3.827 0 9.239 0 1 0 48\1-8edge.dat
1 16 0 0 -33 11.087 0 4.592 -4.592 0 11.087 0 1 0 48\1-8edge.dat
1 16 0 0 -24 9.239 0 3.827 -3.827 0 9.239 0 1 0 48\1-8edge.dat
1 16 0 0 -24 11.087 0 4.592 -4.592 0 11.087 0 1 0 48\1-8edge.dat
1 16 0 0 -33 1.84776 0 0.765367 -0.765367 0 1.84776 0 1 0 48\1-8ring5.dat
1 16 0 0 -33 -0.765367 0 1.84776 -1.84776 0 -0.765367 0 1 0 48\1-8ring5.dat
1 16 0 0 -33 -1.84776 0 -0.765367 0.765367 0 -1.84776 0 1 0 48\1-8ring5.dat
1 16 0 0 -33 0.765367 0 -1.84776 1.84776 0 0.765367 0 1 0 48\1-8ring5.dat
0 BFC INVERTNEXT
1 16 0 0 -33 9.239 0 3.827 -3.827 0 9.239 0 9 0 48\1-8cyli.dat
1 16 0 0 -33 11.087 0 4.592 -4.592 0 11.087 0 9 0 48\1-8cyli.dat
2 24 9.275 -3.644 -33 9.275 -3.644 -24
2 24 9.275 3.644 -33 9.275 3.644 -24
2 24 -3.644 -9.275 -33 -3.644 -9.275 -24
2 24 3.644 -9.275 -33 3.644 -9.275 -24
2 24 -9.275 3.644 -33 -9.275 3.644 -24
2 24 -9.275 -3.644 -33 -9.275 -3.644 -24
2 24 3.644 9.275 -33 3.644 9.275 -24
2 24 -3.644 9.275 -33 -3.644 9.275 -24
2 24 11.255 -3.749 -33 11.255 -3.749 -24
2 24 11.255 3.749 -33 11.255 3.749 -24
2 24 -3.749 -11.255 -33 -3.749 -11.255 -24
2 24 3.749 -11.255 -33 3.749 -11.255 -24
2 24 -11.255 3.749 -33 -11.255 3.749 -24
2 24 -11.255 -3.749 -33 -11.255 -3.749 -24
2 24 3.749 11.255 -33 3.749 11.255 -24
2 24 -3.749 11.255 -33 -3.749 11.255 -24
2 24 9.275 -3.644 -33 10 -3.5 -33
2 24 11.255 -3.749 -33 10 -3.5 -33
2 24 9.275 3.644 -33 10 3.5 -33
2 24 11.255 3.749 -33 10 3.5 -33
2 24 -3.644 -9.275 -33 -3.5 -10 -33
2 24 -3.749 -11.255 -33 -3.5 -10 -33
2 24 3.644 -9.275 -33 3.5 -10 -33
2 24 3.749 -11.255 -33 3.5 -10 -33
2 24 -9.275 3.644 -33 -10 3.5 -33
2 24 -11.255 3.749 -33 -10 3.5 -33
2 24 -9.275 -3.644 -33 -10 -3.5 -33
2 24 -11.255 -3.749 -33 -10 -3.5 -33
2 24 3.644 9.275 -33 3.5 10 -33
2 24 3.749 11.255 -33 3.5 10 -33
2 24 -3.644 9.275 -33 -3.5 10 -33
2 24 -3.749 11.255 -33 -3.5 10 -33
2 24 -19.828 -2.61 -36 -19.901 -1.5 -36
2 24 -19.901 1.5 -36 -19.828 2.61 -36
2 24 -19.901 -1.5 -36 -19.901 -1.5 -24
2 24 -19.901 1.5 -36 -19.901 1.5 -24
2 24 -19.828 -2.61 -24 -19.901 -1.5 -24
2 24 -19.901 1.5 -24 -19.828 2.61 -24
2 24 -19.901 -1.5 -36 -25.901 -1.5 -36
2 24 -19.901 1.5 -36 -25.901 1.5 -36
2 24 -25.901 -1.5 -36 -26 0 -36
2 24 -25.901 1.5 -36 -26 0 -36
2 24 -19.901 -1.5 -24 -25.901 -1.5 -24
2 24 -19.901 1.5 -24 -25.901 1.5 -24
2 24 -25.901 -1.5 -36 -25.901 -1.5 -24
2 24 -25.901 1.5 -36 -25.901 1.5 -24
4 16 -19.901 -1.5 -36 -19.901 -1.5 -24 -25.901 -1.5 -24 -25.901 -1.5 -36
4 16 -19.901 1.5 -24 -19.901 1.5 -36 -25.901 1.5 -36 -25.901 1.5 -24
4 16 -19.901 -1.5 -36 -26 -1.5 -36 -26 1.5 -36 -19.901 1.5 -36
1 16 0 0 -33 -9.239 0 -3.827 -3.827 0 9.239 0 1 0 48\1-8edge.dat
1 16 0 0 -33 -11.087 0 -4.592 -4.592 0 11.087 0 1 0 48\1-8edge.dat
1 16 0 0 -24 -9.239 0 -3.827 -3.827 0 9.239 0 1 0 48\1-8edge.dat
1 16 0 0 -24 -11.087 0 -4.592 -4.592 0 11.087 0 1 0 48\1-8edge.dat
0 BFC INVERTNEXT
1 16 0 0 -33 -9.239 0 -3.827 -3.827 0 9.239 0 9 0 48\1-8cyli.dat
1 16 0 0 -33 -11.087 0 -4.592 -4.592 0 11.087 0 9 0 48\1-8cyli.dat
2 24 2.61 19.828 -36 1.5 19.901 -36
2 24 -1.5 19.901 -36 -2.61 19.828 -36
2 24 1.5 19.901 -36 1.5 19.901 -24
2 24 -1.5 19.901 -36 -1.5 19.901 -24
2 24 2.61 19.828 -24 1.5 19.901 -24
2 24 -1.5 19.901 -24 -2.61 19.828 -24
2 24 1.5 19.901 -36 1.5 25.901 -36
2 24 -1.5 19.901 -36 -1.5 25.901 -36
2 24 1.5 25.901 -36 0 26 -36
2 24 -1.5 25.901 -36 0 26 -36
2 24 1.5 19.901 -24 1.5 25.901 -24
2 24 -1.5 19.901 -24 -1.5 25.901 -24
2 24 1.5 25.901 -36 1.5 25.901 -24
2 24 -1.5 25.901 -36 -1.5 25.901 -24
4 16 1.5 19.901 -24 1.5 19.901 -36 1.5 25.901 -36 1.5 25.901 -24
4 16 -1.5 19.901 -36 -1.5 19.901 -24 -1.5 25.901 -24 -1.5 25.901 -36
4 16 -1.5 19.901 -36 -1.5 26 -36 1.5 26 -36 1.5 19.901 -36
1 16 0 0 -33 3.827 0 -9.239 9.239 0 3.827 0 1 0 48\1-8edge.dat
1 16 0 0 -33 4.592 0 -11.087 11.087 0 4.592 0 1 0 48\1-8edge.dat
1 16 0 0 -24 3.827 0 -9.239 9.239 0 3.827 0 1 0 48\1-8edge.dat
1 16 0 0 -24 4.592 0 -11.087 11.087 0 4.592 0 1 0 48\1-8edge.dat
0 BFC INVERTNEXT
1 16 0 0 -33 3.827 0 -9.239 9.239 0 3.827 0 9 0 48\1-8cyli.dat
1 16 0 0 -33 4.592 0 -11.087 11.087 0 4.592 0 9 0 48\1-8cyli.dat
2 24 2.61 -19.828 -36 1.5 -19.901 -36
2 24 -1.5 -19.901 -36 -2.61 -19.828 -36
2 24 1.5 -19.901 -36 1.5 -19.901 -24
2 24 -1.5 -19.901 -36 -1.5 -19.901 -24
2 24 2.61 -19.828 -24 1.5 -19.901 -24
2 24 -1.5 -19.901 -24 -2.61 -19.828 -24
2 24 1.5 -19.901 -36 1.5 -25.901 -36
2 24 -1.5 -19.901 -36 -1.5 -25.901 -36
2 24 1.5 -25.901 -36 0 -26 -36
2 24 -1.5 -25.901 -36 0 -26 -36
2 24 1.5 -19.901 -24 1.5 -25.901 -24
2 24 -1.5 -19.901 -24 -1.5 -25.901 -24
2 24 1.5 -25.901 -36 1.5 -25.901 -24
2 24 -1.5 -25.901 -36 -1.5 -25.901 -24
4 16 1.5 -19.901 -36 1.5 -19.901 -24 1.5 -25.901 -24 1.5 -25.901 -36
4 16 -1.5 -19.901 -24 -1.5 -19.901 -36 -1.5 -25.901 -36 -1.5 -25.901 -24
4 16 1.5 -19.901 -36 1.5 -26 -36 -1.5 -26 -36 -1.5 -19.901 -36
1 16 0 0 -33 3.827 0 -9.239 -9.239 0 -3.827 0 1 0 48\1-8edge.dat
1 16 0 0 -33 4.592 0 -11.087 -11.087 0 -4.592 0 1 0 48\1-8edge.dat
1 16 0 0 -24 3.827 0 -9.239 -9.239 0 -3.827 0 1 0 48\1-8edge.dat
1 16 0 0 -24 4.592 0 -11.087 -11.087 0 -4.592 0 1 0 48\1-8edge.dat
0 BFC INVERTNEXT
1 16 0 0 -33 3.827 0 -9.239 -9.239 0 -3.827 0 9 0 48\1-8cyli.dat
1 16 0 0 -33 4.592 0 -11.087 -11.087 0 -4.592 0 9 0 48\1-8cyli.dat
1 16 0 0 -20 30 0 0 0 0 30 0 -1 0 48\2-4disc.dat
1 16 0 0 -24 26 0 0 0 0 26 0 1 0 48\2-4disc.dat
1 16 0 0 -20 30 0 0 0 0 30 0 -40 0 48\4-4cyli.dat
1 16 0 30 -40 0 0 1 0 -1 0 1 0 0 stud3.dat
0 BFC INVERTNEXT
1 16 0 34 -40 0 0 6 0 -4 0 16 0 0 box5.dat
1 16 0 34 -40 0 0 10 0 -5.781 0 20 0 0 box4o4a.dat
1 16 0 34 40 0 0 10 0 -5.781 0 20 0 0 box4o4a.dat
2 24 10 28.219 -20 10 28.219 -60
2 24 -10 28.219 -60 -10 28.219 -20
1 16 0 0 -60 2.6 0 0 0 0 2.6 0 1 0 48\4-4rin10.dat
1 16 0 0 -60 2.727 0 0 0 0 2.727 0 1 0 48\4-4rin10.dat
0 BFC INVERTNEXT
1 16 0 0 -24 26 0 0 0 0 26 0 -36 0 48\4-4cyli.dat
2 24 -11.481 -27.717 -20 -10 -28.219 -20
2 24 10 -28.219 -20 11.48 -27.717 -20
4 16 10 -28.219 -20 -10 -28.219 -20 -10 -30 -20 10 -30 -20
4 16 10 -28.219 40 -10 -28.219 40 -10 -30 40 10 -30 40
1 16 0 -30 -30 1 0 0 0 1 0 0 0 1 stud2.dat
1 16 0 -28.219 -30 0 0 10 0 -1.781 0 10 0 0 BOX3U2P.DAT
1 16 0 0 20 11.48 0 27.716 -27.716 0 11.48 0 -1 0 48\1-8edge.dat
1 16 0 0 20 27.716 0 -11.48 11.48 0 27.716 0 -1 0 48\1-8edge.dat
1 16 0 0 20 -11.48 0 -27.717 27.717 0 -11.48 0 -1 0 48\1-8edge.dat
1 16 0 0 20 -27.716 0 11.48 -11.48 0 -27.716 0 -1 0 48\1-8edge.dat
2 24 2.398 8 44 2 10 44
2 24 2.398 12 44 2 10 44
2 24 -2.398 8 44 -2 10 44
2 24 -2.398 12 44 -2 10 44
2 24 2.398 8 44 -2.398 8 44
2 24 2.398 12 44 -2.398 12 44
2 24 2.398 8 24 2 10 24
2 24 2.398 12 24 2 10 24
2 24 -2.398 8 24 -2 10 24
2 24 -2.398 12 24 -2 10 24
2 24 2.398 8 24 -2.398 8 24
2 24 2.398 12 24 -2.398 12 24
2 24 2.398 8 44 2.398 8 24
2 24 -2.398 8 44 -2.398 8 24
2 24 2.398 12 44 2.398 12 24
2 24 -2.398 12 44 -2.398 12 24
4 16 2.398 12 44 -2.398 12 44 -2.398 8 44 2.398 8 44
4 16 2.398 8 44 -2.398 8 44 -2.398 8 24 2.398 8 24
4 16 2.398 12 24 -2.398 12 24 -2.398 12 44 2.398 12 44
2 24 -8 2.398 44 -10 2 44
2 24 -12 2.398 44 -10 2 44
2 24 -8 -2.398 44 -10 -2 44
2 24 -12 -2.398 44 -10 -2 44
2 24 -8 2.398 44 -8 -2.398 44
2 24 -12 2.398 44 -12 -2.398 44
2 24 -8 2.398 24 -10 2 24
2 24 -12 2.398 24 -10 2 24
2 24 -8 -2.398 24 -10 -2 24
2 24 -12 -2.398 24 -10 -2 24
2 24 -8 2.398 24 -8 -2.398 24
2 24 -12 2.398 24 -12 -2.398 24
2 24 -8 2.398 44 -8 2.398 24
2 24 -8 -2.398 44 -8 -2.398 24
2 24 -12 2.398 44 -12 2.398 24
2 24 -12 -2.398 44 -12 -2.398 24
4 16 -12 2.398 44 -12 -2.398 44 -8 -2.398 44 -8 2.398 44
4 16 -8 2.398 44 -8 -2.398 44 -8 -2.398 24 -8 2.398 24
4 16 -12 2.398 24 -12 -2.398 24 -12 -2.398 44 -12 2.398 44
2 24 8 -2.398 44 10 -2 44
2 24 12 -2.398 44 10 -2 44
2 24 8 2.398 44 10 2 44
2 24 12 2.398 44 10 2 44
2 24 8 -2.398 44 8 2.398 44
2 24 12 -2.398 44 12 2.398 44
2 24 8 -2.398 24 10 -2 24
2 24 12 -2.398 24 10 -2 24
2 24 8 2.398 24 10 2 24
2 24 12 2.398 24 10 2 24
2 24 8 -2.398 24 8 2.398 24
2 24 12 -2.398 24 12 2.398 24
2 24 8 -2.398 44 8 -2.398 24
2 24 8 2.398 44 8 2.398 24
2 24 12 -2.398 44 12 -2.398 24
2 24 12 2.398 44 12 2.398 24
4 16 12 -2.398 44 12 2.398 44 8 2.398 44 8 -2.398 44
4 16 8 -2.398 44 8 2.398 44 8 2.398 24 8 -2.398 24
4 16 12 -2.398 24 12 2.398 24 12 2.398 44 12 -2.398 44
2 24 -2.398 -8 44 -2 -10 44
2 24 -2.398 -12 44 -2 -10 44
2 24 2.398 -8 44 2 -10 44
2 24 2.398 -12 44 2 -10 44
2 24 -2.398 -8 44 2.398 -8 44
2 24 -2.398 -12 44 2.398 -12 44
2 24 -2.398 -8 24 -2 -10 24
2 24 -2.398 -12 24 -2 -10 24
2 24 2.398 -8 24 2 -10 24
2 24 2.398 -12 24 2 -10 24
2 24 -2.398 -8 24 2.398 -8 24
2 24 -2.398 -12 24 2.398 -12 24
2 24 -2.398 -8 44 -2.398 -8 24
2 24 2.398 -8 44 2.398 -8 24
2 24 -2.398 -12 44 -2.398 -12 24
2 24 2.398 -12 44 2.398 -12 24
4 16 -2.398 -12 44 2.398 -12 44 2.398 -8 44 -2.398 -8 44
4 16 -2.398 -8 44 2.398 -8 44 2.398 -8 24 -2.398 -8 24
4 16 -2.398 -12 24 2.398 -12 24 2.398 -12 44 -2.398 -12 44
1 16 10 -10 20 4 0 0 0 0 4 0 -1 0 4-4edge.dat
1 16 10 -10 20 4 0 0 0 0 4 0 1 0 4-4ndis.dat
1 16 10 -10 24 4 0 0 0 0 4 0 -1 0 4-4edge.dat
0 BFC INVERTNEXT
1 16 10 -10 20 4 0 0 0 0 4 0 4 0 4-4cyli.dat
1 16 10 -10 24 2 0 0 0 0 2 0 -1 0 4-4ring2.dat
1 16 10 -10 24 1 0 0 0 0 1 0 -9 0 stud4.dat
1 16 10 -10 24 8 0 0 0 0 8 0 -1 0 3-4ndis.dat
1 16 -10 -10 20 4 0 0 0 0 4 0 -1 0 4-4edge.dat
1 16 -10 -10 20 4 0 0 0 0 4 0 1 0 4-4ndis.dat
1 16 -10 -10 24 4 0 0 0 0 4 0 -1 0 4-4edge.dat
0 BFC INVERTNEXT
1 16 -10 -10 20 4 0 0 0 0 4 0 4 0 4-4cyli.dat
1 16 -10 -10 24 2 0 0 0 0 2 0 -1 0 4-4ring2.dat
1 16 -10 -10 24 1 0 0 0 0 1 0 -9 0 stud4.dat
1 16 -10 -10 24 0 0 8 -8 0 0 0 -1 0 3-4ndis.dat
1 16 10 10 24 1 0 0 0 0 1 0 -9 0 stud4.dat
1 16 -10 10 24 1 0 0 0 0 1 0 -9 0 stud4.dat
1 16 0 0 20 -6 0 0 0 0 -6 0 1 0 48\2-4ring4.dat
1 16 0 0 20 -4.95 0 0 0 0 -4.95 0 1 0 48\2-4ring4.dat
4 16 -14 -14 20 14 -14 20 14 -20 20 -14 -20 20
4 16 14 -14 20 14 0 20 20 0 20 20 -14 20
4 16 -14 0 20 -14 -14 20 -20 -14 20 -20 0 20
4 16 6 -14 20 -6 -14 20 -6 -6 20 6 -6 20
1 16 0 0 24 26 0 0 0 0 26 0 -1 0 48\2-4disc.dat
1 16 0 0 24 -5.2 0 0 0 0 -5.2 0 -1 0 48\2-4ring4.dat
4 16 10 -18 24 -10 -18 24 -10 -21.5 24 10 -21.5 24
4 16 18 0 24 18 -10 24 21.5 -10 24 21.5 0 24
4 16 -18 -10 24 -18 0 24 -21.5 0 24 -21.5 -10 24
4 16 -2 -18 24 2 -18 24 2 -2 24 -2 -2 24
4 16 18 -2 24 18 0 24 -18 0 24 -18 -2 24
1 16 0 0 20 30 0 0 0 0 30 0 1 0 48\2-4disc.dat
1 16 0 0 20 30 0 0 0 0 30 0 36 0 48\4-4cyli.dat
1 16 0 30 40 0 0 1 0 -1 0 -1 0 0 stud3.dat
0 BFC INVERTNEXT
1 16 0 34 40 0 0 6 0 -4 0 -16 0 0 box5.dat
4 16 10 34 20 6 34 24 6 34 56 10 34 60
4 16 10 34 60 6 34 56 -6 34 56 -10 34 60
4 16 10 34 -60 6 34 -56 6 34 -24 10 34 -20
4 16 10 34 -20 6 34 -24 -6 34 -24 -10 34 -20
4 16 -10 34 60 -6 34 56 -6 34 24 -10 34 20
4 16 -10 34 20 -6 34 24 6 34 24 10 34 20
4 16 -10 34 -20 -6 34 -24 -6 34 -56 -10 34 -60
4 16 -10 34 -60 -6 34 -56 6 34 -56 10 34 -60
2 24 10 28.219 20 10 28.219 60
2 24 -10 28.219 60 -10 28.219 20
0 BFC INVERTNEXT
1 16 0 0 24 26 0 0 0 0 26 0 32 0 48\4-4cyli.dat
2 24 -11.481 -27.717 20 -10 -28.219 20
2 24 10 -28.219 20 11.48 -27.717 20
4 16 -10 -28.219 20 10 -28.219 20 10 -30 20 -10 -30 20
4 16 -10 -28.219 -40 10 -28.219 -40 10 -30 -40 -10 -30 -40
1 16 0 -30 30 1 0 0 0 1 0 0 0 1 stud2.dat
1 16 0 -28.219 30 0 0 -10 0 -1.781 0 -10 0 0 BOX3U2P.DAT
0 Center Section
1 16 20 4 20 1.3 0 0 0 0 6 0 -4 0 box4-1.dat
2 24 11.638 10 20 8.162 10 20
2 24 8.162 10 20 8.162 -2 20
2 24 11.638 -2 20 11.638 10 20
2 24 5.152 10 13.314 3.314 10 15.152
2 24 3.314 10 15.152 3.314 -2 15.152
2 24 3.314 -2 15.152 5.152 -2 13.314
2 24 5.152 -2 13.314 5.152 10 13.314
4 16 3.314 10 15.152 5.152 10 13.314 5.152 -2 13.314 3.314 -2 15.152
2 24 5.152 10 13.314 11.638 10 20
2 24 3.314 10 15.152 8.162 10 20
2 24 5.152 -2 13.314 11.638 -2 20
2 24 3.314 -2 15.152 8.162 -2 20
4 16 11.638 10 20 5.152 10 13.314 3.314 10 15.152 8.162 10 20
4 16 8.162 10 20 3.314 10 15.152 3.314 -2 15.152 8.162 -2 20
4 16 11.638 -2 20 5.152 -2 13.314 5.152 10 13.314 11.638 10 20
1 16 -20 4 20 -1.3 0 0 0 0 6 0 -4 0 box4-1.dat
2 24 -11.638 10 20 -8.162 10 20
2 24 -8.162 10 20 -8.162 -2 20
2 24 -11.638 -2 20 -11.638 10 20
2 24 -5.152 10 13.314 -3.314 10 15.152
2 24 -3.314 10 15.152 -3.314 -2 15.152
2 24 -3.314 -2 15.152 -5.152 -2 13.314
2 24 -5.152 -2 13.314 -5.152 10 13.314
4 16 -3.314 -2 15.152 -5.152 -2 13.314 -5.152 10 13.314 -3.314 10 15.152
2 24 -5.152 10 13.314 -11.638 10 20
2 24 -3.314 10 15.152 -8.162 10 20
2 24 -5.152 -2 13.314 -11.638 -2 20
2 24 -3.314 -2 15.152 -8.162 -2 20
4 16 -8.162 10 20 -3.314 10 15.152 -5.152 10 13.314 -11.638 10 20
4 16 -8.162 -2 20 -3.314 -2 15.152 -3.314 10 15.152 -8.162 10 20
4 16 -11.638 10 20 -5.152 10 13.314 -5.152 -2 13.314 -11.638 -2 20
1 16 20 4 -20 1.3 0 0 0 0 6 0 4 0 box4-1.dat
2 24 11.638 10 -20 8.162 10 -20
2 24 8.162 10 -20 8.162 -2 -20
2 24 11.638 -2 -20 11.638 10 -20
2 24 5.152 10 -13.314 3.314 10 -15.152
2 24 3.314 10 -15.152 3.314 -2 -15.152
2 24 3.314 -2 -15.152 5.152 -2 -13.314
2 24 5.152 -2 -13.314 5.152 10 -13.314
4 16 5.152 -2 -13.314 5.152 10 -13.314 3.314 10 -15.152 3.314 -2 -15.152
2 24 5.152 10 -13.314 11.638 10 -20
2 24 3.314 10 -15.152 8.162 10 -20
2 24 5.152 -2 -13.314 11.638 -2 -20
2 24 3.314 -2 -15.152 8.162 -2 -20
4 16 8.162 10 -20 3.314 10 -15.152 5.152 10 -13.314 11.638 10 -20
4 16 8.162 -2 -20 3.314 -2 -15.152 3.314 10 -15.152 8.162 10 -20
4 16 11.638 10 -20 5.152 10 -13.314 5.152 -2 -13.314 11.638 -2 -20
1 16 -20 4 -20 -1.3 0 0 0 0 6 0 4 0 box4-1.dat
2 24 -11.638 10 -20 -8.162 10 -20
2 24 -8.162 10 -20 -8.162 -2 -20
2 24 -11.638 -2 -20 -11.638 10 -20
2 24 -5.152 10 -13.314 -3.314 10 -15.152
2 24 -3.314 10 -15.152 -3.314 -2 -15.152
2 24 -3.314 -2 -15.152 -5.152 -2 -13.314
2 24 -5.152 -2 -13.314 -5.152 10 -13.314
4 16 -3.314 10 -15.152 -5.152 10 -13.314 -5.152 -2 -13.314 -3.314 -2 -15.152
2 24 -5.152 10 -13.314 -11.638 10 -20
2 24 -3.314 10 -15.152 -8.162 10 -20
2 24 -5.152 -2 -13.314 -11.638 -2 -20
2 24 -3.314 -2 -15.152 -8.162 -2 -20
4 16 -11.638 10 -20 -5.152 10 -13.314 -3.314 10 -15.152 -8.162 10 -20
4 16 -8.162 10 -20 -3.314 10 -15.152 -3.314 -2 -15.152 -8.162 -2 -20
4 16 -11.638 -2 -20 -5.152 -2 -13.314 -5.152 10 -13.314 -11.638 10 -20
1 16 10 -2 0 1 0 0 0 -3 0 0 0 1 stud4.dat
1 16 -10 -2 0 1 0 0 0 -3 0 0 0 1 stud4.dat
2 24 24 -2 20 -24 -2 20
2 24 -24 -2 20 -24 -2 -20
2 24 -24 -2 -20 24 -2 -20
2 24 24 -2 -20 24 -2 20
2 24 24 10 20 24 -2 20
2 24 -24 10 20 -24 -2 20
2 24 24 10 -20 24 -2 -20
2 24 -24 10 -20 -24 -2 -20
4 16 24 -2 20 24 -2 -20 -24 -2 -20 -24 -2 20
4 16 -14 -2 20 -14 0 20 14 0 20 14 -2 20
4 16 -24 -2 -20 -24 10 -20 -24 10 20 -24 -2 20
4 16 14 -2 -20 14 0 -20 -14 0 -20 -14 -2 -20
4 16 24 -2 20 24 10 20 24 10 -20 24 -2 -20
2 24 27.716 -11.481 -20 29.328 -6 -20
2 24 28.219 10 -20 27.717 11.481 -20
2 24 -27.716 -11.481 -20 -29.328 -6 -20
2 24 -28.219 10 -20 -27.717 11.481 -20
2 24 27.716 -11.481 20 29.328 -6 20
2 24 28.219 10 20 27.717 11.481 20
2 24 -27.716 -11.481 20 -29.328 -6 20
2 24 -28.219 10 20 -27.717 11.481 20
4 16 29.328 -6 20 29.328 -6 -20 29.742 -3.915 -20 29.742 -3.915 20
4 16 -29.328 -6 -20 -29.328 -6 20 -29.742 -3.915 20 -29.742 -3.915 -20
4 16 28.219 10 -20 28.219 10 20 28.977 7.764 20 28.977 7.764 -20
4 16 -28.219 10 20 -28.219 10 -20 -28.977 7.764 -20 -28.977 7.764 20
1 16 0 0 20 29.7433 0 3.91579 -3.91579 0 29.7433 0 -40 0 48\1-16cyli.dat
1 16 0 0 -20 -29.7433 0 -3.91579 -3.91579 0 29.7433 0 40 0 48\1-16cyli.dat
1 16 0 -6 0 29.328 0 0 0 1 0 0 0 20 rect.dat
1 16 26.1095 10 0 2.1095 0 0 0 -1 0 0 0 20 rect.dat
1 16 -26.109 10 0 -2.1095 0 0 0 -1 0 0 0 -20 rect.dat
1 16 0 0 24 26 0 0 0 0 26 0 1 0 48\4-4edge.dat
2 24 10 28.219 20 11.481 27.717 20
2 24 -10 28.219 20 -11.481 27.717 20
2 24 10 28.219 -20 11.481 27.717 -20
2 24 -10 28.219 -20 -11.481 27.717 -20
2 24 10 28.012 -60 11.481 27.717 -60
2 24 -10 28.012 -60 -11.481 27.717 -60
1 16 -20 -6 -10 1 0 0 0 1 0 0 0 1 stud2.dat
1 16 0 -6 -10 1 0 0 0 1 0 0 0 1 stud2.dat
1 16 20 -6 -10 1 0 0 0 1 0 0 0 1 stud2.dat
1 16 -20 -6 10 1 0 0 0 1 0 0 0 1 stud2.dat
1 16 0 -6 10 1 0 0 0 1 0 0 0 1 stud2.dat
1 16 20 -6 10 1 0 0 0 1 0 0 0 1 stud2.dat
1 16 0 0 60 25.9808 0 15 15 0 -25.9808 0 1 0 48\1-6edge.dat
1 16 0 0 60 15 0 -25.9808 -25.9808 0 -15 0 1 0 48\1-6edge.dat
1 16 0 0 60 -25.9808 0 -15 -15 0 25.9808 0 1 0 48\1-6edge.dat
1 16 0 0 60 -25.9808 0 -15 -15 0 25.9808 0 -4 0 48\1-6cyli.dat
1 16 0 0 60 15 0 -25.9808 -25.9808 0 -15 0 -4 0 48\1-6cyli.dat
1 16 0 0 60 25.9808 0 15 15 0 -25.9808 0 -4 0 48\1-6cyli.dat
1 16 0 0 60 -22.5167 0 -13 -13 0 22.5167 0 1 0 48\1-6edge.dat
1 16 0 0 60 -13 0 22.5167 22.5167 0 13 0 1 0 48\1-6edge.dat
1 16 0 0 60 22.5167 0 13 13 0 -22.5167 0 1 0 48\1-6edge.dat
1 16 0 0 60 13 0 -22.5167 -22.5167 0 -13 0 1 0 48\1-6edge.dat
0 BFC INVERTNEXT
1 16 0 0 60 22.5167 0 13 13 0 -22.5167 0 -4 0 48\1-6cyli.dat
0 BFC INVERTNEXT
1 16 0 0 60 13 0 -22.5167 -22.5167 0 -13 0 -4 0 48\1-6cyli.dat
0 BFC INVERTNEXT
1 16 0 0 60 -22.5167 0 -13 -13 0 22.5167 0 -4 0 48\1-6cyli.dat
0 BFC INVERTNEXT
1 16 0 0 60 -13 0 22.5167 22.5167 0 13 0 -4 0 48\1-6cyli.dat
1 16 0 0 60 -1 0 1.73205 -1.73205 0 -1 0 -1 0 48\1-6rin13.dat
1 16 0 0 60 -1.73205 0 -1 1 0 -1.73205 0 -1 0 48\1-6rin13.dat
1 16 0 0 60 1 0 -1.73205 1.73205 0 1 0 -1 0 48\1-6rin13.dat
1 16 0 0 60 1.73205 0 1 -1 0 1.73205 0 -1 0 48\1-6rin13.dat
1 16 0 0 60 -1 0 1.73205 -1.73205 0 -1 0 -1 0 48\1-6rin14.dat
1 16 0 0 60 -1.73205 0 -1 1 0 -1.73205 0 -1 0 48\1-6rin14.dat
1 16 0 0 60 1 0 -1.73205 1.73205 0 1 0 -1 0 48\1-6rin14.dat
1 16 0 0 60 1.73205 0 1 -1 0 1.73205 0 -1 0 48\1-6rin14.dat
2 24 24.982 16.496 60 25.98 15 60
2 24 24.982 -16.496 60 25.98 -15 60
2 24 24.982 16.496 60 24.982 16.496 56
2 24 24.982 -16.496 60 24.982 -16.496 56
4 16 24.982 16.496 60 25.98 15 60 25.98 15 56 24.982 16.496 56
4 16 24.982 -16.496 56 25.98 -15 56 25.98 -15 60 24.982 -16.496 60
2 24 16.496 -24.982 60 15 -25.98 60
2 24 -16.496 -24.982 60 -15 -25.98 60
2 24 16.496 -24.982 60 16.496 -24.982 56
2 24 -16.496 -24.982 60 -16.496 -24.982 56
4 16 16.496 -24.982 60 15 -25.98 60 15 -25.98 56 16.496 -24.982 56
4 16 -16.496 -24.982 56 -15 -25.98 56 -15 -25.98 60 -16.496 -24.982 60
2 24 -24.982 -16.496 60 -25.98 -15 60
2 24 -24.982 16.496 60 -25.98 15 60
2 24 -24.982 -16.496 60 -24.982 -16.496 56
2 24 -24.982 16.496 60 -24.982 16.496 56
4 16 -24.982 -16.496 60 -25.98 -15 60 -25.98 -15 56 -24.982 -16.496 56
4 16 -24.982 16.496 56 -25.98 15 56 -25.98 15 60 -24.982 16.496 60
2 24 -16.496 24.982 60 -15 25.98 60
2 24 16.496 24.982 60 15 25.98 60
2 24 -16.496 24.982 60 -16.496 24.982 56
2 24 16.496 24.982 60 16.496 24.982 56
2 24 22.516 13 60 22.103 13.618 60
2 24 22.516 -13 60 22.103 -13.618 60
2 24 22.103 13.618 60 22.103 13.618 56
2 24 22.103 -13.618 60 22.103 -13.618 56
4 16 22.516 13 60 22.103 13.618 60 22.103 13.618 56 22.516 13 56
4 16 22.516 -13 56 22.103 -13.618 56 22.103 -13.618 60 22.516 -13 60
2 24 13 -22.516 60 13.618 -22.103 60
2 24 -13 -22.516 60 -13.618 -22.103 60
2 24 13.618 -22.103 60 13.618 -22.103 56
2 24 -13.618 -22.103 60 -13.618 -22.103 56
4 16 13 -22.516 60 13.618 -22.103 60 13.618 -22.103 56 13 -22.516 56
4 16 -13 -22.516 56 -13.618 -22.103 56 -13.618 -22.103 60 -13 -22.516 60
2 24 -22.516 -13 60 -22.103 -13.618 60
2 24 -22.516 13 60 -22.103 13.618 60
2 24 -22.103 -13.618 60 -22.103 -13.618 56
2 24 -22.103 13.618 60 -22.103 13.618 56
4 16 -22.516 -13 60 -22.103 -13.618 60 -22.103 -13.618 56 -22.516 -13 56
4 16 -22.516 13 56 -22.103 13.618 56 -22.103 13.618 60 -22.516 13 60
2 24 -13 22.516 60 -13.618 22.103 60
2 24 13 22.516 60 13.618 22.103 60
2 24 -13.618 22.103 60 -13.618 22.103 56
2 24 13.618 22.103 60 13.618 22.103 56
4 16 -13 22.516 60 -13.618 22.103 60 -13.618 22.103 56 -13 22.516 56
4 16 13 22.516 56 13.618 22.103 56 13.618 22.103 60 13 22.516 60
2 24 24.982 16.496 60 22.103 13.618 60
2 24 24.982 -16.496 60 22.103 -13.618 60
4 16 24.982 16.496 56 22.103 13.618 56 22.103 13.618 60 24.982 16.496 60
4 16 24.982 -16.496 60 22.103 -13.618 60 22.103 -13.618 56 24.982 -16.496 56
2 24 16.496 -24.982 60 13.618 -22.103 60
2 24 -16.496 -24.982 60 -13.618 -22.103 60
4 16 16.496 -24.982 56 13.618 -22.103 56 13.618 -22.103 60 16.496 -24.982 60
4 16 -16.496 -24.982 60 -13.618 -22.103 60 -13.618 -22.103 56 -16.496 -24.982 56
2 24 -24.982 -16.496 60 -22.103 -13.618 60
2 24 -24.982 16.496 60 -22.103 13.618 60
4 16 -24.982 -16.496 56 -22.103 -13.618 56 -22.103 -13.618 60 -24.982 -16.496 60
4 16 -24.982 16.496 60 -22.103 13.618 60 -22.103 13.618 56 -24.982 16.496 56
2 24 -16.496 24.982 60 -13.618 22.103 60
2 24 16.496 24.982 60 13.618 22.103 60
4 16 -16.496 24.982 56 -13.618 22.103 56 -13.618 22.103 60 -16.496 24.982 60
4 16 16.496 24.982 60 13.618 22.103 60 13.618 22.103 56 16.496 24.982 56
2 24 24.982 16.496 56 22.103 13.618 56
2 24 24.982 -16.496 56 22.103 -13.618 56
2 24 16.496 -24.982 56 13.618 -22.103 56
2 24 -16.496 -24.982 56 -13.618 -22.103 56
2 24 -24.982 -16.496 56 -22.103 -13.618 56
2 24 -24.982 16.496 56 -22.103 13.618 56
2 24 -16.496 24.982 56 -13.618 22.103 56
2 24 16.496 24.982 56 13.618 22.103 56
4 16 25.98 15 60 24.982 16.496 60 22.103 13.618 60 22.516 13 60
4 16 24.982 -16.496 60 25.98 -15 60 22.516 -13 60 22.103 -13.618 60
4 16 15 -25.98 60 16.496 -24.982 60 13.618 -22.103 60 13 -22.516 60
4 16 -16.496 -24.982 60 -15 -25.98 60 -13 -22.516 60 -13.618 -22.103 60
4 16 -25.98 -15 60 -24.982 -16.496 60 -22.103 -13.618 60 -22.516 -13 60
4 16 -24.982 16.496 60 -25.98 15 60 -22.516 13 60 -22.103 13.618 60
4 16 -15 25.98 60 -16.496 24.982 60 -13.618 22.103 60 -13 22.516 60
4 16 16.496 24.982 60 15 25.98 60 13 22.516 60 13.618 22.103 60
2 24 24.982 16.496 56 23.802 18.264 56
2 24 23.802 18.264 56 21.213 21.213 56
2 24 22.103 13.618 56 20.628 15.829 56
2 24 20.628 15.829 56 18.385 18.385 56
2 24 24.982 -16.496 56 23.802 -18.264 56
2 24 23.802 -18.264 56 21.213 -21.213 56
2 24 22.103 -13.618 56 20.628 -15.829 56
2 24 20.628 -15.829 56 18.385 -18.385 56
2 24 16.496 -24.982 56 18.264 -23.802 56
2 24 18.264 -23.802 56 21.213 -21.213 56
2 24 13.618 -22.103 56 15.829 -20.628 56
2 24 15.829 -20.628 56 18.385 -18.385 56
2 24 -16.496 -24.982 56 -18.264 -23.802 56
2 24 -18.264 -23.802 56 -21.213 -21.213 56
2 24 -13.618 -22.103 56 -15.829 -20.628 56
2 24 -15.829 -20.628 56 -18.385 -18.385 56
2 24 -24.982 -16.496 56 -23.802 -18.264 56
2 24 -23.802 -18.264 56 -21.213 -21.213 56
2 24 -22.103 -13.618 56 -20.628 -15.829 56
2 24 -20.628 -15.829 56 -18.385 -18.385 56
2 24 -24.982 16.496 56 -23.802 18.264 56
2 24 -23.802 18.264 56 -21.213 21.213 56
2 24 -22.103 13.618 56 -20.628 15.829 56
2 24 -20.628 15.829 56 -18.385 18.385 56
2 24 -16.496 24.982 56 -18.264 23.802 56
2 24 -18.264 23.802 56 -21.213 21.213 56
2 24 -13.618 22.103 56 -15.829 20.628 56
2 24 -15.829 20.628 56 -18.385 18.385 56
2 24 16.496 24.982 56 18.264 23.802 56
2 24 18.264 23.802 56 21.213 21.213 56
2 24 13.618 22.103 56 15.829 20.628 56
2 24 15.829 20.628 56 18.385 18.385 56
4 16 24.982 16.496 56 23.802 18.264 56 20.628 15.829 56 22.103 13.618 56
4 16 23.802 18.264 56 21.213 21.213 56 18.385 18.385 56 20.628 15.829 56
4 16 23.802 -18.264 56 24.982 -16.496 56 22.103 -13.618 56 20.628 -15.829 56
4 16 21.213 -21.213 56 23.802 -18.264 56 20.628 -15.829 56 18.385 -18.385 56
4 16 16.496 -24.982 56 18.264 -23.802 56 15.829 -20.628 56 13.618 -22.103 56
4 16 18.264 -23.802 56 21.213 -21.213 56 18.385 -18.385 56 15.829 -20.628 56
4 16 -18.264 -23.802 56 -16.496 -24.982 56 -13.618 -22.103 56 -15.829 -20.628 56
4 16 -21.213 -21.213 56 -18.264 -23.802 56 -15.829 -20.628 56 -18.385 -18.385 56
4 16 -24.982 -16.496 56 -23.802 -18.264 56 -20.628 -15.829 56 -22.103 -13.618 56
4 16 -23.802 -18.264 56 -21.213 -21.213 56 -18.385 -18.385 56 -20.628 -15.829 56
4 16 -23.802 18.264 56 -24.982 16.496 56 -22.103 13.618 56 -20.628 15.829 56
4 16 -21.213 21.213 56 -23.802 18.264 56 -20.628 15.829 56 -18.385 18.385 56
4 16 -16.496 24.982 56 -18.264 23.802 56 -15.829 20.628 56 -13.618 22.103 56
4 16 -18.264 23.802 56 -21.213 21.213 56 -18.385 18.385 56 -15.829 20.628 56
4 16 18.264 23.802 56 16.496 24.982 56 13.618 22.103 56 15.829 20.628 56
4 16 21.213 21.213 56 18.264 23.802 56 15.829 20.628 56 18.385 18.385 56
2 24 15 25.98 60 11.481 27.717 60
2 24 -15 25.98 60 -11.481 27.717 60
2 24 10 28.219 60 11.481 27.717 60
2 24 -10 28.219 60 -11.481 27.717 60
4 16 11.481 27.717 60 15 25.98 60 15 25.98 56 11.481 27.717 56
4 16 16.496 24.982 56 15 25.98 56 15 25.98 60 16.496 24.982 60
4 16 -16.496 24.982 60 -15 25.98 60 -15 25.98 56 -16.496 24.982 56
5 24 -15 25.98 60 -15 25.98 56 -16.496 24.982 60 -11.481 27.717 60
5 24 15 25.98 60 15 25.98 56 16.496 24.982 60 11.481 27.717 60
4 16 -15 25.98 60 -11.481 27.717 60 -11.481 27.717 56 -15 25.98 56
5 24 -11.481 27.717 60 -11.481 27.717 56 -15 25.98 60 -10 28.219 60
5 24 11.481 27.717 60 11.481 27.717 56 15 25.98 60 10 28.219 60
4 16 -10 28.219 56 -11.481 27.717 56 -11.481 27.717 60 -10 28.219 60
4 16 10 28.219 60 11.481 27.717 60 11.481 27.717 56 10 28.219 56
2 24 10 -28.219 -40 7.764 -28.977 -40
2 24 7.764 -28.977 -40 3.915 -29.742 -40
2 24 3.915 -29.742 -40 0 -30 -40
2 24 -10 -28.219 -40 -7.764 -28.977 -40
2 24 -7.764 -28.977 -40 -3.915 -29.742 -40
2 24 -3.915 -29.742 -40 0 -30 -40
2 24 -10 -28.219 40 -7.764 -28.977 40
2 24 -7.764 -28.977 40 -3.915 -29.742 40
2 24 -3.915 -29.742 40 0 -30 40
2 24 10 -28.219 40 7.764 -28.977 40
2 24 7.764 -28.977 40 3.915 -29.742 40
2 24 3.915 -29.742 40 0 -30 40
0
