0 Slope Brick 45  2 x  1 Double with Hollow Bottom
0 Name: 3044a.dat
0 Author: James Mastros [theorbtwo]
0 !LDRAW_ORG Part UPDATE 2009-02
0 !LICENSE Redistributable under CCAL version 2.0 : see CAreadme.txt

0 BFC CERTIFY CCW

0 !HISTORY 2009-09-03 [PTadmin] Official Update 2009-02

2 24 6 24 16 -6 24 16 
2 24 -6 24 16 -6 24 -16 
2 24 -6 24 -16 6 24 -16 
2 24 6 24 -16 6 24 16 

2 24 10 24 20 -10 24 20 
2 24 -10 24 20 -10 24 -20 
2 24 -10 24 -20 10 24 -20 
2 24 10 24 -20 10 24 20 

2 24 6 24 16 6 20 16 
2 24 -6 24 16 -6 20 16 
2 24 6 24 -16 6 20 -16 
2 24 -6 24 -16 -6 20 -16 
2 24 6 20 16 -6 20 16 
2 24 6 4 0 -6 4 0 
2 24 6 20 -16 -6 20 -16 
2 24 6 20 16 6 4 0 
2 24 -6 20 16 -6 4 0 
2 24 6 20 -16 6 4 0 
2 24 -6 20 -16 -6 4 0 

2 24 10 24 20 10 20 20 
2 24 -10 24 20 -10 20 20 
2 24 10 24 -20 10 20 -20 
2 24 -10 24 -20 -10 20 -20 
2 24 10 20 20 -10 20 20 
2 24 10 0 0 -10 0 0 
2 24 10 20 -20 -10 20 -20 
2 24 10 20 20 10 0 0 
2 24 -10 20 20 -10 0 0 
2 24 10 20 -20 10 0 0 
2 24 -10 20 -20 -10 0 0 

4 16 10 24 20 6 24 16 -6 24 16 -10 24 20 
4 16 -10 24 20 -6 24 16 -6 24 -16 -10 24 -20 
4 16 -10 24 -20 -6 24 -16 6 24 -16 10 24 -20 
4 16 10 24 -20 6 24 -16 6 24 16 10 24 20 

4 16 10 24 20 -10 24 20 -10 20 20 10 20 20 
4 16 6 24 16 6 20 16 -6 20 16 -6 24 16 
4 16 6 24 -16 -6 24 -16 -6 20 -16 6 20 -16 
4 16 10 24 -20 10 20 -20 -10 20 -20 -10 24 -20 

4 16 10 24 20 10 20 20 10 20 -20 10 24 -20 
3 16 10 20 20 10 0 0 10 20 -20 
4 16 6 24 16 6 24 -16 6 20 -16 6 20 16 
3 16 6 20 16 6 20 -16 6 4 0 
4 16 -6 24 16 -6 20 16 -6 20 -16 -6 24 -16 
3 16 -6 20 16 -6 4 0 -6 20 -16 
4 16 -10 24 20 -10 24 -20 -10 20 -20 -10 20 20 
3 16 -10 20 20 -10 20 -20 -10 0 0 

4 16 6 20 16 6 4 0 -6 4 0 -6 20 16 
4 16 6 20 -16 -6 20 -16 -6 4 0 6 4 0 

4 16 10 20 20 -10 20 20 -10 0 0 10 0 0
4 16 10 20 -20 10 0 0 -10 0 0 -10 20 -20
0
