0 Slope Brick 45  2 x  2 Double Concave
0 Name: 3046.dat
0 Author: James Jessiman
0 !LDRAW_ORG Part UPDATE 2012-01
0 !LICENSE Redistributable under CCAL version 2.0 : see CAreadme.txt

0 BFC CERTIFY CW

0 !HISTORY 1998-06-20 [PTadmin] Official Update 1998-06
0 !HISTORY 2001-11-11 [larschassing] Identical vertices problem fixed
0 !HISTORY 2002-02-18 [PTadmin] Official Update 2002-01
0 !HISTORY 2007-06-09 [PTadmin] Header formatted for Contributor Agreement
0 !HISTORY 2008-07-01 [PTadmin] Official Update 2008-01
0 !HISTORY 2008-07-08 [tchang] Add BFC (2008-02-08)
0 !HISTORY 2009-05-16 [Eldar] Fixed stud orientation 
0 !HISTORY 2009-09-03 [PTadmin] Official Update 2009-02
0 !HISTORY 2012-01-27 [jpouellet] Removed 2 T-junctions
0 !HISTORY 2012-03-30 [PTadmin] Official Update 2012-01

1 16 10 10 -10 1 0 0 0 -3.5 0 0 0 1 STUD4A.dat
0
1 16 10 4 -10 6 0 0 0 1 0 0 0 6 3-4edge.dat
1 16 10 4 -10 6 0 0 0 1 6 0 0 -6 1-8edge.dat
1 16 10 4 -10 0 0 6 0 1 6 -6 0 0 1-8edge.dat
4 16 14.2426 10 -14.2426 15.5434 10 -12.2962 15.5434 6.2962 -12.2962 14.2426 8.2426 -14.2426
4 16 15.5434 10 -12.2962 16 10 -10 16 4 -10 15.5434 6.2962 -12.2962
4 16 14.2426 8.2426 -14.2426 12.2962 6.2962 -15.5434 12.2962 10 -15.5434 14.2426 10 -14.2426
4 16 12.2962 6.2962 -15.5434 10 4 -16 10 10 -16 12.2962 10 -15.5434
5 24 14.2426 10 -14.2426 14.2426 8.2426 -14.2426 15.5434 10 -12.2962 12.2962 10 -15.5434
5 24 15.5434 10 -12.2962 15.5434 6.2962 -12.2962 16 10 -10 14.2426 10 -14.2426
5 24 12.2962 10 -15.5434 12.2962 6.2962 -15.5434 10 10 -16 14.2426 10 -14.2426
0 BFC INVERTNEXT
1 16 10 4 -10 6 0 0 0 6 0 0 0 6 3-4cyli.dat
0
1 16 10 4 -10 8 0 0 0 1 0 0 0 8 3-4edge.dat
1 16 10 4 -10 8 0 0 0 1 8 0 0 -8 1-8edge.dat
1 16 10 4 -10 0 0 8 0 1 8 -8 0 0 1-8edge.dat
0
4 16 15.6568 9.6568 -15.6568 17.3912 7.0616 -13.0616 17.3912 10 -13.0616 15.6568 10 -15.6568
4 16 17.3912 7.0616 -13.0616 18 4 -10 18 10 -10 17.3912 10 -13.0616
4 16 15.6568 10 -15.6568 13.0616 10 -17.3912 13.0616 7.0616 -17.3912 15.6568 9.6568 -15.6568
4 16 13.0616 10 -17.3912 10 10 -18 10 4 -18 13.0616 7.0616 -17.3912
5 24 15.6568 10 -15.6568 15.6568 9.6568 -15.6568 17.3912 10 -13.0616 13.0616 10 -17.3912
5 24 17.3912 10 -13.0616 17.3912 7.0616 -13.0616 18 10 -10 15.6568 10 -15.6568
5 24 13.0616 10 -17.3912 13.0616 7.0616 -17.3912 10 10 -18 15.6568 10 -15.6568
1 16 10 4 -10 8 0 0 0 6 0 0 0 8 3-4cyli.dat
0
2 24 26 24 6 -6 24 6
2 24 -6 24 6 -6 24 -26
2 24 -6 24 -26 26 24 -26
2 24 26 24 -26 26 24 6
0
2 24 30 24 10 -10 24 10
2 24 -10 24 10 -10 24 -30
2 24 -10 24 -30 30 24 -30
2 24 30 24 -30 30 24 10
0
2 24 26 4 -10 26 4 6
2 24 26 4 -10 10 4 -10
2 24 10 4 -26 10 4 -10
2 24 10 4 -26 -6 4 -26
2 24 26 4 6 -6 4 6
2 24 -6 4 -26 -6 4 6
0
2 24 26 4 -10 26 20 -26
2 24 26 20 -26 26 24 -26
2 24 26 4 6 26 24 6
2 24 10 4 -26 26 20 -26
2 24 10 4 -10 26 20 -26
2 24 -6 4 -26 -6 24 -26
2 24 -6 4 6 -6 24 6
0
2 24 30 0 -10 30 0 10
2 24 30 0 -10 10 0 -10
2 24 10 0 -30 10 0 -10
2 24 10 0 -30 -10 0 -30
2 24 30 0 10 -10 0 10
2 24 -10 0 -30 -10 0 10
0
2 24 30 0 -10 30 20 -30
2 24 30 20 -30 30 24 -30
2 24 30 0 10 30 24 10
2 24 10 0 -30 30 20 -30
2 24 10 0 -10 30 20 -30
2 24 -10 0 -30 -10 24 -30
2 24 -10 0 10 -10 24 10
0
4 16 -10 24 10 -6 24 6 26 24 6 30 24 10
4 16 -10 24 -30 -6 24 -26 -6 24 6 -10 24 10
4 16 30 24 -30 26 24 -26 -6 24 -26 -10 24 -30
4 16 30 24 10 26 24 6 26 24 -26 30 24 -30
0
4 16 26 4 -10 26 4 6 -6 4 6 10 4 -10
4 16 -6 4 6 -6 4 -26 10 4 -26 10 4 -10
3 16 10 4 -10 26 20 -26 26 4 -10
3 16 10 4 -26 26 20 -26 10 4 -10
4 16 10 0 -10 -10 0 10 30 0 10 30 0 -10
4 16 10 0 -10 10 0 -30 -10 0 -30 -10 0 10
3 16 30 0 -10 30 20 -30 10 0 -10
3 16 10 0 -10 30 20 -30 10 0 -30
0
4 16 26 24 6 26 4 6 26 4 -10 26 24 -26
4 16 26 24 -26 10 4 -26 -6 4 -26 -6 24 -26
4 16 -6 24 6 -6 4 6 26 4 6 26 24 6
4 16 -6 24 -26 -6 4 -26 -6 4 6 -6 24 6
3 16 26 4 -10 26 20 -26 26 24 -26
3 16 26 24 -26 26 20 -26 10 4 -26
4 16 30 24 -30 30 0 -10 30 0 10 30 24 10
4 16 -10 24 -30 -10 0 -30 10 0 -30 30 24 -30
4 16 30 24 10 30 0 10 -10 0 10 -10 24 10
4 16 -10 24 10 -10 0 10 -10 0 -30 -10 24 -30
3 16 30 24 -30 30 20 -30 30 0 -10
3 16 10 0 -30 30 20 -30 30 24 -30
0
1 16 20 0 0 -1 0 0 0 1 0 0 0 -1 stud.dat
1 16 0 0 0 -1 0 0 0 1 0 0 0 -1 stud.dat
1 16 0 0 -20 -1 0 0 0 1 0 0 0 -1 stud.dat
0
