0 Slope Brick Curved Top  2 x  2 x  1
0 Name: 30602.dat
0 Author: Chris Dee [cwdee]
0 !LDRAW_ORG Part UPDATE 2004-04
0 !LICENSE Redistributable under CCAL version 2.0 : see CAreadme.txt

0 BFC CERTIFY CCW

0 !HISTORY 2002-04-25 [PTadmin] Official Update 2002-02
0 !HISTORY 2004-10-10 [guyvivan] Made BFC Compliant, added missing optional lines
0 !HISTORY 2004-11-06 [PTadmin] Official Update 2004-04
0 !HISTORY 2007-06-10 [PTadmin] Header formatted for Contributor Agreement
0 !HISTORY 2008-07-01 [PTadmin] Official Update 2008-01

2 24 16 0 16 16 -15.736 16
2 24 16 -15.736 16 16 -15.381 10.604
2 24 16 -15.381 10.604 16 -13.082 0
2 24 16 -13.082 0 16 -10.301 -8
2 24 16 -10.301 -8 16 -6.352 -16
2 24 16 -6.352 -16 16 0 -16
4 16 16 0 10.604 16 -15.381 10.604 16 -15.736 16 16 0 16
4 16 16 0 0 16 -13.082 0 16 -15.381 10.604 16 0 10.604
4 16 16 0 -8 16 -10.301 -8 16 -13.082 0 16 0 0
4 16 16 0 -16 16 -6.352 -16 16 -10.301 -8 16 0 -8
2 24 16 -15.736 16 14 -17.736 16
2 24 14 -17.736 16 14 -17.381 10.604
2 24 14 -17.381 10.604 14 -15.082 0
2 24 14 -15.082 0 14 -12.301 -8
2 24 14 -12.301 -8 14 -8.352 -16
2 24 14 -8.352 -16 16 -6.352 -16
4 16 16 -15.736 16 16 -15.381 10.604 14 -17.381 10.604 14 -17.736 16
5 24 14 -17.381 10.604 16 -15.381 10.604 14 -17.736 16 14 -15.082 0
4 16 16 -15.381 10.604 16 -13.082 0 14 -15.082 0 14 -17.381 10.604
5 24 14 -15.082 0 16 -13.082 0 14 -17.381 10.604 14 -12.301 -8
4 16 16 -13.082 0 16 -10.301 -8 14 -12.301 -8 14 -15.082 0
5 24 14 -12.301 -8 16 -10.301 -8 14 -15.082 0 14 -8.352 -16
4 16 16 -10.301 -8 16 -6.352 -16 14 -8.352 -16 14 -12.301 -8
0 
2 24 -16 0 16 -16 -15.736 16
2 24 -16 -15.736 16 -16 -15.381 10.604
2 24 -16 -15.381 10.604 -16 -13.082 0
2 24 -16 -13.082 0 -16 -10.301 -8
2 24 -16 -10.301 -8 -16 -6.352 -16
2 24 -16 -6.352 -16 -16 0 -16
4 16 -16 -15.736 16 -16 -15.381 10.604 -16 0 10.604 -16 0 16
4 16 -16 -15.381 10.604 -16 -13.082 0 -16 0 0 -16 0 10.604
4 16 -16 -13.082 0 -16 -10.301 -8 -16 0 -8 -16 0 0
4 16 -16 -10.301 -8 -16 -6.352 -16 -16 0 -16 -16 0 -8
2 24 -16 -15.736 16 -14 -17.736 16
2 24 -14 -17.736 16 -14 -17.381 10.604
2 24 -14 -17.381 10.604 -14 -15.082 0
2 24 -14 -15.082 0 -14 -12.301 -8
2 24 -14 -12.301 -8 -14 -8.352 -16
2 24 -14 -8.352 -16 -16 -6.352 -16
4 16 -14 -17.381 10.604 -16 -15.381 10.604 -16 -15.736 16 -14 -17.736 16
5 24 -14 -17.381 10.604 -16 -15.381 10.604 -14 -17.736 16 -14 -15.082 0
4 16 -14 -15.082 0 -16 -13.082 0 -16 -15.381 10.604 -14 -17.381 10.604
5 24 -14 -15.082 0 -16 -13.082 0 -14 -17.381 10.604 -14 -12.301 -8
4 16 -14 -12.301 -8 -16 -10.301 -8 -16 -13.082 0 -14 -15.082 0
5 24 -14 -12.301 -8 -16 -10.301 -8 -14 -15.082 0 -14 -8.352 -16
4 16 -14 -8.352 -16 -16 -6.352 -16 -16 -10.301 -8 -14 -12.301 -8
0 
4 16 16 0 16 16 -15.736 16 -16 -15.736 16 -16 0 16
4 16 16 -6.352 -16 16 0 -16 -16 0 -16 -16 -6.352 -16
4 16 16 -15.736 16 14 -17.736 16 -14 -17.736 16 -16 -15.736 16
4 16 14 -8.352 -16 16 -6.352 -16 -16 -6.352 -16 -14 -8.352 -16
2 24 14 -8.352 -16 -14 -8.352 -16
2 24 14 -17.736 16 -14 -17.736 16
4 16 14 -17.736 16 14 -17.381 10.604 -14 -17.381 10.604 -14 -17.736 16
5 24 14 -17.381 10.604 -14 -17.381 10.604 0 -17.736 16 0 -15.082 0
4 16 14 -17.381 10.604 14 -15.082 0 -14 -15.082 0 -14 -17.381 10.604
5 24 14 -15.082 0 -14 -15.082 0 0 -17.381 10.604 0 -12.521 -7.554
4 16 14 -15.082 0 14 -12.301 -8 -14 -12.301 -8 -14 -15.082 0
5 24 14 -12.301 -8 -14 -12.301 -8 0 -15.082 0 0 -8.352 -16
4 16 14 -12.301 -8 14 -8.352 -16 -14 -8.352 -16 -14 -12.301 -8
0 
1 16 0 -12.301 0 1 0 0 0 -3.075 0 0 0 1 STUD4A.dat
1 16 0 -15.082 0 -8 0 0 0 -1 2.781 0 0 -8 2-4edge.dat
1 16 0 -12.301 0 0 0 8 0 -2.781 0 -8 0 0 1-4cyls.dat
1 16 0 -12.301 0 0 0 -8 0 -2.781 0 -8 0 0 1-4cyls.dat
1 16 0 -15.082 0 -6 0 0 0 -1 2.034 0 0 -6 2-4edge.dat
0 BFC INVERTNEXT
1 16 0 -12.301 0 -6 0 0 0 -0.747 0 0 0 -6 2-4cyli.dat
0 BFC INVERTNEXT
1 16 0 -12.301 0 6 0 0 0 -2.781 0 0 0 6 2-4cyli.dat
1 16 0 -12.301 0 8 0 0 0 -2.781 0 0 0 8 2-4cyli.dat
0 BFC INVERTNEXT
1 16 0 -13.048 0 0 0 6 0 -2.034 0 -6 0 0 1-4cyls.dat
0 BFC INVERTNEXT
1 16 0 -13.048 0 0 0 -6 0 -2.034 0 -6 0 0 1-4cyls.dat
1 16 0 -15.082 0 8 0 0 0 -1 -1.781 0 0 8 2-4edge.dat
1 16 0 -15.082 0 0 0 8 0 -1.781 0 -8 0 0 1-4cyls2.dat
1 16 0 -15.082 0 0 0 -8 0 -1.781 0 -8 0 0 1-4cyls2.dat
1 16 0 -15.082 0 6 0 0 0 -1 -1.384 0 0 6 2-4edge.dat
0 BFC INVERTNEXT
1 16 0 -15.082 0 0 0 6 0 -1.384 0 -6 0 0 1-4cyls2.dat
0 BFC INVERTNEXT
1 16 0 -15.082 0 0 0 -6 0 -1.384 0 -6 0 0 1-4cyls2.dat
0 
4 16 16 0 16 20 0 20 20 0 -20 16 0 -16
4 16 16 0 -16 20 0 -20 -20 0 -20 -16 0 -16
4 16 -16 0 -16 -20 0 -20 -20 0 20 -16 0 16
4 16 -16 0 16 -20 0 20 -12 0 20 -12 0 16
4 16 -12 0 16 -12 0 19 12 0 19 12 0 16
4 16 12 0 16 12 0 20 20 0 20 16 0 16
2 24 16 0 16 16 0 -16
2 24 16 0 -16 -16 0 -16
2 24 -16 0 -16 -16 0 16
2 24 -16 0 16 16 0 16
2 24 20 0 20 20 0 -20
2 24 20 0 -20 -20 0 -20
2 24 -20 0 -20 -20 0 20
2 24 -20 0 20 -12 0 20
2 24 -12 0 20 -12 0 19
2 24 -12 0 19 12 0 19
2 24 12 0 19 12 0 20
2 24 12 0 20 20 0 20
2 24 20 0 20 20 -16 20
2 24 20 0 -20 20 -2 -22
2 24 -20 0 20 -20 -16 20
2 24 -20 0 -20 -20 -2 -22
0 
2 24 20 -16 20 20 -15.381 10.604
2 24 20 -15.381 10.604 20 -13.545 1.366
2 24 20 -13.545 1.366 20 -10.521 -7.554
2 24 20 -10.521 -7.554 20 -6.352 -16
2 24 20 -6.352 -16 20 -2 -22
4 16 20 -16 20 20 -15.381 10.604 20 0 10.604 20 0 20
4 16 20 -15.381 10.604 20 -13.545 1.366 20 0 1.366 20 0 10.604
4 16 20 -13.545 1.366 20 -10.521 -7.554 20 0 -7.554 20 0 1.366
4 16 20 -10.521 -7.554 20 -6.352 -16 20 0 -16 20 0 -7.554
4 16 20 -6.352 -16 20 -2 -22 20 0 -20 20 0 -16
2 24 12 -24 20 12 -23.312 9.56
2 24 12 -23.312 9.56 12 -21.272 -0.704
2 24 12 -21.272 -0.704 12 -17.912 -10.616
2 24 12 -17.912 -10.616 12 -13.28 -20
2 24 12 -13.28 -20 12 -7.965 -27.965
4 16 12 -23.312 9.56 20 -15.381 10.604 20 -16 20 12 -24 20
4 16 12 -21.272 -0.704 20 -13.545 1.366 20 -15.381 10.604 12 -23.312 9.56
4 16 12 -17.912 -10.616 20 -10.521 -7.554 20 -13.545 1.366 12 -21.272 -0.704
4 16 12 -13.28 -20 20 -6.352 -16 20 -10.521 -7.554 12 -17.912 -10.616
3 16 12 -7.965 -27.965 20 -6.352 -16 12 -13.28 -20
5 24 12 -7.965 -27.965 20 -6.352 -16 12 -13.28 -20 20 -2 -22
3 16 12 -7.965 -27.965 20 -2 -22 20 -6.352 -16
5 24 12 -23.312 9.56 20 -15.381 10.604 12 -24 20 12 -21.272 -0.704
5 24 12 -21.272 -0.704 20 -13.545 1.366 12 -23.312 9.56 12 -17.912 -10.616
5 24 12 -17.912 -10.616 20 -10.521 -7.554 12 -21.272 -0.704 12 -13.28 -20
5 24 12 -13.28 -20 20 -6.352 -16 12 -17.912 -10.616 12 -7.965 -27.965
2 24 10 -22 20 10.435 -21.747 9.56
2 24 10.435 -21.747 9.56 10.863 -20.135 -0.704
2 24 10.863 -20.135 -0.704 11.277 -17.189 -10.616
2 24 11.277 -17.189 -10.616 11.668 -12.948 -20
2 24 11.668 -12.948 -20 12 -7.965 -27.965
4 16 10.435 -21.747 9.56 12 -23.312 9.56 12 -24 20 10 -22 20
5 24 10.435 -21.747 9.56 12 -23.312 9.56 12 -24 20 12 -21.272 -0.704
4 16 10.863 -20.135 -0.704 12 -21.272 -0.704 12 -23.312 9.56 10.435 -21.747 9.56
5 24 10.863 -20.135 -0.704 12 -21.272 -0.704 12 -23.312 9.56 12 -17.912 -10.616
4 16 11.277 -17.189 -10.616 12 -17.912 -10.616 12 -21.272 -0.704 10.863 -20.135 -0.704
5 24 11.277 -17.189 -10.616 12 -17.912 -10.616 12 -21.272 -0.704 12 -13.28 -20
4 16 11.668 -12.948 -20 12 -13.28 -20 12 -17.912 -10.616 11.277 -17.189 -10.616
5 24 11.668 -12.948 -20 12 -13.28 -20 12 -17.912 -10.616 12 -7.965 -27.965
3 16 11.668 -12.948 -20 12 -7.965 -27.965 12 -13.28 -20
0 
2 24 -20 -16 20 -20 -15.381 10.604
2 24 -20 -15.381 10.604 -20 -13.545 1.366
2 24 -20 -13.545 1.366 -20 -10.521 -7.554
2 24 -20 -10.521 -7.554 -20 -6.352 -16
2 24 -20 -6.352 -16 -20 -2 -22
4 16 -20 0 10.604 -20 -15.381 10.604 -20 -16 20 -20 0 20
4 16 -20 0 1.366 -20 -13.545 1.366 -20 -15.381 10.604 -20 0 10.604
4 16 -20 0 -7.554 -20 -10.521 -7.554 -20 -13.545 1.366 -20 0 1.366
4 16 -20 0 -16 -20 -6.352 -16 -20 -10.521 -7.554 -20 0 -7.554
4 16 -20 0 -20 -20 -2 -22 -20 -6.352 -16 -20 0 -16
2 24 -12 -24 20 -12 -23.312 9.56
2 24 -12 -23.312 9.56 -12 -21.272 -0.704
2 24 -12 -21.272 -0.704 -12 -17.912 -10.616
2 24 -12 -17.912 -10.616 -12 -13.28 -20
2 24 -12 -13.28 -20 -12 -7.965 -27.965
4 16 -20 -16 20 -20 -15.381 10.604 -12 -23.312 9.56 -12 -24 20
4 16 -20 -15.381 10.604 -20 -13.545 1.366 -12 -21.272 -0.704 -12 -23.312 9.56
4 16 -20 -13.545 1.366 -20 -10.521 -7.554 -12 -17.912 -10.616 -12 -21.272 -0.704
4 16 -20 -10.521 -7.554 -20 -6.352 -16 -12 -13.28 -20 -12 -17.912 -10.616
3 16 -12 -13.28 -20 -20 -6.352 -16 -12 -7.965 -27.965
5 24 -12 -7.965 -27.965 -20 -6.352 -16 -12 -13.28 -20 -20 -2 -22
3 16 -20 -6.352 -16 -20 -2 -22 -12 -7.965 -27.965
5 24 -12 -23.312 9.56 -20 -15.381 10.604 -12 -24 20 -12 -21.272 -0.704
5 24 -12 -21.272 -0.704 -20 -13.545 1.366 -12 -23.312 9.56 -12 -17.912 -10.616
5 24 -12 -17.912 -10.616 -20 -10.521 -7.554 -12 -21.272 -0.704 -12 -13.28 -20
5 24 -12 -13.28 -20 -20 -6.352 -16 -12 -17.912 -10.616 -12 -7.965 -27.965
2 24 -10 -22 20 -10.435 -21.747 9.56
2 24 -10.435 -21.747 9.56 -10.863 -20.135 -0.704
2 24 -10.863 -20.135 -0.704 -11.277 -17.189 -10.616
2 24 -11.277 -17.189 -10.616 -11.668 -12.948 -20
2 24 -11.668 -12.948 -20 -12 -7.965 -27.965
4 16 -12 -24 20 -12 -23.312 9.56 -10.435 -21.747 9.56 -10 -22 20
5 24 -10.435 -21.747 9.56 -12 -23.312 9.56 -12 -24 20 -12 -21.272 -0.704
4 16 -12 -23.312 9.56 -12 -21.272 -0.704 -10.863 -20.135 -0.704 -10.435 -21.747 9.56
5 24 -10.863 -20.135 -0.704 -12 -21.272 -0.704 -12 -23.312 9.56 -12 -17.912 -10.616
4 16 -12 -21.272 -0.704 -12 -17.912 -10.616 -11.277 -17.189 -10.616 -10.863 -20.135 -0.704
5 24 -11.277 -17.189 -10.616 -12 -17.912 -10.616 -12 -21.272 -0.704 -12 -13.28 -20
4 16 -12 -17.912 -10.616 -12 -13.28 -20 -11.668 -12.948 -20 -11.277 -17.189 -10.616
5 24 -11.668 -12.948 -20 -12 -13.28 -20 -12 -17.912 -10.616 -12 -7.965 -27.965
3 16 -12 -13.28 -20 -12 -7.965 -27.965 -11.668 -12.948 -20
0 
4 16 -10 -22 20 -10.435 -21.747 9.56 10.435 -21.747 9.56 10 -22 20
4 16 -10.435 -21.747 9.56 -10.863 -20.135 -0.704 10.863 -20.135 -0.704 10.435 -21.747 9.56
4 16 -10.863 -20.135 -0.704 -11.277 -17.189 -10.616 11.277 -17.189 -10.616 10.863 -20.135 -0.704
4 16 -11.277 -17.189 -10.616 -11.668 -12.948 -20 11.668 -12.948 -20 11.277 -17.189 -10.616
4 16 -11.668 -12.948 -20 -12 -7.965 -27.965 12 -7.965 -27.965 11.668 -12.948 -20
5 24 -10.435 -21.747 9.56 10.435 -21.747 9.56 0 -20.135 -0.704 0 -22 20
5 24 -10.863 -20.135 -0.704 10.863 -20.135 -0.704 0 -17.189 -10.616 0 -21.747 9.56
5 24 -11.277 -17.189 -10.616 11.277 -17.189 -10.616 0 -12.948 -20 0 -20.135 -0.704
5 24 -11.668 -12.948 -20 11.668 -12.948 -20 0 -7.965 -27.965 0 -17.189 -10.616
0 
4 16 12 -24 20 20 -16 20 20 0 20 12 0 20
4 16 10 -22 20 12 -24 20 12 0 20 10 -16 20
4 16 -10 -22 20 10 -22 20 10 -16 20 -10 -16 20
4 16 -20 0 20 -20 -16 20 -12 -24 20 -12 0 20
4 16 -12 0 20 -12 -24 20 -10 -22 20 -10 -16 20
2 24 20 -16 20 12 -24 20
2 24 12 -24 20 10 -22 20
2 24 10 -22 20 -10 -22 20
2 24 -10 -22 20 -12 -24 20
2 24 -12 -24 20 -20 -16 20
2 24 12 0 20 10 -16 20
2 24 10 -16 20 -10 -16 20
2 24 -10 -16 19 -10 -16 20
2 24 10 -16 19 10 -16 20
2 24 -10 -16 20 -12 0 20
4 16 10 -16 19 10 -16 20 12 0 20 12 0 19
4 16 -10 -16 19 -10 -16 20 10 -16 20 10 -16 19
4 16 -12 0 19 -12 0 20 -10 -16 20 -10 -16 19
4 16 -10 -16 19 10 -16 19 12 0 19 -12 0 19
2 24 12 0 19 10 -16 19
2 24 10 -16 19 -10 -16 19
2 24 -10 -16 19 -12 0 19
0 
4 16 20 0 -20 20 -2 -22 12 -7.965 -27.965 12 0 -20
2 24 20 -2 -22 12 -7.965 -27.965
4 16 12 0 -20 12 -7.965 -27.965 11 -7.965 -27.965 11 0 -20
2 24 11 -4 -24 11 0 -20
3 16 11 -4 -24 11 -4 -20 11 0 -20
1 16 9 -4 -20 2 0 0 0 0 -2 0 1 0 1-4disc.dat
1 16 9 -4 -20 0 0 2 -2 0 0 0 -1 0 1-4edge.DAT
0 BFC INVERTNEXT
1 16 9 -4 -20 0 0 2 -2 0 0 0 -4 0 1-4cyli.DAT
0 BFC INVERTNEXT
1 16 9 -4 -24 0 0 2 2 0 0 0 -2 0 1-4cyls2.dat
1 16 9 -4 -24 0 0 2 -2 1 0 -2 -1 0 1-4edge.DAT
1 16 -9 -4 -24 0 0 -2 -2 -1 0 -2 1 0 1-4ndis.dat
4 16 -12 -7.965 -27.965 -20 -2 -22 -20 0 -20 -12 0 -20
2 24 -20 -2 -22 -12 -7.965 -27.965
4 16 -11 -7.965 -27.965 -12 -7.965 -27.965 -12 0 -20 -11 0 -20
2 24 -11 -4 -24 -11 0 -20
3 16 -11 0 -20 -11 -4 -20 -11 -4 -24
1 16 -9 -4 -20 -2 0 0 0 0 -2 0 1 0 1-4edge.DAT
1 16 -9 -4 -20 0 0 -2 -2 0 0 0 1 0 1-4disc.dat
1 16 -9 -4 -20 0 0 -2 -2 0 0 0 -1 0 1-4edge.DAT
0 BFC INVERTNEXT
1 16 -9 -4 -20 0 0 -2 -2 0 0 0 -4 0 1-4cyli.DAT
0 BFC INVERTNEXT
1 16 -9 -4 -24 0 0 -2 2 0 0 0 -2 0 1-4cyls2.dat
1 16 -9 -4 -24 0 0 -2 -2 1 0 -2 -1 0 1-4edge.DAT
1 16 9 -4 -24 0 0 2 -2 -1 0 -2 1 0 1-4ndis.dat
4 16 11 0 -20 11 -4 -20 -11 -4 -20 -11 0 -20
4 16 9 -4 -20 9 -6 -20 -9 -6 -20 -9 -4 -20
2 24 11 0 -20 11 -4 -20
2 24 -11 0 -20 -11 -4 -20
2 24 -9 -6 -20 9 -6 -20
2 24 12 -7.965 -27.965 -12 -7.965 -27.965
4 16 -11 -6 -26 11 -6 -26 11 -7.965 -27.965 -11 -7.965 -27.965
2 24 -9 -6 -26 9 -6 -26
4 16 9 -6 -26 -9 -6 -26 -9 -6 -20 9 -6 -20
0
