0 Brick  2 x  2 Corner Round with Stud Notch
0 Name: 3063b.dat
0 Author: James Jessiman
0 !LDRAW_ORG Part UPDATE 2013-01
0 !LICENSE Redistributable under CCAL version 2.0 : see CAreadme.txt

0 BFC CERTIFY CCW

0 !KEYWORDS macaroni

0 !HISTORY 2002-07-08 [sbliss] Added keyword, made BFC compliant, recoded poor inside top
0 !HISTORY 2002-08-18 [PTadmin] Official Update 2002-04
0 !HISTORY 2007-06-10 [PTadmin] Header formatted for Contributor Agreement
0 !HISTORY 2008-07-01 [PTadmin] Official Update 2008-01
0 !HISTORY 2013-06-09 [MMR1988] Completely rewritten
0 !HISTORY 2013-06-10 [PTadmin] renamed from 3063
0 !HISTORY 2013-07-21 [PTadmin] Official Update 2013-01

0 // outside

0 BFC INVERTNEXT
1 16 -10 0 10 20 0 0 0 24 0 0 0 -20 1-4cylo.dat

1 16 -10 0 10 40 0 0 0 24 0 0 0 -40 48\1-12cylo.dat
3 16 24.64 24 -10 22.31824 20 -13.47944 22.31824 24 -13.47944
4 16 24.64 24 -10 24.64 0 -10 22.31824 0 -13.47944 22.31824 20 -13.47944
4 16 22.31824 20 -13.47944 22.31824 0 -13.47944 21.7329 0 -14.3501 21.7329 20 -14.3501
1 16 -10 0 10 24.35046 0 31.73413 0 20 0 -31.73413 0 24.35046 48\1-24cylo.dat
4 16 14.35046 20 -21.73413 14.35046 0 -21.73413 13.47944 0 -22.31824 13.47944 20 -22.31824
4 16 10 0 -24.64 10 24 -24.64 13.47944 20 -22.31824 13.47944 0 -22.31824
3 16 10 24 -24.64 13.47944 24 -22.31824 13.47944 20 -22.31824
1 16 -10 0 10 0 0 40 0 24 0 -40 0 0 48\1-12cylo.dat

1 16 20 12 10 10 0 0 0 0 12 0 -1 0 rect.dat
1 16 -10 12 -20 0 1 0 0 0 12 -10 0 0 rect.dat

0 // top

1 16 -10 0 10 0 0 20 0 1 0 -20 0 0 1-4ring1.dat
1 16 -10 0 10 0 0 40 0 1 0 -40 0 0 48\1-4aring.dat

0 // bottom

4 16 27.3592 24 6 30 24 10 29.656 24 4.78 27.30094 24 5.08924
4 16 27.30094 24 5.08924 29.656 24 4.78 28.636 24 -0.352 26.33929 24 0.2637
4 16 26.33929 24 0.2637 28.636 24 -0.352 26.956 24 -5.308 24.75806 24 -4.39678
4 16 24.75806 24 -4.39678 26.956 24 -5.308 24.64 24 -10 22.58298 24 -8.81212
4 16 22.58298 24 -8.81212 24.64 24 -10 22.31824 24 -13.47944 20.6078 24 -11.769
1 16 21.46302 22 -12.62422 0.85522 1 0 0 0 -2 -0.85522 0 0 rect.dat
4 16 19.84817 20 -12.9033 20.6078 20 -11.769 22.31824 20 -13.47944 21.7329 20 -14.3501
4 16 19.84817 20 -12.9033 21.7329 20 -14.3501 18.28235 20 -18.28348 16.6026 20 -16.60152
4 16 12.90297 20 -19.847 16.6026 20 -16.60152 18.28235 20 -18.28348 14.35046 20 -21.73413
4 16 12.90297 20 -19.847 14.35046 20 -21.73413 13.47944 20 -22.31824 11.769 20 -20.6078
1 16 12.62422 22 -21.46302 0.85522 0 0 0 0 2 -0.85522 -1 0 rect.dat
4 16 8.81212 24 -22.58298 11.769 24 -20.6078 13.47944 24 -22.31824 10 24 -24.64
4 16 4.39678 24 -24.75806 8.81212 24 -22.58298 10 24 -24.64 5.308 24 -26.956
4 16 -0.2637 24 -26.33929 4.39678 24 -24.75806 5.308 24 -26.956 0.352 24 -28.636
4 16 -5.08924 24 -27.30093 -0.2637 24 -26.33929 0.352 24 -28.636 -4.78 24 -29.656
4 16 -6 24 -27.3592 -5.08924 24 -27.30093 -4.78 24 -29.656 -10 24 -30

4 16 8.478 24 2.346 10 24 10 14.8274 24 6 13.67238 24 0.19458
4 16 8.478 24 2.346 13.67238 24 0.19458 8.11838 24 -8.11865 4.142 24 -4.142
4 16 -2.346 24 -8.478 4.142 24 -4.142 8.11838 24 -8.11865 -0.19467 24 -13.67215
4 16 -2.346 24 -8.478 -0.19467 24 -13.67215 -6 24 -14.8274 -10 24 -10

4 16 -6 24 -27.3592 -10 24 -30 -10 24 -10 -6 24 -14.8274
4 16 14.8274 24 6 10 24 10 30 24 10 27.3592 24 6

0 // underside - inside

1 16 27.33007 14 5.54462 0.02913 1 0 0 0 10 0.45538 0 0 rect2p.dat
0 BFC INVERTNEXT
1 16 -10 4 10 37.30093 0 -4.91076 0 20 0 -4.91076 0 -37.30093 48\1-16cylo.dat
3 16 8.81212 24 -22.58298 11.769 20 -20.6078 11.769 24 -20.6078
4 16 11.769 4 -20.6078 11.769 20 -20.6078 8.81212 24 -22.58298 8.81212 4 -22.58298
4 16 11.769 20 -20.6078 11.769 4 -20.6078 12.90297 4 -19.847 12.90297 20 -19.847
0 BFC INVERTNEXT
1 16 -10 4 10 29.84817 0 -22.9033 0 16 0 -22.9033 0 -29.84817 48\1-24cylo.dat
4 16 19.84817 20 -12.9033 19.84817 4 -12.9033 20.6078 4 -11.769 20.6078 20 -11.769
4 16 20.6078 20 -11.769 20.6078 4 -11.769 22.58298 4 -8.81212 22.58298 24 -8.81212
3 16 22.58298 24 -8.81212 20.6078 24 -11.769 20.6078 20 -11.769
0 BFC INVERTNEXT
1 16 -10 4 10 4.91076 0 37.30093 0 20 0 -37.30093 0 4.91076 48\1-16cylo.dat
1 16 -5.54491 14 -27.32954 -0.45509 0 0 0 0 -10 -0.02966 -1 0 rect2p.dat

1 16 -3.09733 14 -14.24978 2.90266 0 0 0 0 -10 0.57763 1 0 rect2p.dat
1 16 -10 4 10 23.67238 0 -9.80542 0 20 0 -9.80542 0 -23.67238 1-8cylo.dat
1 16 14.24989 14 3.09729 -0.57751 -1 0 0 0 10 -2.90271 0 0 rect2p.dat

1 16 -6 14 -21.0933 0 -1 0 -10 0 0 0 0 -6.2659 rect.dat
1 16 21.0933 14 6 0 0 6.2659 10 0 0 0 1 0 rect.dat

0 // underside - top

4 16 14.8274 4 6 27.3592 4 6 27.30094 4 5.08924 26.33929 4 0.2637
4 16 13.67238 4 0.19458 14.8274 4 6 26.33929 4 0.2637 24.75806 4 -4.39678
4 16 13.67238 4 0.19458 24.75806 4 -4.39678 22.58298 4 -8.81212 8.11838 4 -8.11865
3 16 8.11838 4 -8.11865 22.58298 4 -8.81212 19.84817 4 -12.9033
4 16 8.11838 4 -8.11865 19.84817 4 -12.9033 16.6026 4 -16.60152 12.90297 4 -19.847
3 16 8.11838 4 -8.11865 12.90297 4 -19.847 8.81212 4 -22.58298
4 16 -0.19467 4 -13.67215 8.11838 4 -8.11865 8.81212 4 -22.58298 4.39678 4 -24.75806
4 16 -0.19467 4 -13.67215 4.39678 4 -24.75806 -0.2637 4 -26.33929 -6 4 -14.82741
4 16 -6 4 -14.82741 -0.2637 4 -26.33929 -5.08924 4 -27.30093 -6 4 -27.3592

0 // additional edges and condlines

2 24 22.58298 24 -8.81212 20.6078 24 -11.769
2 24 20.6078 20 -11.769 19.84817 20 -12.9033
2 24 12.90297 20 -19.847 11.769 20 -20.6078
2 24 11.769 24 -20.6078 8.81212 24 -22.58298
2 24 24.64 24 -10 22.31824 24 -13.47944
2 24 22.31824 20 -13.47944 21.736 20 -14.352
2 24 14.35046 20 -21.73413 13.47944 20 -22.31824
2 24 13.47944 24 -22.31824 10 24 -24.64
2 24 22.58298 4 -8.81212 19.84817 4 -12.9033
2 24 12.90297 4 -19.847 8.81212 4 -22.58298
2 24 24.64 0 -10 21.736 0 -14.352
2 24 14.35046 0 -21.73413 10 0 -24.64


5 24 13.6729 4 0.19415 13.6729 24 0.19415 8.11788 4 -8.11788 15.6228 4 10
5 24 -0.19415 4 -13.6729 -0.19415 24 -13.6729 -10 4 -15.6228 8.11788 4 -8.11788

5 24 27.29924 24 5.09022 27.29924 4 5.09022 27.6228 24 10 26.33986 24 0.26322
5 24 -5.09022 24 -27.29924 -5.09022 4 -27.29924 -0.26322 24 -26.33986 -10 24 -27.6228

5 24 24.64 24 -10 24.64 0 -10 26.956 24 -5.308 21.736 24 -14.352
5 24 21.736 20 -14.352 21.736 0 -14.352 24.64 24 -10 18.284 20 -18.284
5 24 14.352 20 -21.736 14.352 0 -21.736 18.284 24 -18.284 10 20 -24.64
5 24 10 24 -24.64 10 0 -24.64 14.352 24 -21.736 5.308 24 -26.956

5 24 22.58134 24 -8.8114 22.58134 4 -8.8114 24.7597 24 -4.39825 19.84993 24 -12.90476
5 24 19.84993 20 -12.90476 19.84993 4 -12.90476 22.58134 24 -8.8114 16.60308 24 -16.60308
5 24 12.90476 20 -19.84993 12.90476 4 -19.84993 16.60308 24 -16.60308 8.8114 24 -22.58134
5 24 8.8114 24 -22.58134 8.8114 4 -22.58134 12.90476 24 -19.84993 4.39825 24 -24.7597

0 // studs

1 16 20 0 0 -1 0 0 0 1 0 0 0 -1 stud.dat
1 16 0 0 -20 0 0 -1 0 1 0 1 0 0 stud.dat
