0 Technic Brick  1 x  2 with Holes
0 Name: 32000.dat
0 Author: James Jessiman
0 !LDRAW_ORG Part UPDATE 2003-03
0 !LICENSE Redistributable under CCAL version 2.0 : see CAreadme.txt

0 BFC CERTIFY CCW

0 !HISTORY 2002-08-31 [izanette] Modified with WINDZ for BFC compliance
0 !HISTORY 2003-12-19 [PTadmin] Official Update 2003-03
0 !HISTORY 2007-06-25 [PTadmin] Header formatted for Contributor Agreement
0 !HISTORY 2008-07-01 [PTadmin] Official Update 2008-01

 1 16 10 10 10 1 0 0 0 0 1 0 -1 0 peghole.dat
 1 16 10 10 -10 1 0 0 0 0 1 0 1 0 peghole.dat
 1 16 -10 10 10 1 0 0 0 0 1 0 -1 0 peghole.dat
 1 16 -10 10 -10 1 0 0 0 0 1 0 1 0 peghole.dat

 2 24 16 24 6 7 24 6
 2 24 7 24 6 5 24 4
 2 24 5 24 4 3 24 6
 2 24 3 24 6 -3 24 6
 2 24 -3 24 6 -5 24 4
 2 24 -5 24 4 -7 24 6
 2 24 -7 24 6 -16 24 6
 2 24 -16 24 6 -16 24 -6
 2 24 -16 24 -6 -7 24 -6
 2 24 -7 24 -6 -5 24 -4
 2 24 -5 24 -4 -3 24 -6
 2 24 -3 24 -6 3 24 -6
 2 24 3 24 -6 5 24 -4
 2 24 5 24 -4 7 24 -6
 2 24 7 24 -6 16 24 -6
 2 24 16 24 -6 16 24 6

 2 24 20 24 10 -20 24 10
 2 24 -20 24 10 -20 24 -10
 2 24 -20 24 -10 20 24 -10
 2 24 20 24 -10 20 24 10

 2 24 16 18 6 7 18 6
 2 24 7 18 6 5 18 4
 2 24 5 18 4 3 18 6
 2 24 3 18 6 2 18 6
 2 24 2 18 6 2 18 -6
 2 24 2 18 -6 3 18 -6
 2 24 3 18 -6 5 18 -4
 2 24 5 18 -4 7 18 -6
 2 24 7 18 -6 16 18 -6
 2 24 16 18 -6 16 18 6

 2 24 -16 18 6 -7 18 6
 2 24 -7 18 6 -5 18 4
 2 24 -5 18 4 -3 18 6
 2 24 -3 18 6 -2 18 6
 2 24 -2 18 6 -2 18 -6
 2 24 -2 18 -6 -3 18 -6
 2 24 -3 18 -6 -5 18 -4
 2 24 -5 18 -4 -7 18 -6
 2 24 -7 18 -6 -16 18 -6
 2 24 -16 18 -6 -16 18 6

 2 24 16 24 6 16 18 6
 2 24 7 24 6 7 18 6
 2 24 5 24 4 5 18 4
 2 24 3 24 6 3 18 6
 2 24 -3 24 6 -3 18 6
 2 24 -5 24 4 -5 18 4
 2 24 -7 24 6 -7 18 6
 2 24 -16 24 6 -16 18 6
 2 24 16 24 -6 16 18 -6
 2 24 7 24 -6 7 18 -6
 2 24 5 24 -4 5 18 -4
 2 24 3 24 -6 3 18 -6
 2 24 -3 24 -6 -3 18 -6
 2 24 -5 24 -4 -5 18 -4
 2 24 -7 24 -6 -7 18 -6
 2 24 -16 24 -6 -16 18 -6

 1 16 0 4 0 2 0 0 0 -1 0 0 0 6 rect.dat

 2 24 2 18 6 2 4 6
 2 24 -2 18 6 -2 4 6
 2 24 2 18 -6 2 4 -6
 2 24 -2 18 -6 -2 4 -6

 1 16 0 0 0 20 0 0 0 1 0 0 0 10 rect.dat

 2 24 20 24 10 20 0 10
 2 24 -20 24 10 -20 0 10
 2 24 20 24 -10 20 0 -10
 2 24 -20 24 -10 -20 0 -10

 4 16 16 24 6 16 18 6 7 18 6 7 24 6
 4 16 7 24 6 7 18 6 5 18 4 5 24 4
 4 16 5 24 4 5 18 4 3 18 6 3 24 6
 4 16 3 24 6 3 18 6 -3 18 6 -3 24 6
 4 16 -3 24 6 -3 18 6 -5 18 4 -5 24 4
 4 16 -5 24 4 -5 18 4 -7 18 6 -7 24 6
 4 16 -7 24 6 -7 18 6 -16 18 6 -16 24 6
 4 16 -16 24 6 -16 18 6 -16 18 -6 -16 24 -6
 4 16 -16 24 -6 -16 18 -6 -7 18 -6 -7 24 -6
 4 16 -7 24 -6 -7 18 -6 -5 18 -4 -5 24 -4
 4 16 -5 24 -4 -5 18 -4 -3 18 -6 -3 24 -6
 4 16 -3 24 -6 -3 18 -6 3 18 -6 3 24 -6
 4 16 3 24 -6 3 18 -6 5 18 -4 5 24 -4
 4 16 5 24 -4 5 18 -4 7 18 -6 7 24 -6
 4 16 7 24 -6 7 18 -6 16 18 -6 16 24 -6
 4 16 16 24 -6 16 18 -6 16 18 6 16 24 6

 4 16 2 18 6 2 4 6 -2 4 6 -2 18 6
 4 16 -2 18 6 -2 4 6 -2 4 -6 -2 18 -6
 4 16 -2 18 -6 -2 4 -6 2 4 -6 2 18 -6
 4 16 2 18 -6 2 4 -6 2 4 6 2 18 6

 4 16 20 24 10 16 24 6 -16 24 6 -20 24 10
 4 16 -20 24 10 -16 24 6 -16 24 -6 -20 24 -10
 4 16 -20 24 -10 -16 24 -6 16 24 -6 20 24 -10
 4 16 20 24 -10 16 24 -6 16 24 6 20 24 10
 3 16 7 24 6 5 24 4 3 24 6
 3 16 -7 24 6 -3 24 6 -5 24 4
 3 16 7 24 -6 3 24 -6 5 24 -4
 3 16 -7 24 -6 -5 24 -4 -3 24 -6

 4 16 16 18 6 16 18 -6 2 18 -6 2 18 6
 4 16 -16 18 6 -2 18 6 -2 18 -6 -16 18 -6

0 BFC INVERTNEXT
 1 16 10 10 8 6 0 0 0 0 6 0 -16 0 4-4cyli.dat
0 BFC INVERTNEXT
 1 16 -10 10 8 6 0 0 0 0 6 0 -16 0 4-4cyli.dat

 4 16 20 24 10 20 0 10 20 0 -10 20 24 -10
 4 16 -20 24 10 -20 24 -10 -20 0 -10 -20 0 10

 1 16 10 10 10 8 0 0 0 0 8 0 -1 0 4-4ndis.dat
 1 16 10 10 -10 8 0 0 0 0 8 0 1 0 4-4ndis.dat
 1 16 -10 10 10 8 0 0 0 0 8 0 -1 0 4-4ndis.dat
 1 16 -10 10 -10 8 0 0 0 0 8 0 1 0 4-4ndis.dat

 4 16 20 24 10 -20 24 10 -18 18 10 18 18 10
 4 16 20 0 10 18 2 10 -18 2 10 -20 0 10
 4 16 20 24 10 18 18 10 18 2 10 20 0 10
 4 16 -20 24 10 -20 0 10 -18 2 10 -18 18 10
 4 16 2 18 10 -2 18 10 -2 2 10 2 2 10
 4 16 20 24 -10 18 18 -10 -18 18 -10 -20 24 -10
 4 16 20 0 -10 -20 0 -10 -18 2 -10 18 2 -10
 4 16 20 24 -10 20 0 -10 18 2 -10 18 18 -10
 4 16 -20 24 -10 -18 18 -10 -18 2 -10 -20 0 -10
 4 16 2 18 -10 2 2 -10 -2 2 -10 -2 18 -10

 1 16 10 0 0 1 0 0 0 1 0 0 0 1 stud2.dat
 1 16 -10 0 0 1 0 0 0 1 0 0 0 1 stud2.dat
0
