0 Technic Gear 20 Tooth Bevel
0 Name: 32198.dat
0 Author: Marc Klein [marckl]
0 !LDRAW_ORG Part UPDATE 2018-02
0 !LICENSE Redistributable under CCAL version 2.0 : see CAreadme.txt

0 BFC CERTIFY CCW

0 !HISTORY 2000-09-30 [PTadmin] Official Update 2000-02
0 !HISTORY 2007-06-25 [PTadmin] Header formatted for Contributor Agreement
0 !HISTORY 2008-07-01 [PTadmin] Official Update 2008-01
0 !HISTORY 2017-07-16 [MagFors] bfc'd, used tooth primitive
0 !HISTORY 2018-12-08 [PTadmin] Official Update 2018-02

1 16 0 0 -3 -11.08655 0 4.5922 4.5922 0 11.08655 0 6 0 3-8cylo.dat
1 16 0 0 -3 11.08655 0 -4.5922 -4.5922 0 -11.08655 0 6 0 3-8cylo.dat
0 BFC INVERTNEXT
1 16 0 0 3 -8.31492 0 3.44415 -3.44415 0 -8.31492 0 -3 0 3-8cylo.dat
0 BFC INVERTNEXT
1 16 0 0 3 8.31492 0 -3.44415 3.44415 0 8.31492 0 -3 0 3-8cylo.dat
1 16 -12 0 3 0 0 -3 -3 0 0 0 -6 0 2-4cylc.dat
1 16 12 0 3 0 0 3 3 0 0 0 -6 0 2-4cylc.dat
0 BFC INVERTNEXT
1 16 11 0 3 0 0 1 -1 0 0 0 -10 0 8\2-4cylo.dat
0 BFC INVERTNEXT
1 16 -11 0 3 0 0 -1 1 0 0 0 -10 0 8\2-4cylo.dat
1 16 -11 0 3 0 0 -1 -1 0 0 0 -1 0 8\2-4ndis.dat
1 16 11 0 3 0 0 1 1 0 0 0 -1 0 8\2-4ndis.dat
1 16 0 0 0 0 0 -1 -1 0 0 0 -7 0 axlehol5.dat
1 16 0 0 0 2.771639 0 -1.14805 1.14805 0 2.771639 0 -1 0 3-8ring2.dat
1 16 0 0 0 -2.771639 0 1.14805 -1.14805 0 -2.771639 0 -1 0 3-8ring2.dat
1 16 0 0 3 2.771639 0 -1.14805 1.14805 0 2.771639 0 -1 0 3-8ring3.dat
1 16 0 0 3 -2.771639 0 1.14805 -1.14805 0 -2.771639 0 -1 0 3-8ring3.dat

2 24 -11 1 3 -8.944 1 3
2 24 -5.8011 1 -7 -11 1 -7
2 24 -8.944 1 0 -5.8011 1 0
4 16 -8.944 1 3 -11 1 3 -11 1 -7 -8.944 1 0
4 16 -8.944 1 0 -11 1 -7 -5.8011 1 -7 -5.8011 1 0
2 24 -11 -1 -7 -5.8011 -1 -7
2 24 -5.8011 -1 0 -8.944 -1 0
2 24 -8.944 -1 3 -11 -1 3
4 16 -5.8011 -1 0 -5.8011 -1 -7 -11 -1 -7 -8.944 -1 0
4 16 -8.944 -1 0 -11 -1 -7 -11 -1 3 -8.944 -1 3
2 24 11 -1 3 8.944 -1 3
2 24 5.8011 -1 -7 11 -1 -7
2 24 8.944 -1 0 5.8011 -1 0
4 16 8.944 -1 3 11 -1 3 11 -1 -7 8.944 -1 0
4 16 8.944 -1 0 11 -1 -7 5.8011 -1 -7 5.8011 -1 0
2 24 11 1 -7 5.8011 1 -7
2 24 5.8011 1 0 8.944 1 0
2 24 8.944 1 3 11 1 3
4 16 5.8011 1 0 5.8011 1 -7 11 1 -7 8.944 1 0
4 16 8.944 1 0 11 1 -7 11 1 3 8.944 1 3

4 16 -8.944 1 3 -8.3148 3.4441 3 -11.0866 4.5922 3 -11.63 3 3
4 16 -12 1 3 -8.944 1 3 -11.63 3 3 -12 3 3
4 16 -11.0864 -4.5922 3 -8.3149 -3.4442 3 -8.944 -1 3 -11.63 -3 3
4 16 -11.63 -3 3 -8.944 -1 3 -12 -1 3 -12 -3 3
4 16 11.0864 4.5922 3 8.3149 3.4442 3 8.944 1 3 11.63 3 3
4 16 12 1 3 12 3 3 11.63 3 3 8.944 1 3
4 16 8.3148 -3.4441 3 11.0864 -4.5922 3 11.63 -3 3 8.944 -1 3
4 16 12 -3 3 12 -1 3 8.944 -1 3 11.63 -3 3

4 16 8.315 3.444 0 5.5433 2.2961 0 5.8011 1 0 8.944 1 0
4 16 -5.8011 1 0 -5.543 2.296 0 -8.3148 3.4441 0 -8.944 1 0
4 16 -8.3149 -3.4442 0 -5.543 -2.296 0 -5.8011 -1 0 -8.944 -1 0
4 16 5.5433 -2.2961 0 8.315 -3.444 0 8.944 -1 0 5.8011 -1 0

1 16 -11.815 -3 0 0 0 .185 0 1 0 -3 0 0 rect3.dat
1 16 -11.815 3 0 0 0 .185 0 -1 0 3 0 0 rect3.dat
1 16 11.815 3 0 0 0 -.185 0 -1 0 -3 0 0 rect3.dat
1 16 11.815 -3 0 0 0 -.185 0 1 0 3 0 0 rect3.dat

1 16 5.70155 1.5 -3.5 0 0 .09955 0 1 -.5 -3.5 0 0 rect.dat
1 16 5.70155 -1.5 -3.5 -.09955 0 0 -.5 -1 0 0 0 3.5 rect.dat
1 16 -5.70155 -1.5 -3.5 -.09955 0 0 .5 -1 0 0 0 3.5 rect.dat
1 16 -5.70155 1.5 -3.5 0 0 .09955 0 1 .5 -3.5 0 0 rect.dat

1 16 8.6295 -2.222 1.5 0 0 .3145 0 -1 1.222 1.5 0 0 rect3.dat
1 16 8.6295 2.222 1.5 0 0 .3145 0 1 -1.222 -1.5 0 0 rect3.dat
1 16 -8.6295 2.222 1.5 0 0 -.3145 0 1 -1.222 1.5 0 0 rect3.dat
1 16 -8.6295 -2.222 1.5 0 0 -.3145 0 -1 1.222 -1.5 0 0 rect3.dat
5 24 -8.3148 3.4441 3 -8.3148 3.4441 0 -6.3642 6.3641 0 -8.944 1 0
5 24 -8.3149 -3.4442 3 -8.3149 -3.4442 0 -8.944 -1 0 -6.3641 -6.3642 0
5 24 8.3148 -3.4441 3 8.3148 -3.4441 0 6.3642 -6.3641 0 8.944 -1 0
5 24 8.3149 3.4442 3 8.3149 3.4442 0 8.944 1 0 6.3641 6.3642 0

1 16 -11.3582 -3.7961 0 -.2718 0 0 .7961 1 0 0 0 -3 rect2p.dat
1 16 -11.3582 3.7961 0 -.2718 0 0 -.7961 -1 0 0 0 3 rect2p.dat
1 16 11.3582 3.7961 0 .2718 0 0 -.7961 -1 0 0 0 -3 rect2p.dat
1 16 11.3582 -3.7961 0 .2718 0 0 .7961 1 0 0 0 3 rect2p.dat
5 24 11.0866 4.5922 3 11.0864 4.5922 -3 8.485 8.485 -3 11.63 3 3
5 24 -11.0866 4.5922 -3 -11.0866 4.5922 3 -8.485 8.485 3 -11.63 3 -3
5 24 -11.0864 -4.5922 3 -11.0864 -4.5922 -3 -8.485 -8.485 -3 -11.63 -3 3
5 24 11.0866 -4.5922 -3 11.0866 -4.5922 3 8.485 -8.485 3 11.63 -3 -3


0 BFC INVERTNEXT
1 16 0 0 0 4 0 0 0 0 4 0 -3 0 4-4con4.dat
1 16 0 0 -3 16 0 0 0 0 16 0 1 0 4-4edge.dat
1 16 0 0 0 20 0 0 0 0 20 0 1 0 4-4edge.dat

1 16 0 0 -3 3.695518 0 -1.530734 1.530734 0 3.695518 0 -1 0 3-8ring3.dat
1 16 0 0 -3 -3.695518 0 1.530734 -1.530734 0 -3.695518 0 -1 0 3-8ring3.dat
1 16 0 0 -3 14.782073 0 6.122935 -6.122935 0 14.782073 0 -1 0 1-8chrd.dat
1 16 0 0 -3 -14.782073 0 -6.122935 6.122935 0 -14.782073 0 -1 0 1-8chrd.dat
4 16 -14.7824 0 -3 -11.63 3 -3 -11.0866 4.5922 -3 -14.7824 6.1232 -3
4 16 -14.7824 -6.1232 -3 -11.0866 -4.5922 -3 -11.63 -3 -3 -14.7824 0 -3
4 16 14.7819 6.1229 -3 11.0864 4.5922 -3 11.63 3 -3 14.7824 0 -3
4 16 11.63 -3 -3 11.0864 -4.5922 -3 14.7819 -6.1229 -3 14.7824 0 -3

4 16 -2.07 -26 0 2.07 -26 0 0 -20 0 -6.066 -25.367 0
4 16 -6.066 -25.367 0 0 -20 0 -7.654 -18.478 0 -10.003 -24.088 0
4 16 -13.608 -22.251 0 -10.003 -24.088 0 -7.654 -18.478 0 -14.142 -14.142 0
4 16 -16.957 -19.818 0 -13.608 -22.251 0 -14.142 -14.142 0 -19.818 -16.957 0
4 16 -22.251 -13.608 0 -19.818 -16.957 0 -14.142 -14.142 0 -18.478 -7.654 0
4 16 -24.088 -10.003 0 -22.251 -13.608 0 -18.478 -7.654 0 -25.367 -6.066 0
4 16 -25.367 -6.066 0 -18.478 -7.654 0 -20 0 0 -26 -2.07 0
4 16 -26 2.07 0 -26 -2.07 0 -20 0 0 -25.367 6.066 0
4 16 -25.367 6.066 0 -20 0 0 -18.478 7.654 0 -24.088 10.003 0
4 16 -22.251 13.608 0 -24.088 10.003 0 -18.478 7.654 0 -14.142 14.142 0
4 16 -19.818 16.957 0 -22.251 13.608 0 -14.142 14.142 0 -16.957 19.818 0
4 16 -13.608 22.251 0 -16.957 19.818 0 -14.142 14.142 0 -7.654 18.478 0
4 16 -10.003 24.088 0 -13.608 22.251 0 -7.654 18.478 0 -6.066 25.367 0
4 16 -6.066 25.367 0 -7.654 18.478 0 0 20 0 -2.07 26 0
4 16 2.07 26 0 -2.07 26 0 0 20 0 6.066 25.367 0
4 16 6.066 25.367 0 0 20 0 7.654 18.478 0 10.003 24.088 0
4 16 13.608 22.251 0 10.003 24.088 0 7.654 18.478 0 14.142 14.142 0
4 16 16.957 19.818 0 13.608 22.251 0 14.142 14.142 0 19.818 16.957 0
4 16 22.251 13.608 0 19.818 16.957 0 14.142 14.142 0 18.478 7.654 0
4 16 24.088 10.003 0 22.251 13.608 0 18.478 7.654 0 25.367 6.066 0
4 16 25.367 6.066 0 18.478 7.654 0 20 0 0 26 2.07 0
4 16 26 -2.07 0 26 2.07 0 20 0 0 25.367 -6.066 0
4 16 25.367 -6.066 0 20 0 0 18.478 -7.654 0 24.088 -10.003 0
4 16 22.251 -13.608 0 24.088 -10.003 0 18.478 -7.654 0 14.142 -14.142 0
4 16 19.818 -16.957 0 22.251 -13.608 0 14.142 -14.142 0 16.957 -19.818 0
4 16 13.608 -22.251 0 16.957 -19.818 0 14.142 -14.142 0 7.654 -18.478 0
4 16 10.003 -24.088 0 13.608 -22.251 0 7.654 -18.478 0 6.066 -25.367 0
4 16 6.066 -25.367 0 7.654 -18.478 0 0 -20 0 2.07 -26 0

1 16 0 -19.87 -7 1 0 0 0 1 0 0 0 1 toothb20.dat
1 16 6.14 -18.897 -7 .951 -.309 0 .309 .951 0 0 0 1 toothb20.dat
1 16 11.679 -16.075 -7 .809 -.588 0 .588 .809 0 0 0 1 toothb20.dat
1 16 16.075 -11.679 -7 .588 -.809 0 .809 .588 0 0 0 1 toothb20.dat
1 16 18.897 -6.14 -7 .309 -.951 0 .951 .309 0 0 0 1 toothb20.dat
1 16 19.869 0 -7 0 -1 0 1 0 0 0 0 1 toothb20.dat
1 16 18.897 6.14 -7 -.309 -.951 0 .951 -.309 0 0 0 1 toothb20.dat
1 16 16.075 11.679 -7 -.588 -.809 0 .809 -.588 0 0 0 1 toothb20.dat
1 16 11.679 16.075 -7 -.809 -.588 0 .588 -.809 0 0 0 1 toothb20.dat
1 16 6.14 18.897 -7 -.951 -.309 0 .309 -.951 0 0 0 1 toothb20.dat
1 16 0 19.869 -7 -1 0 0 0 -1 0 0 0 1 toothb20.dat
1 16 -6.14 18.897 -7 -.951 .309 0 -.309 -.951 0 0 0 1 toothb20.dat
1 16 -11.679 16.075 -7 -.809 .588 0 -.588 -.809 0 0 0 1 toothb20.dat
1 16 -16.075 11.679 -7 -.588 .809 0 -.809 -.588 0 0 0 1 toothb20.dat
1 16 -18.897 6.14 -7 -.309 .951 0 -.951 -.309 0 0 0 1 toothb20.dat
1 16 -19.869 0 -7 0 1 0 -1 0 0 0 0 1 toothb20.dat
1 16 -18.897 -6.14 -7 .309 .951 0 -.951 .309 0 0 0 1 toothb20.dat
1 16 -16.075 -11.679 -7 .588 .809 0 -.809 .588 0 0 0 1 toothb20.dat
1 16 -11.679 -16.075 -7 .809 .588 0 -.588 .809 0 0 0 1 toothb20.dat
1 16 -6.14 -18.897 -7 .951 .309 0 -.309 .951 0 0 0 1 toothb20.dat

1 16 -11 0 -7 0 0 -1 -1 0 0 0 1 0 8\2-4ndis.dat
1 16 11 0 -7 0 0 1 1 0 0 0 1 0 8\2-4ndis.dat
1 16 0 0 -7 5.543277 0 -2.296101 -2.296101 0 -5.543277 0 1 0 3-8ring1.dat
1 16 0 0 -7 -5.543277 0 2.296101 2.296101 0 5.543277 0 1 0 3-8ring1.dat
1 16 0 0 -7 0 0 6 6 0 0 0 1 0 4-4ring2.dat
4 16 -5.8011 1 -7 -12 1 -7 -11.0868 4.5924 -7 -5.5433 2.2961 -7
4 16 -12 -1 -7 -5.8011 -1 -7 -5.5433 -2.2961 -7 -11.0868 -4.5924 -7
4 16 11.0866 -4.5922 -7 5.543 -2.296 -7 5.8011 -1 -7 12 -1 -7
4 16 5.543 2.296 -7 11.0864 4.5922 -7 12 1 -7 5.8011 1 -7

4 16 -4.636 -19.386 -7 0 -18 -7 1.582 -19.87 -7 -1.582 -19.87 -7
4 16 -7.645 -18.409 -7 -6.889 -16.63 -7 0 -18 -7 -4.636 -19.386 -7
4 16 -12.728 -12.728 -7 -6.889 -16.63 -7 -7.645 -18.409 -7 -10.399 -17.005 -7
4 16 -15.145 -12.959 -7 -12.728 -12.728 -7 -10.399 -17.005 -7 -12.959 -15.145 -7
4 16 -16.63 -6.889 -7 -12.728 -12.728 -7 -15.145 -12.959 -7 -17.005 -10.399 -7
4 16 -19.386 -4.636 -7 -16.63 -6.889 -7 -17.005 -10.399 -7 -18.409 -7.645 -7
4 16 -19.87 -1.582 -7 -18 0 -7 -16.63 -6.889 -7 -19.386 -4.636 -7
4 16 -19.386 4.636 -7 -18 0 -7 -19.87 -1.582 -7 -19.87 1.582 -7
4 16 -18.409 7.645 -7 -16.63 6.889 -7 -18 0 -7 -19.386 4.636 -7
4 16 -12.728 12.728 -7 -16.63 6.889 -7 -18.409 7.645 -7 -17.005 10.399 -7
4 16 -12.959 15.145 -7 -12.728 12.728 -7 -17.005 10.399 -7 -15.145 12.959 -7
4 16 -6.889 16.63 -7 -12.728 12.728 -7 -12.959 15.145 -7 -10.399 17.005 -7
4 16 -4.636 19.386 -7 -6.889 16.63 -7 -10.399 17.005 -7 -7.645 18.409 -7
4 16 -1.582 19.87 -7 0 18 -7 -6.889 16.63 -7 -4.636 19.386 -7
4 16 4.636 19.386 -7 0 18 -7 -1.582 19.87 -7 1.582 19.87 -7
4 16 7.645 18.409 -7 6.889 16.63 -7 0 18 -7 4.636 19.386 -7
4 16 12.728 12.728 -7 6.889 16.63 -7 7.645 18.409 -7 10.399 17.005 -7
4 16 15.145 12.959 -7 12.728 12.728 -7 10.399 17.005 -7 12.959 15.145 -7
4 16 16.63 6.889 -7 12.728 12.728 -7 15.145 12.959 -7 17.005 10.399 -7
4 16 19.386 4.636 -7 16.63 6.889 -7 17.005 10.399 -7 18.409 7.645 -7
4 16 19.87 1.582 -7 18 0 -7 16.63 6.889 -7 19.386 4.636 -7
4 16 19.386 -4.636 -7 18 0 -7 19.87 1.582 -7 19.87 -1.582 -7
4 16 18.409 -7.645 -7 16.63 -6.889 -7 18 0 -7 19.386 -4.636 -7
4 16 12.728 -12.728 -7 16.63 -6.889 -7 18.409 -7.645 -7 17.005 -10.399 -7
4 16 12.959 -15.145 -7 12.728 -12.728 -7 17.005 -10.399 -7 15.145 -12.959 -7
4 16 6.889 -16.63 -7 12.728 -12.728 -7 12.959 -15.145 -7 10.399 -17.005 -7
4 16 4.636 -19.386 -7 6.889 -16.63 -7 10.399 -17.005 -7 7.645 -18.409 -7
4 16 1.582 -19.87 -7 0 -18 -7 6.889 -16.63 -7 4.636 -19.386 -7
