0 Wheel Rim  8 x 17.5 with Axlehole
0 Name: 3482.dat
0 Author: James Jessiman
0 !LDRAW_ORG Part UPDATE 2014-01
0 !LICENSE Redistributable under CCAL version 2.0 : see CAreadme.txt

0 BFC CERTIFY CCW

0 !HISTORY 1999-05-17 [PTadmin] Official Update 1999-03
0 !HISTORY 2007-06-25 [PTadmin] Header formatted for Contributor Agreement
0 !HISTORY 2008-07-01 [PTadmin] Official Update 2008-01
0 !HISTORY 2008-07-07 [guyvivan] Made BFC Compliant (2004-08-01)
0 !HISTORY 2011-02-21 [Philo] Minor improvements
0 !HISTORY 2012-03-30 [PTadmin] Official Update 2012-01
0 !HISTORY 2014-03-08 [cwdee] Description change
0 !HISTORY 2014-06-21 [PTadmin] Official Update 2014-01

0 // Nomenclature: width_(mm) x rim_diameter_(mm) [optional qualifier]

1 16 0 0 10 0 0 1 1 0 0 0 -20 0 axlehol5.dat
2 24 -8.315 3.444 10 -8.58 2 10
2 24 -8.58 2 10 -5.602 2 10
2 24 -5.602 -2 10 -8.58 -2 10
2 24 -8.58 -2 10 -8.315 -3.444 10
2 24 8.315 -3.444 10 8.58 -2 10
2 24 8.58 -2 10 5.602 -2 10
2 24 5.602 2 10 8.58 2 10
2 24 8.58 2 10 8.315 3.444 10
2 24 -8.315 3.444 -10 -8.58 2 -10
2 24 -8.58 2 -10 -5.602 2 -10
2 24 -5.602 -2 -10 -8.58 -2 -10
2 24 -8.58 -2 -10 -8.315 -3.444 -10
2 24 8.315 -3.444 -10 8.58 -2 -10
2 24 8.58 -2 -10 5.602 -2 -10
2 24 5.602 2 -10 8.58 2 -10
2 24 8.58 2 -10 8.315 3.444 -10
2 24 8.58 2 -10 8.58 2 10
2 24 -8.58 2 -10 -8.58 2 10
2 24 8.58 -2 -10 8.58 -2 10
2 24 -8.58 -2 -10 -8.58 -2 10
2 24 0 9 9 -3.442 8.312 9
2 24 -3.442 8.312 9 -3.87 7.96 9
2 24 -3.87 -7.96 9 -3.442 -8.312 9
2 24 3.87 -7.96 9 3.442 -8.312 9
2 24 -3.442 -8.312 9 0 -9 9
2 24 0 -9 9 3.442 -8.312 9
2 24 3.87 7.96 9 3.442 8.312 9
2 24 3.442 8.312 9 0 9 9
2 24 0 9 -9 -3.442 8.312 -9
2 24 -3.442 8.312 -9 -3.87 7.96 -9
2 24 -3.87 -7.96 -9 -3.442 -8.312 -9
2 24 -3.442 -8.312 -9 0 -9 -9
2 24 0 -9 -9 3.442 -8.312 -9
2 24 3.442 -8.312 -9 3.87 -7.96 -9
2 24 3.87 7.96 -9 3.442 8.312 -9
2 24 3.442 8.312 -9 0 9 -9
2 24 -7.21 12.94 9 -10.607 10.607 9
2 24 -10.607 -10.607 9 -7.21 -12.94 9
2 24 7.21 -12.94 9 10.607 -10.607 9
2 24 10.607 10.607 9 7.21 12.94 9
2 24 -7.21 12.94 -9 -10.607 10.607 -9
2 24 -10.607 -10.607 -9 -7.21 -12.94 -9
2 24 7.21 -12.94 -9 10.607 -10.607 -9
2 24 10.607 10.607 -9 7.21 12.94 -9
4 16 10.607 10.607 -9 10.607 10.607 9 7.21 12.94 9 7.21 12.94 -9
4 16 7.21 -12.94 -9 7.21 -12.94 9 10.607 -10.607 9 10.607 -10.607 -9
4 16 -7.21 12.94 -9 -7.21 12.94 9 -10.607 10.607 9 -10.607 10.607 -9
4 16 -10.607 -10.607 -9 -10.607 -10.607 9 -7.21 -12.94 9 -7.21 -12.94 -9
0 BFC INVERTNEXT
1 16 0 0 9 10.6066 0 10.6066 10.6066 0 -10.6066 0 -18 0 1-4cylo.dat
0 BFC INVERTNEXT
1 16 0 0 9 -10.6066 0 -10.6066 -10.6066 0 10.6066 0 -18 0 1-4cylo.dat
1 16 0 0 5 19 0 0 0 0 19 0 1 0 4-4edge.dat
1 16 0 0 -5 19 0 0 0 0 19 0 1 0 4-4edge.dat
1 16 0 0 -5.333 1 0 0 0 0 1 0 0.333 0 4-4con19.dat
1 16 0 0 5.333 -1 0 0 0 0 1 0 -0.333 0 4-4con19.dat
1 16 0 0 6 -2 0 0 0 0 2 0 -0.667 0 4-4con10.dat
1 16 0 0 -6 2 0 0 0 0 2 0 0.667 0 4-4con10.dat
1 16 0 0 -10 8.31492 0 -3.44415 3.44415 0 8.31492 0 20 0 3-8cyli.dat
1 16 0 0 -10 8.31492 0 -3.44415 3.44415 0 8.31492 0 20 0 3-8edge.dat
1 16 0 0 10 8.31492 0 -3.44415 3.44415 0 8.31492 0 20 0 3-8edge.dat
1 16 0 0 -10 8.31492 0 -3.44415 -3.44415 0 -8.31492 0 20 0 3-8edge.dat
1 16 0 0 10 8.31492 0 -3.44415 -3.44415 0 -8.31492 0 20 0 3-8edge.dat
1 16 0 0 -10 -8.31492 0 3.44415 -3.44415 0 -8.31492 0 20 0 3-8cyli.dat
1 16 0 0 -10 2.77164 0 -1.14805 -1.14805 0 -2.77164 0 1 0 3-8ring2.dat
1 16 0 0 -10 -2.77164 0 1.14805 1.14805 0 2.77164 0 1 0 3-8ring2.dat
1 16 0 0 10 -2.77164 0 1.14805 -1.14805 0 -2.77164 0 -1 0 3-8ring2.dat
1 16 0 0 10 2.77164 0 -1.14805 1.14805 0 2.77164 0 -1 0 3-8ring2.dat
1 16 0 0 9 0 0 -5 5 0 0 0 -1 0 4-4ring3.dat
1 16 0 0 -9 0 0 -5 5 0 0 0 1 0 4-4ring3.dat
1 16 0 0 -9 0 0 -2 2 0 0 0 1 0 4-4rin10.dat
1 16 0 0 9 0 0 -2 2 0 0 0 -1 0 4-4rin10.dat
4 16 5.543 2.296 10 5.602 2 10 8.58 2 10 8.315 3.444 10
4 16 5.602 -2 10 5.543 -2.296 10 8.315 -3.444 10 8.58 -2 10
4 16 -5.543 -2.296 10 -5.602 -2 10 -8.58 -2 10 -8.315 -3.444 10
4 16 -5.602 2 10 -5.543 2.296 10 -8.315 3.444 10 -8.58 2 10
4 16 -5.543 2.296 -10 -5.602 2 -10 -8.58 2 -10 -8.315 3.444 -10
4 16 -5.602 -2 -10 -5.543 -2.296 -10 -8.315 -3.444 -10 -8.58 -2 -10
4 16 5.543 -2.296 -10 5.602 -2 -10 8.58 -2 -10 8.315 -3.444 -10
4 16 5.602 2 -10 5.543 2.296 -10 8.315 3.444 -10 8.58 2 -10
4 16 8.58 2 -10 8.58 2 10 5.602 2 10 5.602 2 -10
4 16 -8.58 2 10 -8.58 2 -10 -5.602 2 -10 -5.602 2 10
4 16 8.58 -2 10 8.58 -2 -10 5.602 -2 -10 5.602 -2 10
4 16 -8.58 -2 -10 -8.58 -2 10 -5.602 -2 10 -5.602 -2 -10
4 16 -8.315 3.444 -10 -8.58 2 -10 -8.58 2 10 -8.315 3.444 10
5 24 -8.315 3.444 10 -8.315 3.444 -10 -9 0 10 -6.364 6.364 10
4 16 -8.58 -2 -10 -8.315 -3.444 -10 -8.315 -3.444 10 -8.58 -2 10
5 24 -8.315 -3.444 10 -8.315 -3.444 -10 -6.364 -6.364 10 -9 0 10
4 16 8.315 -3.444 -10 8.58 -2 -10 8.58 -2 10 8.315 -3.444 10
5 24 8.315 -3.444 10 8.315 -3.444 -10 9 0 10 6.364 -6.364 10
4 16 8.58 2 -10 8.315 3.444 -10 8.315 3.444 10 8.58 2 10
5 24 8.315 3.444 10 8.315 3.444 -10 6.364 6.364 10 9 0 10
1 16 5.54 10.45 9 1.67 0 -2.49 2.49 0 1.67 0 -1 0 2-4ndis.dat
1 16 -5.54 10.45 9 -1.67 0 2.49 2.49 0 1.67 0 -1 0 2-4ndis.dat
1 16 5.54 -10.45 9 -1.67 0 -2.49 2.49 0 -1.67 0 -1 0 2-4ndis.dat
1 16 -5.54 -10.45 9 1.67 0 2.49 2.49 0 -1.67 0 -1 0 2-4ndis.dat
1 16 5.54 10.45 -9 1.67 0 -2.49 2.49 0 1.67 0 1 0 2-4ndis.dat
1 16 -5.54 10.45 -9 -1.67 0 2.49 2.49 0 1.67 0 1 0 2-4ndis.dat
1 16 5.54 -10.45 -9 -1.67 0 -2.49 2.49 0 -1.67 0 1 0 2-4ndis.dat
1 16 -5.54 -10.45 -9 1.67 0 2.49 2.49 0 -1.67 0 1 0 2-4ndis.dat
0 BFC INVERTNEXT
1 16 5.54 10.45 9 1.67 0 -2.49 2.49 0 1.67 0 -18 0 2-4cylo.DAT
0 BFC INVERTNEXT
1 16 -5.54 10.45 9 -1.67 0 2.49 2.49 0 1.67 0 -18 0 2-4cylo.DAT
0 BFC INVERTNEXT
1 16 5.54 -10.45 9 -1.67 0 -2.49 2.49 0 -1.67 0 -18 0 2-4cylo.DAT
0 BFC INVERTNEXT
1 16 -5.54 -10.45 9 1.67 0 2.49 2.49 0 -1.67 0 -18 0 2-4cylo.DAT
4 16 -4.72 14.61 9 -1.38 9.63 9 1.38 9.63 9 4.72 14.61 9
4 16 4.72 -14.61 9 1.38 -9.63 9 -1.38 -9.63 9 -4.72 -14.61 9
4 16 4.72 14.61 -9 1.38 9.63 -9 -1.38 9.63 -9 -4.72 14.61 -9
4 16 -4.72 -14.61 -9 -1.38 -9.63 -9 1.38 -9.63 -9 4.72 -14.61 -9
4 16 -1.38 -9.63 9 1.38 -9.63 9 3.442 -8.312 9 -3.442 -8.312 9
4 16 1.38 -9.63 -9 -1.38 -9.63 -9 -3.442 -8.312 -9 3.442 -8.312 -9
4 16 1.38 9.63 9 -1.38 9.63 9 -3.442 8.312 9 3.442 8.312 9
4 16 -1.38 9.63 -9 1.38 9.63 -9 3.442 8.312 -9 -3.442 8.312 -9
3 16 4.72 14.61 9 0 15 9 -4.72 14.61 9
3 16 -4.72 -14.61 9 0 -15 9 4.72 -14.61 9
3 16 -4.72 14.61 -9 0 15 -9 4.72 14.61 -9
3 16 4.72 -14.61 -9 0 -15 -9 -4.72 -14.61 -9
1 16 0 0 9 22 0 0 0 0 22 0 -3 0 4-4cylo.dat
1 16 0 0 5 19 0 0 0 0 19 0 -10 0 4-4cylo.dat
1 16 0 0 -6 22 0 0 0 0 22 0 -3 0 4-4cylo.dat
0 //
0 // Added lines/Condlines
5 24 10.607 10.607 -9 10.607 10.607 9 7.21 12.94 9 13.859 5.741 9
5 24 10.607 -10.607 9 10.607 -10.607 -9 7.21 -12.94 -9 13.859 -5.741 9
5 24 -10.607 10.607 9 -10.607 10.607 -9 -7.21 12.94 -9 -13.859 5.741 9
5 24 -10.607 -10.607 -9 -10.607 -10.607 9 -7.21 -12.94 9 -13.859 -5.741 9
