0 Minifig Head with Standard Grin and Pointed Moustache Pattern
0 Name: 3626bp03.dat
0 Author: Chris Dee [cwdee]
0 !LDRAW_ORG Part UPDATE 2005-01
0 !LICENSE Redistributable under CCAL version 2.0 : see CAreadme.txt

0 BFC CERTIFY CCW

0 !HISTORY 1999-05-24 [PTadmin] Official Update 1999-04
0 !HISTORY 2003-11-02 [hmick] corrected overlapping quads
0 !HISTORY 2004-04-01 [westrate] added 3-16cyli, bfc'ed
0 !HISTORY 2004-04-15 [westrate] added torus primitives
0 !HISTORY 2005-12-28 [PTadmin] Official Update 2005-01
0 !HISTORY 2007-06-29 [PTadmin] Header formatted for Contributor Agreement
0 !HISTORY 2008-07-01 [PTadmin] Official Update 2008-01

4 16 -4.975 4 -12.01 -4.975 8.75 -12.01 0 8.75 -13 0 4 -13
4 16 0 4 -13 0 8.75 -13 4.975 8.75 -12.01 4.975 4 -12.01
4 16 4.975 11.25 -12.01 4.975 8.75 -12.01 4.75 8.75 -12.055 4.75 11.25 -12.055
1 0 3.5 10 -12.304 1.25 0.244 0 0 0 -1.25 0.244 1 0 4-4disc.dat
1 16 3.5 10 -12.304 1.25 0.244 0 0 0 -1.25 0.244 1 0 4-4ndis.dat
4 16 2.25 11.25 -12.552 2.25 8.75 -12.552 0 8.75 -13 0 11.25 -13
4 16 0 8.75 -13 -2.25 8.75 -12.552 -2.25 11.25 -12.552 0 11.25 -13
1 0 -3.5 10 -12.304 1.25 -0.244 0 0 0 -1.25 -0.244 1 0 4-4disc.dat
1 16 -3.5 10 -12.304 1.25 -0.244 0 0 0 -1.25 -0.244 1 0 4-4ndis.dat
4 16 -4.75 8.75 -12.055 -4.975 8.75 -12.01 -4.975 11.25 -12.01 -4.75 11.25 -12.055
4 16 -4.975 11.25 -12.01 -4.975 12 -12.01 -0.5 12 -12.901 0 11.25 -13
4 16 0 11.25 -13 0.5 12 -12.901 4.975 12 -12.01 4.975 11.25 -12.01
4 16 0.5 13.8 -12.901 0.5 12 -12.901 0 11.25 -13 0 14.2 -13
3 16 4.975 14.2 -12.01 4.975 12 -12.01 0.5 12 -12.901
3 0 0.5 13.8 -12.901 4.975 14.2 -12.01 0.5 12 -12.901
3 16 0.5 13.8 -12.901 0 14.2 -13 4.975 14.2 -12.01
4 16 1.75 14.2 -12.652 0 14.2 -13 0 15 -13 1.75 14.75 -12.652
3 16 3 14.2 -12.403 1.75 14.2 -12.652 1.75 14.75 -12.652
3 16 3 14.2 -12.403 3.5 14.5 -12.304 3.5 14.2 -12.304
4 16 4.975 16 -12.01 4.975 14.2 -12.01 3.5 14.2 -12.304 3.5 16 -12.304
4 16 1.75 16 -12.652 3.5 16 -12.304 3.5 15 -12.304 1.75 15.75 -12.652
3 16 0 16 -13 1.75 16 -12.652 1.75 15.75 -12.652
4 0 1.75 14.75 -12.652 0 15 -13 0 16 -13 1.75 15.75 -12.652
4 0 3 14.2 -12.403 1.75 14.75 -12.652 1.75 15.75 -12.652 3.5 15 -12.304
3 0 3.5 14.5 -12.304 3 14.2 -12.403 3.5 15 -12.304
4 16 0 11.25 -13 -0.5 12 -12.901 -0.5 13.8 -12.901 0 14.2 -13
3 16 -0.5 12 -12.901 -4.975 12 -12.01 -4.975 14.2 -12.01
3 0 -0.5 12 -12.901 -4.975 14.2 -12.01 -0.5 13.8 -12.901
3 16 -4.975 14.2 -12.01 0 14.2 -13 -0.5 13.8 -12.901
4 16 0 15 -13 0 14.2 -13 -1.75 14.2 -12.652 -1.75 14.75 -12.652
3 16 -1.75 14.75 -12.652 -1.75 14.2 -12.652 -3 14.2 -12.403
3 16 -3.5 14.2 -12.304 -3.5 14.5 -12.304 -3 14.2 -12.403
4 16 -3.5 14.2 -12.304 -4.975 14.2 -12.01 -4.975 16 -12.01 -3.5 16 -12.304
4 16 -3.5 15 -12.304 -3.5 16 -12.304 -1.75 16 -12.652 -1.75 15.75 -12.652
3 16 -1.75 15.75 -12.652 -1.75 16 -12.652 0 16 -13
4 0 0 16 -13 0 15 -13 -1.75 14.75 -12.652 -1.75 15.75 -12.652
4 0 -1.75 15.75 -12.652 -1.75 14.75 -12.652 -3 14.2 -12.403 -3.5 15 -12.304
3 0 -3.5 15 -12.304 -3 14.2 -12.403 -3.5 14.5 -12.304
4 16 -4.975 16 -12.01 -4.975 17 -12.01 0 17 -13 0 16 -13
4 16 0 16 -13 0 17 -13 4.975 17 -12.01 4.975 16 -12.01
5 24 0 4 -13 0 17 -13 4.975 4 -12.01 -4.975 4 -12.01
0 // replacing s\3626bs01.dat
1 16 0 0 0 1 0 0 0 1 0 0 0 1 s\3626bs02.dat
1 16 0 4 0 13 0 0 0 13 0 0 0 13 2-4cyli.dat
1 16 0 4 0 0 0 8 0 -6.4 0 8 0 0 t04o6250.dat
1 16 0 4 0 -8 0 0 0 -6.4 0 0 0 8 t04o6250.dat
1 16 0 17 0 0 0 -8 0 6.4 0 8 0 0 t04o6250.dat
1 16 0 17 0 8 0 0 0 6.4 0 0 0 8 t04o6250.dat
1 16 0 4 0 0 0 -8 0 -6.4 0 -8 0 0 t04o6250.dat
1 16 0 4 0 8 0 0 0 -6.4 0 0 0 -8 t04o6250.dat
1 16 0 17 0 0 0 8 0 6.4 0 -8 0 0 t04o6250.dat
1 16 0 17 0 -8 0 0 0 6.4 0 0 0 -8 t04o6250.dat

1 16 0 4 0 13 0 0 0 13 0 0 0 -13 3-16cyli.dat
1 16 0 4 0 -13 0 0 0 13 0 0 0 -13 3-16cyli.dat
0

0
