0 Minifig Head with Messy Hair, Moustache and Stubble Pattern
0 Name: 3626bp35.dat
0 Author: Daniel Goerner [TK-949]
0 !LDRAW_ORG Part UPDATE 2012-03
0 !LICENSE Redistributable under CCAL version 2.0 : see CAreadme.txt

0 BFC CERTIFY CCW

0 !HISTORY 2012-12-28 [PTadmin] Official Update 2012-03

1 16 0 0 0 1 0 0 0 1 0 0 0 1 s\3626bs02.dat
1 16 0 4 0 -12.01 0 -4.975 0 13 0 -4.975 0 12.01 5-8cyli.dat
1 16 0 4 0 0 0 8 0 -6.4 0 8 0 0 t04o6250.dat
1 16 0 4 0 -8 0 0 0 -6.4 0 0 0 8 t04o6250.dat
1 16 0 17 0 0 0 -8 0 6.4 0 8 0 0 t04o6250.dat
1 16 0 17 0 -8 0 0 0 6.4 0 0 0 -8 t16o6250.dat
1 16 0 17 0 8 0 0 0 6.4 0 0 0 -8 t16o6250.dat
1 16 0 17 0 8 0 0 0 6.4 0 0 0 8 t04o6250.dat
1 16 0 4 0 -8 0 0 0 -6.4 0 0 0 -8 t16o6250.dat
1 16 0 4 0 8 0 0 0 -6.4 0 0 0 -8 t16o6250.dat
4 0 11.3 14.69 -6.038 11.142 14.808 -6.274 11.179 14.908 -6.219 11.235 14.975 -6.135
4 0 11.3 14.69 -6.038 11.365 14.405 -5.941 11.3 14.382 -6.038 11.235 14.405 -6.135
4 0 11.3 14.69 -6.038 11.235 14.975 -6.135 11.3 14.998 -6.038 11.365 14.975 -5.941
4 0 10.58 13.35 -7.115 10.422 13.232 -7.352 10.409 13.35 -7.371 10.422 13.468 -7.352
4 0 10.21 16.89 -7.669 10.368 16.772 -7.432 10.331 16.672 -7.488 10.275 16.605 -7.572
4 0 10.21 16.89 -7.669 10.368 17 -7.432 10.381 16.89 -7.413 10.368 16.772 -7.432
4 0 11.3 14.69 -6.038 11.365 14.975 -5.941 11.421 14.908 -5.857 11.458 14.808 -5.802
4 0 10.21 16.89 -7.669 10.052 16.772 -7.905 10.039 16.89 -7.925 10.052 17 -7.905
4 0 10.58 13.35 -7.115 10.645 13.635 -7.018 10.701 13.568 -6.934 10.738 13.468 -6.879
4 0 10.21 16.89 -7.669 10.275 16.605 -7.572 10.21 16.582 -7.669 10.145 16.605 -7.766
4 0 10.58 13.35 -7.115 10.645 13.065 -7.018 10.58 13.042 -7.115 10.515 13.065 -7.212
4 0 10.58 13.35 -7.115 10.515 13.635 -7.212 10.58 13.658 -7.115 10.645 13.635 -7.018
4 0 10.58 13.35 -7.115 10.422 13.468 -7.352 10.459 13.568 -7.296 10.515 13.635 -7.212
4 0 10.58 13.35 -7.115 10.738 13.468 -6.879 10.751 13.35 -6.859 10.738 13.232 -6.879
3 0 12.011 4 -4.973 10.73 5.98 -6.891 10.76 6 -6.846
3 0 12.011 4 -4.973 9.44 5.09 -8.821 10.73 5.98 -6.891
4 0 10.21 16.89 -7.669 10.145 16.605 -7.766 10.089 16.672 -7.85 10.052 16.772 -7.905
4 0 11.3 14.69 -6.038 11.142 14.572 -6.274 11.129 14.69 -6.294 11.142 14.808 -6.274
3 0 9.192 4 -9.192 9.32 5.05 -9 9.39 5 -8.896
4 0 10.58 13.35 -7.115 10.515 13.065 -7.212 10.459 13.132 -7.296 10.422 13.232 -7.352
4 0 11.3 14.69 -6.038 11.235 14.405 -6.135 11.179 14.472 -6.219 11.142 14.572 -6.274
3 0 10.21 16.89 -7.669 10.052 17 -7.905 10.368 17 -7.432
3 0 9.192 4 -9.192 9.192 5.25 -9.192 9.32 5.05 -9
4 0 10.58 13.35 -7.115 10.738 13.232 -6.879 10.701 13.132 -6.934 10.645 13.065 -7.018
4 0 11.3 14.69 -6.038 11.458 14.572 -5.802 11.421 14.472 -5.857 11.365 14.405 -5.941
4 0 11.3 14.69 -6.038 11.458 14.808 -5.802 11.471 14.69 -5.782 11.458 14.572 -5.802
3 0 -9.368 15.282 -8.929 -9.381 15.4 -8.909 -9.368 15.518 -8.929
4 0 -9.192 15.709 -9.192 -9.192 15.091 -9.192 -9.21 15.087 -9.165 -9.21 15.713 -9.165
4 0 -9.275 15.685 -9.068 -9.275 15.115 -9.068 -9.331 15.182 -8.984 -9.331 15.618 -8.984
3 0 -10.51 8.04 -7.22 -10.45 8.14 -7.31 -10.4 8.14 -7.385
4 0 -8.969 18.27 -8.969 -8.988 18.273 -8.939 -9.034 18.309 -8.854 -8.923 18.531 -8.923
4 0 -9.331 15.618 -8.984 -9.331 15.182 -8.984 -9.368 15.282 -8.929 -9.368 15.518 -8.929
3 0 -7.57 15.11 -10.276 -7.88 15.87 -10.069 -6.39 17 -11.065
3 0 -7.38 14.37 -10.403 -7.57 15.11 -10.276 -6.39 17 -11.065
4 0 -5.93 16.66 -11.372 -6.2 11.85 -11.192 -6.6 12.16 -10.924 -6.99 12.74 -10.664
4 0 -5.77 0.305 -7.839 -7.154 0.414 -7.154 -8.157 1.172 -8.157 -4.414 1.172 -10.658
4 0 -6.39 17 -11.065 -5.93 16.66 -11.372 -6.99 12.74 -10.664 -7.23 13.53 -10.503
3 0 -7.23 13.53 -10.503 -7.38 14.37 -10.403 -6.39 17 -11.065
4 0 -10.37 6.92 -7.429 -11.03 6.18 -6.442 -10.69 7.47 -6.951 -10.37 7.92 -7.429
3 0 9.192 4 -9.192 8.98 5.69 -9.334 9.192 5.25 -9.192
4 0 7.86 4 -10.082 8.19 4.97 -9.862 8.98 5.69 -9.334 9.192 4 -9.192
3 0 -3.794 0.305 -9.159 -5.77 0.305 -7.839 -4.414 1.172 -10.658
4 0 8.63 6.33 -9.568 8.42 6.02 -9.708 8.5 6.31 -9.654 8.56 6.36 -9.614
4 0 8.98 5.69 -9.334 8.19 4.97 -9.862 8.42 6.02 -9.708 8.63 6.33 -9.568
4 0 -9.21 15.713 -9.165 -9.21 15.087 -9.165 -9.275 15.115 -9.068 -9.275 15.685 -9.068
4 0 8.51 0.7 -6.07 7.154 0.414 -7.154 8.157 1.172 -8.157 9.79 1.172 -5.713
4 0 -10.37 7.92 -7.429 -10.69 7.47 -6.951 -10.51 8.04 -7.22 -10.4 8.14 -7.385
4 0 4.414 1.172 -10.658 4.83 2.469 -11.659 8.923 2.469 -8.923 8.157 1.172 -8.157
4 0 6.06 5.4 -11.285 6.87 6.53 -10.744 7.14 6.25 -10.563 7.15 5.45 -10.557
4 0 5.12 4 -11.913 6.06 5.4 -11.285 7.15 5.45 -10.557 7.12 4 -10.577
4 0 7.14 6.25 -10.563 6.87 6.53 -10.744 7.01 6.63 -10.65 7.07 6.59 -10.61
3 0 -2.2 2.469 -12.182 -4.83 2.469 -11.659 -4.56 2.55 -11.733
3 0 -2.2 2.469 -12.182 -4.56 2.55 -11.733 -4.52 2.6 -11.753
3 0 -4.46 3.29 -11.936 -4.53 4 -12.099 -3.2 4 -12.363
4 0 -6.51 18.826 -10.245 -6.416 18.899 -10.236 -6.385 18.749 -10.405 -6.557 18.743 -10.296
3 0 -4.83 2.469 -11.659 -4.854 2.72 -11.716 -4.62 2.57 -11.726
3 0 -4.83 2.469 -11.659 -4.62 2.57 -11.726 -4.56 2.55 -11.733
3 0 -6.385 18.749 -10.405 -6.319 18.531 -10.664 -6.513 18.531 -10.534
3 0 -6.385 18.749 -10.405 -6.284 18.548 -10.67 -6.319 18.531 -10.664
4 0 -2.76 3.3 -12.277 -2.2 2.469 -12.182 -4.52 2.6 -11.753 -4.46 2.79 -11.812
4 0 -2.76 3.3 -12.277 -4.46 2.79 -11.812 -4.46 3.29 -11.936 -3.2 4 -12.363
4 0 -3.794 0.305 -9.159 -4.414 1.172 -10.658 0 1.172 -11.535 0 0.305 -9.914
4 0 -6.58 18.675 -10.347 -6.557 18.743 -10.296 -6.385 18.749 -10.405 -6.568 18.596 -10.433
3 0 -8.946 18.249 -8.99 -8.969 18.27 -8.969 -8.923 18.531 -8.923
4 0 -6.07 18.783 -10.582 -6.113 18.685 -10.65 -6.385 18.749 -10.405 -6.072 18.861 -10.504
4 0 -6.19 18.602 -10.68 -6.284 18.548 -10.67 -6.385 18.749 -10.405 -6.113 18.685 -10.65
4 0 -6.117 18.936 -10.4 -6.072 18.861 -10.504 -6.385 18.749 -10.405 -6.206 18.968 -10.309
4 0 -6.327 18.942 -10.253 -6.206 18.968 -10.309 -6.385 18.749 -10.405 -6.416 18.899 -10.236
3 0 -6.513 18.531 -10.534 -6.568 18.596 -10.433 -6.385 18.749 -10.405
3 0 -7.17 17.4 -10.426 -7.98 17.43 -9.876 -7.57 17.46 -10.141
4 0 -7.17 17.4 -10.426 -6.73 17.21 -10.776 -8.54 17.27 -9.549 -7.98 17.43 -9.876
4 0 -6.73 17.21 -10.776 -6.39 17 -11.065 -8.89 17 -9.394 -8.54 17.27 -9.549
3 0 -8.946 18.249 -8.99 -8.923 18.531 -8.923 -8.846 18.245 -9.058
4 0 -8.747 18.287 -9.112 -8.846 18.245 -9.058 -8.923 18.531 -8.923 -8.666 18.37 -9.142
4 0 -8.614 18.479 -9.145 -8.666 18.37 -9.142 -8.923 18.531 -8.923 -8.608 18.531 -9.134
4 0 -7.786 13.487 -10.132 -7.879 13.419 -10.07 -7.99 13.71 -9.995 -7.723 13.589 -10.174
3 0 0 2.469 -12.619 -1.24 2.469 -12.373 -1.03 3.29 -12.618
3 0 6.513 18.531 -10.534 6.385 18.749 -10.405 6.568 18.596 -10.433
4 0 12.011 4 -4.973 9.192 4 -9.192 9.39 5 -8.896 9.44 5.09 -8.821
4 0 6.385 18.749 -10.405 6.113 18.685 -10.65 6.07 18.783 -10.582 6.072 18.861 -10.504
4 0 6.385 18.749 -10.405 6.416 18.899 -10.236 6.51 18.826 -10.245 6.557 18.743 -10.296
4 0 8.923 18.531 -8.923 8.854 18.785 -8.652 8.923 18.733 -8.625 8.974 18.68 -8.627
4 0 8.923 18.531 -8.923 8.974 18.68 -8.627 9.036 18.611 -8.636 9.077 18.531 -8.693
4 0 8.923 2.469 -8.923 11.38 2.469 -5.247 10.79 1.81 -5.158 9.79 1.172 -5.713
3 0 9.79 1.172 -5.713 8.157 1.172 -8.157 8.923 2.469 -8.923
4 0 6.385 18.749 -10.405 6.284 18.548 -10.67 6.19 18.602 -10.68 6.113 18.685 -10.65
4 0 10.83 6.17 -6.741 11.18 7.96 -6.217 11.43 7.99 -5.843 11.77 6.03 -5.335
4 0 12.011 4 -4.973 10.76 6 -6.846 10.83 6.17 -6.741 11.77 6.03 -5.335
4 0 6.385 18.749 -10.405 6.072 18.861 -10.504 6.117 18.936 -10.4 6.206 18.968 -10.309
3 0 6.319 18.531 -10.664 6.284 18.548 -10.67 6.385 18.749 -10.405
3 0 8.923 18.531 -8.923 8.784 18.821 -8.703 8.854 18.785 -8.652
3 0 8.923 18.531 -8.923 8.744 18.834 -8.744 8.784 18.821 -8.703
4 0 10.11 8.02 -7.818 10.27 8.1 -7.579 10.34 8.06 -7.474 10.4 7.79 -7.385
4 0 -1.03 3.29 -12.618 -0.83 4 -12.835 0 4 -13 0 2.469 -12.619
4 0 9.86 7.66 -8.192 10.11 8.02 -7.818 10.4 7.79 -7.385 10.41 7.08 -7.37
4 0 9.63 6.83 -8.537 9.86 7.66 -8.192 10.41 7.08 -7.37 10.54 6.29 -7.175
4 0 6.385 18.749 -10.405 6.206 18.968 -10.309 6.327 18.942 -10.253 6.416 18.899 -10.236
4 0 6.385 18.749 -10.405 6.557 18.743 -10.296 6.58 18.675 -10.347 6.568 18.596 -10.433
3 0 6.319 18.531 -10.664 6.385 18.749 -10.405 6.513 18.531 -10.534
4 0 9.44 5.09 -8.821 9.5 5.69 -8.731 10.69 6.02 -6.951 10.73 5.98 -6.891
4 0 11.43 7.99 -5.843 11.18 7.96 -6.217 11.28 8.15 -6.068 11.34 8.16 -5.978
4 0 9.5 5.69 -8.731 9.63 6.83 -8.537 10.54 6.29 -7.175 10.69 6.02 -6.951
3 0 -9.08 18.49 -8.706 -9.077 18.531 -8.693 -8.923 18.531 -8.923
4 0 -8.923 18.531 -8.923 -9.034 18.309 -8.854 -9.065 18.377 -8.778 -9.08 18.49 -8.706
3 0 0 1.172 -11.535 -1.46 2.04 -11.97 -1.33 2.22 -12.147
4 0 -10.095 17.175 -7.764 -10.059 17.108 -7.847 -10.301 17.108 -7.485 -10.235 17.175 -7.555
4 0 -10.368 17 -7.432 -10.301 17.108 -7.485 -10.059 17.108 -7.847 -10.052 17 -7.905
3 0 3.794 0.305 -9.159 0 0.305 -9.914 4.414 1.172 -10.658
3 0 0 1.172 -11.535 -1.58 1.99 -11.905 -1.46 2.04 -11.97
4 0 -3.2 4 -12.363 -4.53 4 -12.099 -4.57 4.71 -12.091 -3.75 4.75 -12.254
4 0 8.923 18.531 -8.923 8.6 18.809 -8.865 8.66 18.832 -8.802 8.744 18.834 -8.744
4 0 0 1.172 -11.535 -1.33 2.22 -12.147 -1.24 2.469 -12.373 0 2.469 -12.619
4 0 -4.414 1.172 -10.658 -1.75 2.03 -11.904 -1.58 1.99 -11.905 0 1.172 -11.535
4 0 6.513 18.531 -10.534 6.464 18.499 -10.576 6.373 18.505 -10.635 6.319 18.531 -10.664
3 0 -10.095 17.175 -7.764 -10.235 17.175 -7.555 -10.15 17.198 -7.672
4 0 -9.192 4 -9.192 -9.87 5.01 -8.178 -9.62 5.94 -8.552 -9.41 6.43 -8.866
4 0 -9.192 4 -9.192 -9.41 6.43 -8.866 -9.27 6.62 -9.075 -9.192 6.67 -9.192
3 0 1.58 2.469 -12.305 4 2.92 -11.936 4.07 2.83 -11.9
4 0 9.192 4 -9.192 12.011 4 -4.973 11.38 2.469 -5.247 8.923 2.469 -8.923
4 0 -10.41 5.69 -7.37 -11.16 5.85 -6.247 -11.03 6.18 -6.442 -10.37 6.92 -7.429
3 0 -9.192 4 -9.192 -10.18 4 -7.714 -10.06 4.31 -7.893
3 0 1.58 2.469 -12.305 3.94 3.16 -12.007 4 2.92 -11.936
4 0 4.83 2.469 -11.659 1.58 2.469 -12.305 4.07 2.83 -11.9 4.11 2.83 -11.892
3 0 0 0.305 -9.914 0 1.172 -11.535 4.414 1.172 -10.658
4 0 0 2.469 -12.619 0 4 -13 0.11 4 -12.978 0.85 2.469 -12.45
4 0 -6.373 18.505 -10.635 -6.464 18.499 -10.576 -6.513 18.531 -10.534 -6.319 18.531 -10.664
4 0 1.58 2.469 -12.305 2.59 4 -12.485 4.03 4 -12.198 3.96 3.53 -12.095
4 0 -3.75 4.75 -12.254 -4.57 4.71 -12.091 -4.5 5.07 -12.105 -4.15 5.09 -12.174
4 0 9.368 15.282 -8.929 9.331 15.182 -8.984 9.331 15.618 -8.984 9.368 15.518 -8.929
4 0 9.21 15.087 -9.165 9.192 15.091 -9.192 9.192 15.709 -9.192 9.21 15.713 -9.165
4 0 9.331 15.182 -8.984 9.275 15.115 -9.068 9.275 15.685 -9.068 9.331 15.618 -8.984
3 0 7.17 17.4 -10.426 7.57 17.46 -10.141 7.98 17.43 -9.876
4 0 8.54 17.27 -9.549 6.73 17.21 -10.776 7.17 17.4 -10.426 7.98 17.43 -9.876
4 0 -0.16 4.4 -12.968 -0.59 4.43 -12.883 -0.41 4.53 -12.918 -0.3 4.52 -12.94
3 0 -4.5 5.07 -12.105 -4.39 5.14 -12.127 -4.15 5.09 -12.174
4 0 0 4 -13 -0.83 4 -12.835 -0.73 4.23 -12.855 0 4.19 -13
4 0 0 4.19 -13 -0.73 4.23 -12.855 -0.59 4.43 -12.883 -0.16 4.4 -12.968
4 0 8.923 18.531 -8.923 8.555 18.683 -9.019 8.566 18.761 -8.935 8.6 18.809 -8.865
3 0 8.923 18.531 -8.923 8.608 18.531 -9.134 8.58 18.59 -9.094
3 0 8.923 18.531 -8.923 8.58 18.59 -9.094 8.555 18.683 -9.019
4 0 8.89 17 -9.394 6.39 17 -11.065 6.73 17.21 -10.776 8.54 17.27 -9.549
4 0 -8.923 18.531 -8.923 -8.6 18.809 -8.865 -8.566 18.761 -8.935 -8.555 18.683 -9.019
4 0 -10.79 1.81 -5.158 -11.38 2.469 -5.247 -8.923 2.469 -8.923 -8.157 1.172 -8.157
3 0 10.235 17.175 -7.555 10.095 17.175 -7.764 10.15 17.198 -7.672
3 0 -4.414 1.172 -10.658 -1.95 2.18 -11.99 -1.75 2.03 -11.904
4 0 -4.414 1.172 -10.658 -4.83 2.469 -11.659 -2.2 2.469 -12.182 -1.95 2.18 -11.99
3 0 -8.157 1.172 -8.157 -9.79 1.172 -5.713 -10.79 1.81 -5.158
3 0 -4.797 17 -12.046 -4.525 16.972 -12.1 -4.755 16.972 -12.054
4 0 -8.923 18.531 -8.923 -8.744 18.834 -8.744 -8.66 18.832 -8.802 -8.6 18.809 -8.865
3 0 -4.64 16.95 -12.077 -4.755 16.972 -12.054 -4.525 16.972 -12.1
3 0 -8.923 18.531 -8.923 -8.555 18.683 -9.019 -8.58 18.59 -9.094
3 0 -8.923 18.531 -8.923 -8.58 18.59 -9.094 -8.608 18.531 -9.134
3 0 -4.797 17 -12.046 -4.483 17 -12.108 -4.525 16.972 -12.1
4 0 0.6 14.66 -12.881 0.51 15.47 -12.898 1.14 15.4 -12.773 1.12 14.58 -12.777
4 0 9.065 18.377 -8.778 9.034 18.309 -8.854 8.923 18.531 -8.923 9.08 18.49 -8.706
4 0 1.57 14.45 -12.688 1.89 15.25 -12.624 2.58 14.99 -12.487 2 14.25 -12.602
4 0 -5.42 3.32 -11.514 -4.97 2.82 -11.668 -7.28 2.88 -10.142 -7.34 3.57 -10.304
4 0 -11.2 5.8 -6.187 -11.16 5.85 -6.247 -10.41 5.69 -7.37 -10.41 4.56 -7.37
4 0 0 14.7 -13 0 15.49 -13 0.51 15.47 -12.898 0.6 14.66 -12.881
3 0 4.83 2.469 -11.659 4.11 2.83 -11.892 4.26 2.92 -11.884
3 0 4.83 2.469 -11.659 4.26 2.92 -11.884 4.951 3.75 -11.953
3 0 1.58 2.469 -12.305 3.96 3.53 -12.095 3.94 3.16 -12.007
4 0 2 14.25 -12.602 2.58 14.99 -12.487 3 14.71 -12.403 2.26 14.03 -12.55
4 0 1.12 14.58 -12.777 1.14 15.4 -12.773 1.89 15.25 -12.624 1.57 14.45 -12.688
4 0 10.301 17.108 -7.485 10.059 17.108 -7.847 10.095 17.175 -7.764 10.235 17.175 -7.555
3 0 -8.923 2.469 -8.923 -7.79 2.88 -9.801 -7.55 2.59 -9.876
4 0 -5.4 16.2 -11.726 -5.63 11.62 -11.573 -6.2 11.85 -11.192 -5.93 16.66 -11.372
3 0 -7.88 15.87 -10.069 -8.27 16.39 -9.808 -6.39 17 -11.065
3 0 -4.83 2.469 -11.659 -4.97 2.82 -11.668 -4.854 2.72 -11.716
3 0 9.368 15.282 -8.929 9.368 15.518 -8.929 9.381 15.4 -8.909
4 0 9.275 15.115 -9.068 9.21 15.087 -9.165 9.21 15.713 -9.165 9.275 15.685 -9.068
4 0 -4.975 15.72 -12.01 -4.975 11.52 -12.01 -5.63 11.62 -11.573 -5.4 16.2 -11.726
3 0 -8.923 2.469 -8.923 -8.02 3.36 -9.788 -7.79 2.88 -9.801
4 0 -5.86 4 -11.419 -5.42 3.32 -11.514 -7.34 3.57 -10.304 -7.35 4 -10.423
4 0 -6.39 17 -11.065 -8.27 16.39 -9.808 -8.96 16.8 -9.347 -8.89 17 -9.394
3 0 -7.37 2.469 -9.961 -8.923 2.469 -8.923 -7.55 2.59 -9.876
4 0 -9.192 4 -9.192 -8.23 4 -9.835 -8.02 3.36 -9.788 -8.923 2.469 -8.923
4 0 -4.83 2.469 -11.659 -7.23 2.469 -10.055 -7.28 2.88 -10.142 -4.97 2.82 -11.668
3 0 9.08 18.49 -8.706 8.923 18.531 -8.923 9.077 18.531 -8.693
3 0 -12.011 4 -4.973 -11.23 5.82 -6.143 -11.2 5.8 -6.187
3 0 -12.011 4 -4.973 -11.2 5.8 -6.187 -10.41 4.56 -7.37
4 0 -12.011 5.94 -4.974 -11.29 6.06 -6.053 -11.23 5.82 -6.143 -12.011 4 -4.973
4 0 4.975 11.52 -12.01 4.54 11.5 -12.097 4.3 14.65 -12.145 4.65 15.12 -12.075
4 0 0.69 13.03 -12.863 0.83 13.51 -12.835 0.95 11.75 -12.811 0.78 11.92 -12.845
3 0 0.78 11.92 -12.845 0.67 12.41 -12.867 0.69 13.03 -12.863
3 0 -12.011 5.94 -4.974 -11.35 6.89 -5.963 -11.29 6.06 -6.053
3 0 -9.192 4 -9.192 -10.06 4.31 -7.893 -9.87 5.01 -8.178
3 0 -10.36 4 -7.444 -12.011 4 -4.973 -10.41 4.56 -7.37
4 0 -11.52 8.29 -5.709 -11.48 8.33 -5.769 -11.45 8.29 -5.813 -11.62 8.04 -5.559
4 0 -11.84 7.09 -5.23 -11.41 8 -5.873 -11.35 6.89 -5.963 -12.011 5.94 -4.974
4 0 -11.62 8.04 -5.559 -11.45 8.29 -5.813 -11.41 8 -5.873 -11.84 7.09 -5.23
4 0 1.02 13.72 -12.797 1.62 13.94 -12.678 2 11.7 -12.602 1.28 11.67 -12.745
4 0 3.02 11.61 -12.399 2.21 11.7 -12.56 2.26 14.03 -12.55 3.3 14.11 -12.344
4 0 2.26 14.03 -12.55 3 14.71 -12.403 3.25 14.39 -12.354 3.3 14.11 -12.344
3 0 4.525 16.972 -12.1 4.483 17 -12.108 4.797 17 -12.046
4 0 10.368 17 -7.432 10.052 17 -7.905 10.059 17.108 -7.847 10.301 17.108 -7.485
4 0 8.969 18.27 -8.969 8.923 18.531 -8.923 9.034 18.309 -8.854 8.988 18.273 -8.939
4 0 4.54 11.5 -12.097 3.82 11.53 -12.24 3.83 14.31 -12.238 4.3 14.65 -12.145
4 0 2 11.7 -12.602 1.62 13.94 -12.678 2.26 14.03 -12.55 2.21 11.7 -12.56
4 0 0.83 13.51 -12.835 1.02 13.72 -12.797 1.28 11.67 -12.745 0.95 11.75 -12.811
3 0 4.975 11.52 -12.01 4.65 15.12 -12.075 4.975 15.72 -12.01
3 0 4.525 16.972 -12.1 4.797 17 -12.046 4.755 16.972 -12.054
3 0 4.64 16.95 -12.077 4.525 16.972 -12.1 4.755 16.972 -12.054
4 0 3.82 11.53 -12.24 3.02 11.61 -12.399 3.3 14.11 -12.344 3.83 14.31 -12.238
4 0 -3.56 8.085 -12.292 -4.101 8.193 -12.184 -3.56 9.5 -12.292 -3.019 8.193 -12.399
3 0 -0.119 18.775 -12.391 0 19.02 -12.21 0 18.751 -12.435
4 0 -3.258 18.8 -11.747 -3.282 18.699 -11.826 -3.57 18.8 -11.685 -3.282 18.901 -11.658
3 0 -3.349 18.987 -11.572 -3.282 18.901 -11.658 -3.57 18.8 -11.685
3 0 -0.119 18.775 -12.391 -0.221 18.833 -12.323 0 19.02 -12.21
4 0 -0.119 19.265 -11.982 0 19.285 -11.989 0 19.02 -12.21 -0.221 19.207 -12.01
4 0 -0.288 19.121 -12.069 -0.221 19.207 -12.01 0 19.02 -12.21 -0.312 19.02 -12.148
4 0 -0.288 18.919 -12.238 -0.312 19.02 -12.148 0 19.02 -12.21 -0.221 18.833 -12.323
3 0 -3.349 18.987 -11.572 -3.57 18.8 -11.685 -3.451 19.045 -11.504
4 0 -4.64 17.25 -12.015 -4.362 17.135 -12.099 -4.427 17.037 -12.11 -4.483 17 -12.108
4 0 -1.699 17.3 -12.587 -1.722 17.185 -12.611 -2 17.3 -12.527 -1.722 17.415 -12.554
4 0 -4.64 17.551 -11.94 -4.525 17.528 -11.969 -4.64 17.25 -12.015 -4.755 17.528 -11.923
4 0 -2.301 17.3 -12.468 -2.278 17.415 -12.444 -2 17.3 -12.527 -2.278 17.185 -12.501
3 0 -4.483 17 -12.108 -4.797 17 -12.046 -4.64 17.25 -12.015
4 0 -4.853 17.463 -11.92 -4.755 17.528 -11.923 -4.64 17.25 -12.015 -4.918 17.365 -11.931
4 0 -4.941 17.25 -11.955 -4.918 17.365 -11.931 -4.64 17.25 -12.015 -4.918 17.135 -11.988
3 0 -4.853 17.037 -12.026 -4.64 17.25 -12.015 -4.797 17 -12.046
3 0 -4.853 17.037 -12.026 -4.918 17.135 -11.988 -4.64 17.25 -12.015
4 0 -8.279 13.71 -9.802 -8.257 13.831 -9.817 -7.99 13.71 -9.995 -8.257 13.589 -9.817
4 0 3.57 18.8 -11.685 3.689 18.555 -11.866 3.57 18.531 -11.909 3.451 18.555 -11.913
4 0 3.57 18.8 -11.685 3.282 18.699 -11.826 3.258 18.8 -11.747 3.282 18.901 -11.658
4 0 8.157 1.172 -8.157 7.154 0.414 -7.154 5.77 0.305 -7.839 4.414 1.172 -10.658
4 0 3.57 18.8 -11.685 3.451 18.555 -11.913 3.349 18.613 -11.885 3.282 18.699 -11.826
3 0 -7.701 13.71 -10.188 -7.99 13.71 -9.995 -7.723 13.831 -10.174
4 0 -3.791 18.613 -11.797 -3.858 18.699 -11.712 -3.57 18.8 -11.685 -3.689 18.555 -11.866
4 0 -3.57 18.531 -11.909 -3.689 18.555 -11.866 -3.57 18.8 -11.685 -3.451 18.555 -11.913
4 0 -3.349 18.613 -11.885 -3.451 18.555 -11.913 -3.57 18.8 -11.685 -3.282 18.699 -11.826
3 0 -7.99 13.395 -9.995 -7.99 13.71 -9.995 -7.879 13.419 -10.07
3 0 -7.701 13.71 -10.188 -7.723 13.589 -10.174 -7.99 13.71 -9.995
4 0 -7.22 2.42 -10.013 -4.414 1.172 -10.658 -8.157 1.172 -8.157 -7.37 2.469 -9.961
4 0 -7.786 13.933 -10.132 -7.723 13.831 -10.174 -7.99 13.71 -9.995 -7.879 14.001 -10.07
3 0 -2 17.601 -12.453 -1.885 17.578 -12.481 -2 17.3 -12.527
3 0 4.64 17.25 -12.015 4.918 17.135 -11.988 4.853 17.037 -12.026
3 0 4.64 17.25 -12.015 4.853 17.037 -12.026 4.797 17 -12.046
4 0 4.427 17.037 -12.11 4.362 17.135 -12.099 4.64 17.25 -12.015 4.483 17 -12.108
4 0 2 17.3 -12.527 2.115 17.578 -12.435 2.213 17.513 -12.432 2.278 17.415 -12.444
4 0 2 17.3 -12.527 1.722 17.185 -12.611 1.699 17.3 -12.587 1.722 17.415 -12.554
4 0 2 17.3 -12.527 2.278 17.415 -12.444 2.301 17.3 -12.468 2.278 17.185 -12.501
4 0 2 17.3 -12.527 2.278 17.185 -12.501 2.213 17.087 -12.538 2.115 17.022 -12.574
3 0 0.11 4 -12.978 0 4 -13 0 4.19 -13
4 0 0 1.172 -11.535 1.12 2.11 -12.096 1.2 2.12 -12.089 4.414 1.172 -10.658
3 0 4.414 1.172 -10.658 1.2 2.12 -12.089 1.35 2.21 -12.134
4 0 3.56 9.5 -12.292 3.019 10.807 -12.399 3.56 10.915 -12.292 4.101 10.807 -12.184
3 0 0 1.172 -11.535 1.03 2.18 -12.173 1.12 2.11 -12.096
4 0 0 2.469 -12.619 0.85 2.469 -12.45 1.03 2.18 -12.173 0 1.172 -11.535
4 0 3.56 9.5 -12.292 4.101 10.807 -12.184 4.561 10.501 -12.093 4.867 10.041 -12.032
4 0 3.56 9.5 -12.292 4.867 10.041 -12.032 4.975 9.5 -12.01 4.867 8.959 -12.032
3 0 -2 17 -12.602 -2.115 17.022 -12.574 -2 17.3 -12.527
3 0 -2 17 -12.602 -2 17.3 -12.527 -1.885 17.022 -12.62
4 0 -1.787 17.513 -12.517 -1.722 17.415 -12.554 -2 17.3 -12.527 -1.885 17.578 -12.481
4 0 -2.213 17.087 -12.538 -2.278 17.185 -12.501 -2 17.3 -12.527 -2.115 17.022 -12.574
3 0 -2 17.601 -12.453 -2 17.3 -12.527 -2.115 17.578 -12.435
4 0 -2.213 17.513 -12.432 -2.115 17.578 -12.435 -2 17.3 -12.527 -2.278 17.415 -12.444
4 0 -1.787 17.087 -12.623 -1.885 17.022 -12.62 -2 17.3 -12.527 -1.722 17.185 -12.611
4 0 4.414 1.172 -10.658 1.35 2.21 -12.134 1.58 2.469 -12.305 4.83 2.469 -11.659
4 0 4.03 4 -12.198 2.59 4 -12.485 2.9 4.43 -12.423 4.21 5 -12.163
4 0 4.21 5 -12.163 2.9 4.43 -12.423 3.4 5.01 -12.324 4.21 5.31 -12.163
4 0 4.21 5.31 -12.163 3.4 5.01 -12.324 3.98 5.37 -12.208 4.16 5.41 -12.172
3 0 2 17.3 -12.527 2 17.601 -12.453 2.115 17.578 -12.435
3 0 4.797 17 -12.046 4.483 17 -12.108 4.64 17.25 -12.015
4 0 2 17.3 -12.527 1.722 17.415 -12.554 1.787 17.513 -12.517 1.885 17.578 -12.481
3 0 2 17.3 -12.527 1.885 17.578 -12.481 2 17.601 -12.453
3 0 7.57 15.11 -10.276 6.39 17 -11.065 7.88 15.87 -10.069
3 0 7.99 13.71 -9.995 7.701 13.71 -10.188 7.723 13.831 -10.174
3 0 7.99 13.71 -9.995 7.723 13.589 -10.174 7.701 13.71 -10.188
3 0 8.973 15.28 -9.338 8.954 15.4 -9.351 8.973 15.52 -9.338
4 0 8.923 2.469 -8.923 7.62 3.61 -10.128 7.86 4 -10.082 9.192 4 -9.192
4 0 7.99 13.71 -9.995 7.879 13.419 -10.07 7.786 13.487 -10.132 7.723 13.589 -10.174
4 0 9.192 15.709 -9.192 9.192 15.091 -9.192 9.112 15.111 -9.245 9.112 15.689 -9.245
4 0 7.99 13.71 -9.995 8.101 14.001 -9.921 8.194 13.933 -9.859 8.257 13.831 -9.817
4 0 8.747 18.287 -9.112 8.666 18.37 -9.142 8.923 18.531 -8.923 8.846 18.245 -9.058
4 0 8.614 18.479 -9.145 8.608 18.531 -9.134 8.923 18.531 -8.923 8.666 18.37 -9.142
4 0 6.99 12.74 -10.664 5.93 16.66 -11.372 6.39 17 -11.065 7.23 13.53 -10.503
3 0 8.946 18.249 -8.99 8.846 18.245 -9.058 8.923 18.531 -8.923
3 0 7.99 13.71 -9.995 7.99 14.025 -9.995 8.101 14.001 -9.921
3 0 7.99 13.71 -9.995 7.879 14.001 -10.07 7.99 14.025 -9.995
3 0 8.946 18.249 -8.99 8.923 18.531 -8.923 8.969 18.27 -8.969
3 0 2 17.3 -12.527 2 17 -12.602 1.885 17.022 -12.62
3 0 2 17.3 -12.527 2.115 17.022 -12.574 2 17 -12.602
4 0 7.99 13.71 -9.995 8.257 13.831 -9.817 8.279 13.71 -9.802 8.257 13.589 -9.817
4 0 -3.57 19.065 -11.463 -3.451 19.045 -11.504 -3.57 18.8 -11.685 -3.689 19.045 -11.456
4 0 -3.882 18.8 -11.623 -3.858 18.901 -11.543 -3.57 18.8 -11.685 -3.858 18.699 -11.712
3 0 -3.791 18.987 -11.485 -3.57 18.8 -11.685 -3.858 18.901 -11.543
3 0 -3.791 18.987 -11.485 -3.689 19.045 -11.456 -3.57 18.8 -11.685
4 0 6.2 11.85 -11.192 5.63 11.62 -11.573 5.4 16.2 -11.726 5.93 16.66 -11.372
4 0 7.99 13.71 -9.995 8.257 13.589 -9.817 8.194 13.487 -9.859 8.101 13.419 -9.921
4 0 9.029 15.621 -9.301 9.029 15.179 -9.301 8.973 15.28 -9.338 8.973 15.52 -9.338
4 0 9.112 15.689 -9.245 9.112 15.111 -9.245 9.029 15.179 -9.301 9.029 15.621 -9.301
3 0 7.99 13.71 -9.995 8.101 13.419 -9.921 7.99 13.395 -9.995
4 0 5.63 11.62 -11.573 4.975 11.52 -12.01 4.975 15.72 -12.01 5.4 16.2 -11.726
4 0 6.6 12.16 -10.924 6.2 11.85 -11.192 5.93 16.66 -11.372 6.99 12.74 -10.664
3 0 7.99 13.71 -9.995 7.99 13.395 -9.995 7.879 13.419 -10.07
4 0 8.96 16.8 -9.347 8.27 16.39 -9.808 6.39 17 -11.065 8.89 17 -9.394
3 0 0 19.02 -12.21 0.119 18.775 -12.391 0 18.751 -12.435
3 0 0 19.02 -12.21 0.221 18.833 -12.323 0.119 18.775 -12.391
3 0 4.83 2.469 -11.659 7.15 3.34 -10.363 7.17 3.27 -10.33
4 0 4.64 17.25 -12.015 4.918 17.365 -11.931 4.941 17.25 -11.955 4.918 17.135 -11.988
3 0 4.64 17.25 -12.015 4.427 17.463 -12.004 4.525 17.528 -11.969
3 0 4.64 17.25 -12.015 4.362 17.365 -12.042 4.427 17.463 -12.004
4 0 4.64 17.25 -12.015 4.362 17.135 -12.099 4.339 17.25 -12.075 4.362 17.365 -12.042
3 0 4.83 2.469 -11.659 7.12 4 -10.577 7.15 3.34 -10.363
4 0 3.57 18.8 -11.685 3.858 18.699 -11.712 3.791 18.613 -11.797 3.689 18.555 -11.866
3 0 3.57 18.8 -11.685 3.349 18.987 -11.572 3.451 19.045 -11.504
3 0 3.57 18.8 -11.685 3.282 18.901 -11.658 3.349 18.987 -11.572
4 0 4.83 2.469 -11.659 7.17 3.27 -10.33 7.2 3.27 -10.31 8.923 2.469 -8.923
3 0 5.77 0.305 -7.839 3.794 0.305 -9.159 4.414 1.172 -10.658
3 0 8.923 2.469 -8.923 7.2 3.27 -10.31 7.29 3.31 -10.261
4 0 4.83 2.469 -11.659 4.951 3.75 -11.953 5.12 4 -11.913 7.12 4 -10.577
3 0 8.923 2.469 -8.923 7.29 3.31 -10.261 7.62 3.61 -10.128
4 0 0 19.02 -12.21 0.312 19.02 -12.148 0.288 18.919 -12.238 0.221 18.833 -12.323
4 0 0 19.02 -12.21 0.221 19.207 -12.01 0.288 19.121 -12.069 0.312 19.02 -12.148
3 0 7.23 13.53 -10.503 6.39 17 -11.065 7.38 14.37 -10.403
3 0 7.88 15.87 -10.069 6.39 17 -11.065 8.27 16.39 -9.808
4 0 7.99 13.71 -9.995 7.723 13.831 -10.174 7.786 13.933 -10.132 7.879 14.001 -10.07
3 0 7.38 14.37 -10.403 6.39 17 -11.065 7.57 15.11 -10.276
4 0 0 19.02 -12.21 0 19.285 -11.989 0.119 19.265 -11.982 0.221 19.207 -12.01
4 0 4.64 17.25 -12.015 4.755 17.528 -11.923 4.853 17.463 -11.92 4.918 17.365 -11.931
4 0 4.64 17.25 -12.015 4.525 17.528 -11.969 4.64 17.551 -11.94 4.755 17.528 -11.923
4 0 2 17.3 -12.527 1.885 17.022 -12.62 1.787 17.087 -12.623 1.722 17.185 -12.611
4 0 3.57 18.8 -11.685 3.451 19.045 -11.504 3.57 19.065 -11.463 3.689 19.045 -11.456
4 0 3.57 18.8 -11.685 3.858 18.901 -11.543 3.882 18.8 -11.623 3.858 18.699 -11.712
3 0 3.57 18.8 -11.685 3.791 18.987 -11.485 3.858 18.901 -11.543
3 0 3.57 18.8 -11.685 3.689 19.045 -11.456 3.791 18.987 -11.485
4 0 3.56 9.5 -12.292 4.101 8.193 -12.184 3.56 8.085 -12.292 3.019 8.193 -12.399
4 0 -8.923 2.469 -8.923 -10.23 3.92 -7.604 -10.18 4 -7.714 -9.192 4 -9.192
3 0 -8.923 2.469 -8.923 -10.28 3.86 -7.503 -10.23 3.92 -7.604
4 0 -10.701 13.568 -6.934 -10.645 13.635 -7.018 -10.58 13.35 -7.115 -10.738 13.468 -6.879
4 0 -10.21 16.582 -7.669 -10.275 16.605 -7.572 -10.21 16.89 -7.669 -10.145 16.605 -7.766
3 0 -11.38 2.469 -5.247 -10.33 3.9 -7.445 -10.28 3.86 -7.503
4 0 -11.38 2.469 -5.247 -12.011 4 -4.973 -10.36 4 -7.444 -10.33 3.9 -7.445
4 0 -8.51 0.7 -6.07 -9.79 1.172 -5.713 -8.157 1.172 -8.157 -7.154 0.414 -7.154
4 0 -10.409 13.35 -7.371 -10.422 13.232 -7.352 -10.58 13.35 -7.115 -10.422 13.468 -7.352
4 0 -11.421 14.908 -5.857 -11.365 14.975 -5.941 -11.3 14.69 -6.038 -11.458 14.808 -5.802
4 0 -10.58 13.042 -7.115 -10.645 13.065 -7.018 -10.58 13.35 -7.115 -10.515 13.065 -7.212
4 0 -10.459 13.568 -7.296 -10.422 13.468 -7.352 -10.58 13.35 -7.115 -10.515 13.635 -7.212
4 0 -11.471 14.69 -5.782 -11.458 14.808 -5.802 -11.3 14.69 -6.038 -11.458 14.572 -5.802
3 0 -10.21 16.89 -7.669 -10.368 17 -7.432 -10.052 17 -7.905
4 0 -10.751 13.35 -6.859 -10.738 13.468 -6.879 -10.58 13.35 -7.115 -10.738 13.232 -6.879
4 0 -11.421 14.472 -5.857 -11.458 14.572 -5.802 -11.3 14.69 -6.038 -11.365 14.405 -5.941
4 0 -6.82 6.01 -10.777 -7.03 6.07 -10.637 -6.96 6.15 -10.684 -6.91 6.16 -10.717
4 0 -9.192 4 -9.192 -9.192 6.67 -9.192 -9.09 6.7 -9.26 -8.98 6.65 -9.334
3 0 -8.23 4 -9.835 -9.192 4 -9.192 -8.35 4.46 -9.755
4 0 -8.194 13.933 -9.859 -8.101 14.001 -9.921 -7.99 13.71 -9.995 -8.257 13.831 -9.817
3 0 -8.973 15.28 -9.338 -8.973 15.52 -9.338 -8.954 15.4 -9.351
3 0 -9.192 4 -9.192 -8.57 5.44 -9.608 -8.35 4.46 -9.755
4 0 -9.192 4 -9.192 -8.98 6.65 -9.334 -8.82 6.36 -9.441 -8.57 5.44 -9.608
4 0 -11.3 14.382 -6.038 -11.365 14.405 -5.941 -11.3 14.69 -6.038 -11.235 14.405 -6.135
4 0 -11.179 14.908 -6.219 -11.142 14.808 -6.274 -11.3 14.69 -6.038 -11.235 14.975 -6.135
4 0 -11.3 14.998 -6.038 -11.235 14.975 -6.135 -11.3 14.69 -6.038 -11.365 14.975 -5.941
3 0 -11.38 2.469 -5.247 -10.28 3.86 -7.503 -8.923 2.469 -8.923
4 0 -11.129 14.69 -6.294 -11.142 14.572 -6.274 -11.3 14.69 -6.038 -11.142 14.808 -6.274
4 0 -10.089 16.672 -7.85 -10.145 16.605 -7.766 -10.21 16.89 -7.669 -10.052 16.772 -7.905
4 0 -10.381 16.89 -7.413 -10.368 17 -7.432 -10.21 16.89 -7.669 -10.368 16.772 -7.432
4 0 -10.331 16.672 -7.488 -10.368 16.772 -7.432 -10.21 16.89 -7.669 -10.275 16.605 -7.572
4 0 -10.58 13.658 -7.115 -10.515 13.635 -7.212 -10.58 13.35 -7.115 -10.645 13.635 -7.018
3 0 -4.975 11.52 -12.01 -4.975 15.72 -12.01 -4.65 15.12 -12.075
3 0 -4.427 17.463 -12.004 -4.64 17.25 -12.015 -4.525 17.528 -11.969
3 0 -4.427 17.463 -12.004 -4.362 17.365 -12.042 -4.64 17.25 -12.015
4 0 -2.26 14.03 -12.55 -1.62 13.94 -12.678 -2 11.7 -12.602 -2.21 11.7 -12.56
4 0 -4.561 8.499 -12.093 -4.867 8.959 -12.032 -3.56 9.5 -12.292 -4.101 8.193 -12.184
4 0 -2.58 14.99 -12.487 -1.89 15.25 -12.624 -1.57 14.45 -12.688 -2 14.25 -12.602
4 0 -2.26 14.03 -12.55 -2.21 11.7 -12.56 -3.02 11.61 -12.399 -3.3 14.11 -12.344
4 0 -4.339 17.25 -12.075 -4.362 17.135 -12.099 -4.64 17.25 -12.015 -4.362 17.365 -12.042
4 0 -4.3 14.65 -12.145 -4.54 11.5 -12.097 -4.975 11.52 -12.01 -4.65 15.12 -12.075
4 0 -3.83 14.31 -12.238 -3.82 11.53 -12.24 -4.54 11.5 -12.097 -4.3 14.65 -12.145
4 0 -3.25 14.39 -12.354 -3 14.71 -12.403 -2.26 14.03 -12.55 -3.3 14.11 -12.344
4 0 -3 14.71 -12.403 -2.58 14.99 -12.487 -2 14.25 -12.602 -2.26 14.03 -12.55
4 0 -3.3 14.11 -12.344 -3.02 11.61 -12.399 -3.82 11.53 -12.24 -3.83 14.31 -12.238
4 0 -1.14 15.4 -12.773 -0.51 15.47 -12.898 -0.6 14.66 -12.881 -1.12 14.58 -12.777
4 0 -0.51 15.47 -12.898 0 15.49 -13 0 14.7 -13 -0.6 14.66 -12.881
4 0 -2 11.7 -12.602 -1.62 13.94 -12.678 -1.02 13.72 -12.797 -1.28 11.67 -12.745
3 0 -0.78 11.92 -12.845 -0.69 13.03 -12.863 -0.67 12.41 -12.867
4 0 -3.56 10.915 -12.292 -3.019 10.807 -12.399 -3.56 9.5 -12.292 -4.101 10.807 -12.184
4 0 -8.973 15.28 -9.338 -9.029 15.179 -9.301 -9.029 15.621 -9.301 -8.973 15.52 -9.338
4 0 -10.701 13.132 -6.934 -10.738 13.232 -6.879 -10.58 13.35 -7.115 -10.645 13.065 -7.018
4 0 -10.039 16.89 -7.925 -10.052 16.772 -7.905 -10.21 16.89 -7.669 -10.052 17 -7.905
4 0 -10.459 13.132 -7.296 -10.515 13.065 -7.212 -10.58 13.35 -7.115 -10.422 13.232 -7.352
4 0 -1.89 15.25 -12.624 -1.14 15.4 -12.773 -1.12 14.58 -12.777 -1.57 14.45 -12.688
4 0 -2.559 8.499 -12.491 -3.019 8.193 -12.399 -3.56 9.5 -12.292 -2.253 8.959 -12.552
4 0 -2.559 10.501 -12.491 -2.253 10.041 -12.552 -3.56 9.5 -12.292 -3.019 10.807 -12.399
4 0 -2.145 9.5 -12.573 -2.253 8.959 -12.552 -3.56 9.5 -12.292 -2.253 10.041 -12.552
4 0 -4.561 10.501 -12.093 -4.101 10.807 -12.184 -3.56 9.5 -12.292 -4.867 10.041 -12.032
4 0 -0.95 11.75 -12.811 -0.83 13.51 -12.835 -0.69 13.03 -12.863 -0.78 11.92 -12.845
4 0 -1.28 11.67 -12.745 -1.02 13.72 -12.797 -0.83 13.51 -12.835 -0.95 11.75 -12.811
4 0 -4.975 9.5 -12.01 -4.867 10.041 -12.032 -3.56 9.5 -12.292 -4.867 8.959 -12.032
4 0 -8.923 18.531 -8.923 -9.077 18.531 -8.693 -9.036 18.611 -8.636 -8.974 18.68 -8.627
4 0 -8.194 13.487 -9.859 -8.257 13.589 -9.817 -7.99 13.71 -9.995 -8.101 13.419 -9.921
3 0 -8.923 18.531 -8.923 -8.784 18.821 -8.703 -8.744 18.834 -8.744
4 0 -11.179 14.472 -6.219 -11.235 14.405 -6.135 -11.3 14.69 -6.038 -11.142 14.572 -6.274
3 0 -8.923 18.531 -8.923 -8.854 18.785 -8.652 -8.784 18.821 -8.703
4 0 3.56 9.5 -12.292 2.253 8.959 -12.552 2.145 9.5 -12.573 2.253 10.041 -12.552
4 0 3.56 9.5 -12.292 2.253 10.041 -12.552 2.559 10.501 -12.491 3.019 10.807 -12.399
4 0 3.56 9.5 -12.292 4.867 8.959 -12.032 4.561 8.499 -12.093 4.101 8.193 -12.184
3 0 -7.99 13.395 -9.995 -8.101 13.419 -9.921 -7.99 13.71 -9.995
4 0 3.56 9.5 -12.292 3.019 8.193 -12.399 2.559 8.499 -12.491 2.253 8.959 -12.552
4 0 -6.21 4.67 -11.185 -7.33 4.68 -10.436 -7.22 5.51 -10.51 -6.61 5.55 -10.918
4 0 -7.22 5.51 -10.51 -7.03 6.07 -10.637 -6.82 6.01 -10.777 -6.61 5.55 -10.918
4 0 -5.86 4 -11.419 -7.35 4 -10.423 -7.33 4.68 -10.436 -6.21 4.67 -11.185
4 0 -9.112 15.111 -9.245 -9.192 15.091 -9.192 -9.192 15.709 -9.192 -9.112 15.689 -9.245
4 0 -9.029 15.179 -9.301 -9.112 15.111 -9.245 -9.112 15.689 -9.245 -9.029 15.621 -9.301
3 0 -8.157 1.172 -8.157 -8.923 2.469 -8.923 -7.37 2.469 -9.961
4 0 -7.22 2.42 -10.013 -7.23 2.469 -10.055 -4.83 2.469 -11.659 -4.414 1.172 -10.658
4 0 -8.923 18.531 -8.923 -8.974 18.68 -8.627 -8.923 18.733 -8.625 -8.854 18.785 -8.652
3 0 -7.99 14.025 -9.995 -7.879 14.001 -10.07 -7.99 13.71 -9.995
3 0 -7.99 14.025 -9.995 -7.99 13.71 -9.995 -8.101 14.001 -9.921
4 16 -2.034 7.981 -12.595 -0.95 11.75 -12.811 -0.78 11.92 -12.845 -0.16 4.4 -12.968
3 16 -2.034 11.019 -12.595 -2 11.7 -12.602 -1.28 11.67 -12.745
3 16 -4.975 11.019 -12.01 -4.54 11.5 -12.097 -3.82 11.53 -12.24
3 16 -3.062 0 -7.391 -3.794 0.305 -9.159 0 0.305 -9.914
4 16 -8.157 19.828 -8.157 -7.01 20.695 -7.01 -3.794 20.695 -9.159 -4.414 19.828 -10.658
3 16 0 0 -8 -3.062 0 -7.391 0 0.305 -9.914
3 16 -0.3 4.52 -12.94 -0.41 4.53 -12.918 -2.034 7.981 -12.595
3 16 -4.975 11.019 -12.01 -3.82 11.53 -12.24 -3.02 11.61 -12.399
3 16 -2.559 10.501 -12.491 -3.019 10.807 -12.399 -2.034 11.019 -12.595
4 16 -2.034 11.019 -12.595 -3.02 11.61 -12.399 -2.21 11.7 -12.56 -2 11.7 -12.602
3 16 -0.16 4.4 -12.968 -0.3 4.52 -12.94 -2.034 7.981 -12.595
3 16 -2.034 11.019 -12.595 -1.28 11.67 -12.745 -0.95 11.75 -12.811
3 16 -3.75 4.75 -12.254 -4.15 5.09 -12.174 -2.034 7.981 -12.595
4 16 -3.2 4 -12.363 -3.75 4.75 -12.254 -2.034 7.981 -12.595 -0.83 4 -12.835
3 16 -4.975 11.019 -12.01 -4.975 11.52 -12.01 -4.54 11.5 -12.097
4 16 -0.69 13.03 -12.863 -0.83 13.51 -12.835 -0.6 14.66 -12.881 0 14.7 -13
3 16 -4.5 5.07 -12.105 -4.975 7.981 -12.01 -4.39 5.14 -12.127
3 16 -4.15 5.09 -12.174 -4.39 5.14 -12.127 -4.975 7.981 -12.01
4 16 -1.75 2.03 -11.904 -1.95 2.18 -11.99 -1.33 2.22 -12.147 -1.46 2.04 -11.97
3 16 -1.58 1.99 -11.905 -1.75 2.03 -11.904 -1.46 2.04 -11.97
4 16 -1.95 2.18 -11.99 -2.2 2.469 -12.182 -1.24 2.469 -12.373 -1.33 2.22 -12.147
3 16 -0.73 4.23 -12.855 -2.034 7.981 -12.595 -0.59 4.43 -12.883
3 16 -0.59 4.43 -12.883 -2.034 7.981 -12.595 -0.41 4.53 -12.918
3 16 8.66 18.832 -8.802 8.704 18.902 -8.704 8.744 18.834 -8.744
4 16 3.062 0 -7.391 3.794 0.305 -9.159 5.77 0.305 -7.839 5.657 0 -5.657
3 16 6.557 18.743 -10.296 6.51 18.826 -10.245 6.67 19.03 -9.937
3 16 6.206 18.968 -10.309 6.67 19.03 -9.937 6.327 18.942 -10.253
3 16 6.206 18.968 -10.309 6.01 19.03 -10.378 6.67 19.03 -9.937
3 16 5.657 0 -5.657 5.77 0.305 -7.839 7.01 0.305 -7.01
3 16 6.67 18.531 -10.429 6.513 18.531 -10.534 6.568 18.596 -10.433
3 16 5.93 16.66 -11.372 4.975 17 -12.01 6.39 17 -11.065
4 16 9.159 0.305 -3.794 7.01 0.305 -7.01 7.154 0.414 -7.154 8.51 0.7 -6.07
3 16 8.566 18.761 -8.935 8.46 18.9 -8.869 8.6 18.809 -8.865
4 16 9.159 0.305 -3.794 8.51 0.7 -6.07 9.79 1.172 -5.713 10.658 1.172 -4.414
3 16 6.416 18.899 -10.236 6.327 18.942 -10.253 6.67 19.03 -9.937
3 16 10.235 17.175 -7.555 10.15 17.198 -7.672 10.474 17.221 -7.177
3 16 10.301 17.108 -7.485 10.235 17.175 -7.555 10.474 17.221 -7.177
4 16 -6.39 17.5 -10.918 -7.57 17.46 -10.141 -8.89 17.5 -9.247 -8.49 18.2 -9.309
3 16 -4.854 2.72 -11.716 -4.97 2.82 -11.668 -4.975 4 -12.01
4 16 -6.67 18.46 -10.45 -6.04 18.46 -10.871 -6.39 17.5 -10.918 -8.49 18.2 -9.309
3 16 -7.98 17.43 -9.876 -8.89 17.5 -9.247 -7.57 17.46 -10.141
3 16 6.58 18.675 -10.347 6.557 18.743 -10.296 6.67 19.03 -9.937
4 16 8.66 18.832 -8.802 8.6 18.809 -8.865 8.46 18.9 -8.869 8.704 18.902 -8.704
3 16 6.51 18.826 -10.245 6.416 18.899 -10.236 6.67 19.03 -9.937
3 16 -6.73 17.21 -10.776 -7.17 17.4 -10.426 -6.39 17.5 -10.918
3 16 -7.17 17.4 -10.426 -7.57 17.46 -10.141 -6.39 17.5 -10.918
4 16 8.46 18.531 -9.232 6.67 18.531 -10.429 6.67 19.03 -9.937 8.46 18.9 -8.869
3 16 -11.62 8.04 -5.559 -11.559 14.352 -5.65 -11.52 8.29 -5.709
4 16 -11.559 14.352 -5.65 -11.041 14.352 -6.425 -10.843 13.692 -6.722 -10.843 13.008 -6.722
4 16 -10.474 16.559 -7.274 -12.011 17 -4.974 -10.474 17 -7.274 -10.381 16.89 -7.413
4 16 -9.492 15.063 -8.743 -9.21 15.087 -9.165 -9.192 15.063 -9.192 -10.317 13.692 -7.509
3 16 -9.192 15.063 -9.192 -9.21 15.087 -9.165 -9.192 15.091 -9.192
4 16 -9.492 15.737 -8.743 -9.492 15.063 -8.743 -10.474 16.559 -7.274 -9.946 16.559 -8.064
4 16 -11.559 15.028 -5.65 -12.011 17 -4.974 -10.474 16.559 -7.274 -11.041 15.028 -6.425
4 16 -10.317 13.692 -7.509 -10.843 13.692 -6.722 -11.041 14.352 -6.425 -9.492 15.063 -8.743
3 16 -9.192 15.709 -9.192 -9.21 15.713 -9.165 -9.192 15.737 -9.192
4 16 -9.192 15.737 -9.192 -9.492 15.737 -8.743 -9.946 16.559 -8.064 -9.946 17 -8.064
3 16 -9.192 15.737 -9.192 -9.946 17 -8.064 -9.192 17 -9.192
4 16 -9.492 15.063 -8.743 -11.041 14.352 -6.425 -11.041 15.028 -6.425 -10.474 16.559 -7.274
3 16 8.96 16.8 -9.347 8.89 17 -9.394 9.192 17 -9.192
4 16 6.67 18.531 -10.429 6.568 18.596 -10.433 6.58 18.675 -10.347 6.67 19.03 -9.937
3 16 7.67 14.05 -10.209 7.38 14.37 -10.403 7.57 15.11 -10.276
4 16 8.46 18.9 -8.869 6.67 19.03 -9.937 8.157 19.828 -8.157 8.704 18.902 -8.704
4 16 7.88 15.87 -10.069 8.27 16.39 -9.808 8.928 15.063 -9.368 7.57 15.11 -10.276
3 16 6.01 18.531 -10.87 6.07 18.783 -10.582 6.113 18.685 -10.65
3 16 6.319 18.531 -10.664 6.01 18.531 -10.87 6.284 18.548 -10.67
4 16 0 19.828 -11.535 0 20.695 -9.914 3.794 20.695 -9.159 4.414 19.828 -10.658
4 16 8.157 19.828 -8.157 6.67 19.03 -9.937 6.01 19.03 -10.378 4.414 19.828 -10.658
4 16 3.794 20.695 -9.159 3.062 21 -7.391 5.657 21 -5.657 7.01 20.695 -7.01
4 16 6.01 19.03 -10.378 6.01 18.531 -10.87 4.83 18.531 -11.659 4.414 19.828 -10.658
4 16 -7.34 3.57 -10.304 -7.79 2.88 -9.801 -8.02 3.36 -9.788 -7.35 4 -10.423
3 16 -8.54 17.27 -9.549 -8.89 17.5 -9.247 -7.98 17.43 -9.876
4 16 9.192 17 -9.192 8.981 18.2 -8.981 9.17 18.2 -8.699 9.946 17.221 -7.967
3 16 -5.77 0.305 -7.839 -7.01 0.305 -7.01 -7.154 0.414 -7.154
4 16 10.368 17 -7.432 10.301 17.108 -7.485 10.474 17.221 -7.177 10.474 17 -7.274
4 16 -7.28 2.88 -10.142 -7.55 2.59 -9.876 -7.79 2.88 -9.801 -7.34 3.57 -10.304
3 16 0 18.531 -12.619 -3.2 18.531 -11.983 -0.33 18.751 -12.37
4 16 -0.33 19.285 -11.923 -0.312 19.02 -12.148 -0.33 18.751 -12.37 -3.2 19.1 -11.508
3 16 -4.83 18.531 -11.659 -4.414 19.828 -10.658 -3.9 19.1 -11.368
3 16 -3.2 18.531 -11.983 -3.57 18.531 -11.909 -3.451 18.555 -11.913
4 16 -4.414 19.828 -10.658 0 19.828 -11.535 -0.33 19.285 -11.923 -3.2 19.1 -11.508
4 16 -8.157 19.828 -8.157 -8.704 18.902 -8.704 -9.17 18.9 -8.01 -10.658 19.828 -4.414
3 16 9.946 17 -8.064 9.192 17 -9.192 9.946 17.221 -7.967
4 16 -0.67 12.41 -12.867 -0.69 13.03 -12.863 0 14.7 -13 0 4.19 -13
4 16 -8.981 18.2 -8.981 -8.49 18.2 -9.309 -8.89 17.5 -9.247 -9.192 17 -9.192
3 16 -4.53 4 -12.099 -4.975 4 -12.01 -4.57 4.71 -12.091
4 16 0 4.19 -13 -0.16 4.4 -12.968 -0.78 11.92 -12.845 -0.67 12.41 -12.867
4 16 -4.5 5.07 -12.105 -4.57 4.71 -12.091 -4.975 4 -12.01 -4.975 7.981 -12.01
4 16 -5.657 21 -5.657 -7.01 20.695 -7.01 -9.159 20.695 -3.794 -7.391 21 -3.062
4 16 10.474 17.221 -7.177 11.659 18.531 -4.83 12.011 17 -4.974 10.474 17 -7.274
4 16 -6.67 18.46 -10.45 -8.49 18.2 -9.309 -8.49 18.531 -9.212 -6.67 18.531 -10.429
3 16 9.17 18.2 -8.699 9.17 18.531 -8.553 11.659 18.531 -4.83
4 16 -6.39 17 -11.065 -6.73 17.21 -10.776 -6.39 17.5 -10.918 -4.919 17.59 -11.875
4 16 11.659 18.531 -4.83 10.474 17.221 -7.177 9.946 17.221 -7.967 9.17 18.2 -8.699
4 16 -11.659 18.531 -4.83 -10.658 19.828 -4.414 -9.17 18.9 -8.01 -9.17 18.531 -8.553
3 16 -2.034 7.981 -12.595 -2.559 8.499 -12.491 -2.253 8.959 -12.552
4 16 0 15.49 -13 -0.51 15.47 -12.898 -1.68 17 -12.666 0 17 -13
3 16 -2.034 7.981 -12.595 -2.253 8.959 -12.552 -2.145 9.5 -12.573
4 16 -1.62 13.94 -12.678 -1.57 14.45 -12.688 -1.12 14.58 -12.777 -1.02 13.72 -12.797
3 16 -2.034 7.981 -12.595 -3.56 8.085 -12.292 -3.019 8.193 -12.399
3 16 -4.3 16.92 -12.145 -4.3 17 -12.145 -2.32 17 -12.538
4 16 -8.89 17.5 -9.247 -8.54 17.27 -9.549 -8.89 17 -9.394 -9.192 17 -9.192
4 16 -7.23 2.469 -10.055 -7.37 2.469 -9.961 -7.55 2.59 -9.876 -7.28 2.88 -10.142
3 16 -8.02 3.36 -9.788 -8.23 4 -9.835 -7.35 4 -10.423
3 16 -2.034 7.981 -12.595 -3.019 8.193 -12.399 -2.559 8.499 -12.491
4 16 -5.42 3.32 -11.514 -5.86 4 -11.419 -4.975 4 -12.01 -4.97 2.82 -11.668
4 16 -4.483 17 -12.108 -4.3 17 -12.145 -4.3 16.92 -12.145 -4.525 16.972 -12.1
4 16 -9.036 18.611 -8.636 -9.077 18.531 -8.693 -9.17 18.531 -8.553 -9.17 18.9 -8.01
3 16 -9.036 18.611 -8.636 -9.17 18.9 -8.01 -8.974 18.68 -8.627
3 16 -8.923 18.733 -8.625 -9.17 18.9 -8.01 -8.854 18.785 -8.652
3 16 -8.784 18.821 -8.703 -8.704 18.902 -8.704 -8.744 18.834 -8.744
3 16 -8.974 18.68 -8.627 -9.17 18.9 -8.01 -8.923 18.733 -8.625
4 16 -8.784 18.821 -8.703 -8.854 18.785 -8.652 -9.17 18.9 -8.01 -8.704 18.902 -8.704
3 16 -4.95 16.92 -12.015 -4.755 16.972 -12.054 -4.64 16.95 -12.077
4 16 -4.95 16.92 -12.015 -4.64 16.95 -12.077 -4.3 16.92 -12.145 -4.975 15.72 -12.01
4 16 -1.02 13.72 -12.797 -1.12 14.58 -12.777 -0.6 14.66 -12.881 -0.83 13.51 -12.835
3 16 -4.3 16.92 -12.145 -4.64 16.95 -12.077 -4.525 16.972 -12.1
4 16 -4.797 17 -12.046 -4.755 16.972 -12.054 -4.95 16.92 -12.015 -4.975 17 -12.01
3 16 -3.019 10.807 -12.399 -3.56 10.915 -12.292 -2.034 11.019 -12.595
3 16 -0.33 18.751 -12.37 -0.288 18.919 -12.238 -0.221 18.833 -12.323
3 16 -3.57 18.531 -11.909 -3.9 18.531 -11.844 -3.689 18.555 -11.866
3 16 -3.9 18.531 -11.844 -3.791 18.613 -11.797 -3.689 18.555 -11.866
3 16 -3.882 18.8 -11.623 -3.9 18.531 -11.844 -4.83 18.531 -11.659
3 16 -3.858 18.901 -11.543 -3.9 19.1 -11.368 -3.791 18.987 -11.485
3 16 -3.791 18.987 -11.485 -3.9 19.1 -11.368 -3.689 19.045 -11.456
3 16 -3.9 19.1 -11.368 -3.882 18.8 -11.623 -4.83 18.531 -11.659
3 16 -3.9 18.531 -11.844 -3.882 18.8 -11.623 -3.858 18.699 -11.712
3 16 -3.9 18.531 -11.844 -3.858 18.699 -11.712 -3.791 18.613 -11.797
3 16 -3.689 19.045 -11.456 -3.9 19.1 -11.368 -3.57 19.065 -11.463
4 16 -6.67 18.46 -10.45 -6.67 18.531 -10.429 -6.513 18.531 -10.534 -6.464 18.499 -10.576
3 16 -3.882 18.8 -11.623 -3.9 19.1 -11.368 -3.858 18.901 -11.543
4 16 -3.2 19.1 -11.508 -3.57 19.065 -11.463 -3.9 19.1 -11.368 -4.414 19.828 -10.658
3 16 -8.614 18.479 -9.145 -8.608 18.531 -9.134 -8.49 18.531 -9.212
3 16 -10.474 16.559 -7.274 -10.381 16.89 -7.413 -10.368 16.772 -7.432
3 16 -11.559 14.352 -5.65 -11.421 14.472 -5.857 -11.365 14.405 -5.941
3 16 -11.559 14.352 -5.65 -11.365 14.405 -5.941 -11.3 14.382 -6.038
3 16 -10.645 13.635 -7.018 -10.843 13.692 -6.722 -10.58 13.658 -7.115
3 16 -10.58 13.658 -7.115 -10.843 13.692 -6.722 -10.317 13.692 -7.509
3 16 -11.421 14.908 -5.857 -11.559 15.028 -5.65 -11.365 14.975 -5.941
3 16 -9.368 15.518 -8.929 -9.492 15.737 -8.743 -9.331 15.618 -8.984
3 16 -9.381 15.4 -8.909 -9.492 15.737 -8.743 -9.368 15.518 -8.929
3 16 -10.381 16.89 -7.413 -10.474 17 -7.274 -10.368 17 -7.432
4 16 -11.471 14.69 -5.782 -11.458 14.572 -5.802 -11.559 14.352 -5.65 -11.559 15.028 -5.65
3 16 -11.559 14.352 -5.65 -11.458 14.572 -5.802 -11.421 14.472 -5.857
3 16 -11.041 14.352 -6.425 -11.559 14.352 -5.65 -11.3 14.382 -6.038
3 16 -11.041 14.352 -6.425 -11.235 14.405 -6.135 -11.179 14.472 -6.219
3 16 -11.041 14.352 -6.425 -11.3 14.382 -6.038 -11.235 14.405 -6.135
3 16 -10.474 16.559 -7.274 -10.368 16.772 -7.432 -10.331 16.672 -7.488
3 16 -0.33 18.751 -12.37 -0.221 18.833 -12.323 -0.119 18.775 -12.391
3 16 -8.49 18.2 -9.309 -8.846 18.245 -9.058 -8.747 18.287 -9.112
4 16 0 20.695 -9.914 -3.794 20.695 -9.159 -3.062 21 -7.391 0 21 -8
3 16 -8.49 18.2 -9.309 -8.747 18.287 -9.112 -8.666 18.37 -9.142
3 16 -9.946 16.559 -8.064 -10.089 16.672 -7.85 -10.052 16.772 -7.905
3 16 -9.946 16.559 -8.064 -10.052 16.772 -7.905 -10.039 16.89 -7.925
4 16 -10.039 16.89 -7.925 -10.052 17 -7.905 -9.946 17 -8.064 -9.946 16.559 -8.064
4 16 -8.846 18.245 -9.058 -8.49 18.2 -9.309 -8.981 18.2 -8.981 -8.946 18.249 -8.99
3 16 -9.946 16.559 -8.064 -10.145 16.605 -7.766 -10.089 16.672 -7.85
3 16 -4.975 17 -12.01 -6.39 17 -11.065 -4.919 17.59 -11.875
3 16 -10.474 16.559 -7.274 -10.275 16.605 -7.572 -10.21 16.582 -7.669
4 16 -6.04 18.46 -10.871 -6.67 18.46 -10.45 -6.464 18.499 -10.576 -6.373 18.505 -10.635
4 16 -8.666 18.37 -9.142 -8.614 18.479 -9.145 -8.49 18.531 -9.212 -8.49 18.2 -9.309
3 16 -6.04 18.46 -10.871 -6.373 18.505 -10.635 -6.319 18.531 -10.664
3 16 -6.04 18.46 -10.871 -6.319 18.531 -10.664 -6.04 18.531 -10.85
3 16 -6.04 18.46 -10.871 -6.04 18.531 -10.85 -4.83 18.531 -11.659
3 16 -0.312 19.02 -12.148 -0.33 19.285 -11.923 -0.288 19.121 -12.069
3 16 -0.288 19.121 -12.069 -0.33 19.285 -11.923 -0.221 19.207 -12.01
3 16 -3.451 19.045 -11.504 -3.57 19.065 -11.463 -3.2 19.1 -11.508
4 16 0 19.285 -11.989 -0.119 19.265 -11.982 -0.33 19.285 -11.923 0 19.828 -11.535
3 16 -0.221 19.207 -12.01 -0.33 19.285 -11.923 -0.119 19.265 -11.982
3 16 -3.282 18.901 -11.658 -3.349 18.987 -11.572 -3.2 19.1 -11.508
3 16 -3.349 18.987 -11.572 -3.451 19.045 -11.504 -3.2 19.1 -11.508
3 16 -3.2 18.531 -11.983 -3.349 18.613 -11.885 -3.282 18.699 -11.826
3 16 -3.2 18.531 -11.983 -3.282 18.699 -11.826 -3.258 18.8 -11.747
3 16 -8.981 18.2 -8.981 -8.969 18.27 -8.969 -8.946 18.249 -8.99
3 16 -3.258 18.8 -11.747 -3.282 18.901 -11.658 -3.2 19.1 -11.508
4 16 -3.2 18.531 -11.983 -3.258 18.8 -11.747 -3.2 19.1 -11.508 -0.33 18.751 -12.37
3 16 -0.33 18.751 -12.37 -0.312 19.02 -12.148 -0.288 18.919 -12.238
4 16 -0.33 18.751 -12.37 -0.119 18.775 -12.391 0 18.751 -12.435 0 18.531 -12.619
3 16 -2.253 10.041 -12.552 -2.559 10.501 -12.491 -2.034 11.019 -12.595
4 16 -1.62 13.94 -12.678 -2.26 14.03 -12.55 -2 14.25 -12.602 -1.57 14.45 -12.688
4 16 -4.975 7.981 -12.01 -3.56 8.085 -12.292 -2.034 7.981 -12.595 -4.15 5.09 -12.174
3 16 -2.145 9.5 -12.573 -2.253 10.041 -12.552 -2.034 11.019 -12.595
3 16 -4.975 15.72 -12.01 -4.975 17 -12.01 -4.95 16.92 -12.015
3 16 -4.975 9.5 -12.01 -4.975 11.019 -12.01 -4.867 10.041 -12.032
3 16 -4.975 7.981 -12.01 -4.101 8.193 -12.184 -3.56 8.085 -12.292
3 16 -11.142 14.808 -6.274 -11.179 14.908 -6.219 -11.041 15.028 -6.425
3 16 -10.701 13.568 -6.934 -10.843 13.692 -6.722 -10.645 13.635 -7.018
4 16 8.157 19.828 -8.157 7.01 20.695 -7.01 9.159 20.695 -3.794 10.658 19.828 -4.414
3 16 -11.041 14.352 -6.425 -11.179 14.472 -6.219 -11.142 14.572 -6.274
3 16 -4.975 7.981 -12.01 -4.867 8.959 -12.032 -4.561 8.499 -12.093
3 16 -4.975 7.981 -12.01 -4.561 8.499 -12.093 -4.101 8.193 -12.184
3 16 -3.2 18.531 -11.983 -3.451 18.555 -11.913 -3.349 18.613 -11.885
3 16 -0.83 4 -12.835 -2.034 7.981 -12.595 -0.73 4.23 -12.855
4 16 -2.58 14.99 -12.487 -3 14.71 -12.403 -4.3 16.92 -12.145 -2.32 17 -12.538
4 16 -4.65 15.12 -12.075 -4.975 15.72 -12.01 -4.3 16.92 -12.145 -4.3 14.65 -12.145
3 16 -3.25 14.39 -12.354 -4.3 16.92 -12.145 -3 14.71 -12.403
3 16 -4.101 10.807 -12.184 -4.975 11.019 -12.01 -3.56 10.915 -12.292
4 16 -1.89 15.25 -12.624 -2.58 14.99 -12.487 -2.32 17 -12.538 -2 17 -12.602
4 16 -2.034 7.981 -12.595 -2.145 9.5 -12.573 -2.034 11.019 -12.595 -0.95 11.75 -12.811
4 16 -2.034 11.019 -12.595 -3.56 10.915 -12.292 -4.975 11.019 -12.01 -3.02 11.61 -12.399
3 16 -4.975 7.981 -12.01 -4.975 9.5 -12.01 -4.867 8.959 -12.032
3 16 -4.561 10.501 -12.093 -4.975 11.019 -12.01 -4.101 10.807 -12.184
3 16 -4.867 10.041 -12.032 -4.975 11.019 -12.01 -4.561 10.501 -12.093
4 16 -3.83 14.31 -12.238 -4.3 14.65 -12.145 -4.3 16.92 -12.145 -3.3 14.11 -12.344
3 16 -3.3 14.11 -12.344 -4.3 16.92 -12.145 -3.25 14.39 -12.354
3 16 -1.14 15.4 -12.773 -1.68 17 -12.666 -0.51 15.47 -12.898
4 16 -1.89 15.25 -12.624 -2 17 -12.602 -1.68 17 -12.666 -1.14 15.4 -12.773
4 16 -11.129 14.69 -6.294 -11.142 14.808 -6.274 -11.041 15.028 -6.425 -11.041 14.352 -6.425
4 16 -10.843 13.692 -6.722 -10.738 13.468 -6.879 -10.751 13.35 -6.859 -10.843 13.008 -6.722
3 16 -11.458 14.808 -5.802 -11.559 15.028 -5.65 -11.421 14.908 -5.857
3 16 -11.471 14.69 -5.782 -11.559 15.028 -5.65 -11.458 14.808 -5.802
3 16 8.981 18.2 -8.981 8.969 18.27 -8.969 8.988 18.273 -8.939
3 16 9.08 18.49 -8.706 9.077 18.531 -8.693 9.17 18.531 -8.553
4 16 3.96 3.53 -12.095 4.03 4 -12.198 4.975 4 -12.01 4.951 3.75 -11.953
4 16 8.988 18.273 -8.939 9.034 18.309 -8.854 9.17 18.2 -8.699 8.981 18.2 -8.981
4 16 -9.21 15.713 -9.165 -9.275 15.685 -9.068 -9.492 15.737 -8.743 -9.192 15.737 -9.192
3 16 -9.331 15.618 -8.984 -9.492 15.737 -8.743 -9.275 15.685 -9.068
3 16 -9.492 15.063 -8.743 -9.331 15.182 -8.984 -9.275 15.115 -9.068
3 16 -11.179 14.908 -6.219 -11.235 14.975 -6.135 -11.041 15.028 -6.425
3 16 -11.365 14.975 -5.941 -11.559 15.028 -5.65 -11.3 14.998 -6.038
3 16 -11.235 14.975 -6.135 -11.3 14.998 -6.038 -11.041 15.028 -6.425
3 16 -11.3 14.998 -6.038 -11.559 15.028 -5.65 -11.041 15.028 -6.425
4 16 9.065 18.377 -8.778 9.08 18.49 -8.706 9.17 18.531 -8.553 9.17 18.2 -8.699
3 16 -10.738 13.468 -6.879 -10.843 13.692 -6.722 -10.701 13.568 -6.934
3 16 -9.946 16.559 -8.064 -10.21 16.582 -7.669 -10.145 16.605 -7.766
3 16 -9.946 16.559 -8.064 -10.474 16.559 -7.274 -10.21 16.582 -7.669
3 16 -9.492 15.063 -8.743 -9.275 15.115 -9.068 -9.21 15.087 -9.165
3 16 -11.041 14.352 -6.425 -11.142 14.572 -6.274 -11.129 14.69 -6.294
3 16 -9.492 15.063 -8.743 -9.368 15.282 -8.929 -9.331 15.182 -8.984
4 16 -9.381 15.4 -8.909 -9.368 15.282 -8.929 -9.492 15.063 -8.743 -9.492 15.737 -8.743
4 16 -4.919 17.59 -11.875 -6.39 17.5 -10.918 -6.04 18.46 -10.871 -4.83 18.531 -11.659
4 16 1.58 2.469 -12.305 0.85 2.469 -12.45 0.11 4 -12.978 2.59 4 -12.485
3 16 9.17 18.2 -8.699 9.034 18.309 -8.854 9.065 18.377 -8.778
3 16 -10.474 16.559 -7.274 -10.331 16.672 -7.488 -10.275 16.605 -7.572
3 16 4.11 2.83 -11.892 4.07 2.83 -11.9 4 2.92 -11.936
4 16 4 2.92 -11.936 3.94 3.16 -12.007 4.26 2.92 -11.884 4.11 2.83 -11.892
4 16 3.94 3.16 -12.007 3.96 3.53 -12.095 4.951 3.75 -11.953 4.26 2.92 -11.884
3 16 0.288 19.121 -12.069 0.221 19.207 -12.01 0.33 19.285 -11.923
3 16 3.9 18.531 -11.844 3.57 18.531 -11.909 3.689 18.555 -11.866
3 16 0.33 18.751 -12.37 0.221 18.833 -12.323 0.288 18.919 -12.238
3 16 0.33 18.751 -12.37 0.288 18.919 -12.238 0.312 19.02 -12.148
3 16 0.33 18.751 -12.37 0.119 18.775 -12.391 0.221 18.833 -12.323
4 16 0.33 19.285 -11.923 0.119 19.265 -11.982 0 19.285 -11.989 0 19.828 -11.535
3 16 0.312 19.02 -12.148 0.288 19.121 -12.069 0.33 19.285 -11.923
4 16 0 18.751 -12.435 0.119 18.775 -12.391 0.33 18.751 -12.37 0 18.531 -12.619
4 16 3.2 19.1 -11.508 3.258 18.8 -11.747 3.2 18.531 -11.983 0.33 18.751 -12.37
3 16 3.2 18.531 -11.983 3.258 18.8 -11.747 3.282 18.699 -11.826
3 16 3.258 18.8 -11.747 3.2 19.1 -11.508 3.282 18.901 -11.658
3 16 3.349 18.987 -11.572 3.2 19.1 -11.508 3.451 19.045 -11.504
3 16 3.282 18.901 -11.658 3.2 19.1 -11.508 3.349 18.987 -11.572
4 16 0.33 18.751 -12.37 0.312 19.02 -12.148 0.33 19.285 -11.923 3.2 19.1 -11.508
4 16 0.33 19.285 -11.923 0 19.828 -11.535 4.414 19.828 -10.658 3.2 19.1 -11.508
3 16 3.57 18.531 -11.909 3.2 18.531 -11.983 3.451 18.555 -11.913
3 16 8.46 18.2 -9.33 8.666 18.37 -9.142 8.747 18.287 -9.112
3 16 8.54 17.27 -9.549 7.98 17.43 -9.876 8.89 17.5 -9.247
4 16 6.39 17.5 -10.918 6.73 17.21 -10.776 6.39 17 -11.065 4.975 17 -12.01
3 16 8.46 18.2 -9.33 8.747 18.287 -9.112 8.846 18.245 -9.058
3 16 7.98 17.43 -9.876 7.57 17.46 -10.141 8.89 17.5 -9.247
4 16 8.89 17 -9.394 8.54 17.27 -9.549 8.89 17.5 -9.247 9.192 17 -9.192
3 16 9.192 17 -9.192 8.89 17.5 -9.247 8.981 18.2 -8.981
3 16 8.89 17.5 -9.247 8.46 18.2 -9.33 8.981 18.2 -8.981
3 16 8.46 18.2 -9.33 8.614 18.479 -9.145 8.666 18.37 -9.142
4 16 8.46 18.531 -9.232 8.608 18.531 -9.134 8.614 18.479 -9.145 8.46 18.2 -9.33
3 16 0.221 19.207 -12.01 0.119 19.265 -11.982 0.33 19.285 -11.923
4 16 9.192 15.063 -9.192 10.317 13.692 -7.509 10.317 13.008 -7.509 10.11 8.02 -7.818
3 16 8.981 18.2 -8.981 8.46 18.2 -9.33 8.846 18.245 -9.058
3 16 8.981 18.2 -8.981 8.846 18.245 -9.058 8.946 18.249 -8.99
3 16 4.975 17 -12.01 4.919 17.59 -11.875 6.39 17.5 -10.918
4 16 8.89 17.5 -9.247 7.57 17.46 -10.141 6.39 17.5 -10.918 8.46 18.2 -9.33
3 16 9.946 16.559 -8.064 10.052 16.772 -7.905 10.089 16.672 -7.85
3 16 9.946 16.559 -8.064 10.145 16.605 -7.766 10.21 16.582 -7.669
3 16 -2 17 -12.602 -2.32 17 -12.538 -2.115 17.022 -12.574
3 16 -2.32 17 -12.538 -2.213 17.087 -12.538 -2.115 17.022 -12.574
3 16 3.451 19.045 -11.504 3.2 19.1 -11.508 3.57 19.065 -11.463
3 16 3.689 19.045 -11.456 3.57 19.065 -11.463 3.9 19.1 -11.368
4 16 0 18.531 -12.619 0 17 -13 -1.68 17.62 -12.512 -3.2 18.531 -11.983
3 16 9.946 16.559 -8.064 10.089 16.672 -7.85 10.145 16.605 -7.766
4 16 9.492 15.063 -8.743 9.368 15.282 -8.929 9.381 15.4 -8.909 9.492 15.737 -8.743
3 16 9.946 16.559 -8.064 10.039 16.89 -7.925 10.052 16.772 -7.905
3 16 9.275 15.685 -9.068 9.21 15.713 -9.165 9.492 15.737 -8.743
3 16 10.474 16.559 -7.274 10.331 16.672 -7.488 10.368 16.772 -7.432
3 16 -2.32 17.62 -12.384 -3.57 18.531 -11.909 -3.2 18.531 -11.983
3 16 -4.3 17.59 -11.998 -4.83 18.531 -11.659 -3.9 18.531 -11.844
3 16 10.474 16.559 -7.274 10.368 16.772 -7.432 10.381 16.89 -7.413
3 16 9.381 15.4 -8.909 9.368 15.518 -8.929 9.492 15.737 -8.743
3 16 11.77 6.03 -5.335 11.43 7.99 -5.843 11.559 14.352 -5.65
4 16 11.041 15.028 -6.425 11.041 14.352 -6.425 9.492 15.063 -8.743 10.474 16.559 -7.274
4 16 11.28 8.15 -6.068 10.317 13.008 -7.509 10.843 13.008 -6.722 11.34 8.16 -5.978
4 16 11.041 14.352 -6.425 10.843 13.692 -6.722 10.317 13.692 -7.509 9.492 15.063 -8.743
3 16 12.011 4 -4.973 11.77 6.03 -5.335 11.559 14.352 -5.65
3 16 3.858 18.901 -11.543 3.791 18.987 -11.485 3.9 19.1 -11.368
3 16 3.791 18.987 -11.485 3.689 19.045 -11.456 3.9 19.1 -11.368
3 16 3.882 18.8 -11.623 3.858 18.901 -11.543 3.9 19.1 -11.368
4 16 3.9 19.1 -11.368 3.57 19.065 -11.463 3.2 19.1 -11.508 4.414 19.828 -10.658
3 16 3.9 18.531 -11.844 3.689 18.555 -11.866 3.791 18.613 -11.797
3 16 3.9 18.531 -11.844 3.882 18.8 -11.623 4.83 18.531 -11.659
3 16 3.882 18.8 -11.623 3.9 19.1 -11.368 4.83 18.531 -11.659
3 16 4.83 18.531 -11.659 3.9 19.1 -11.368 4.414 19.828 -10.658
3 16 3.9 18.531 -11.844 3.858 18.699 -11.712 3.882 18.8 -11.623
3 16 3.9 18.531 -11.844 3.791 18.613 -11.797 3.858 18.699 -11.712
3 16 3.2 18.531 -11.983 0 18.531 -12.619 0.33 18.751 -12.37
4 16 6.39 17.5 -10.918 6.01 18.46 -10.891 6.67 18.46 -10.45 8.46 18.2 -9.33
4 16 4.975 11.019 -12.01 3.56 10.915 -12.292 2.034 11.019 -12.595 3.82 11.53 -12.24
3 16 2.034 7.981 -12.595 2.559 8.499 -12.491 3.019 8.193 -12.399
3 16 4.561 10.501 -12.093 4.101 10.807 -12.184 4.975 11.019 -12.01
3 16 4.975 7.981 -12.01 4.867 8.959 -12.032 4.975 9.5 -12.01
3 16 2.034 7.981 -12.595 3.019 8.193 -12.399 3.56 8.085 -12.292
3 16 4.975 9.5 -12.01 4.867 10.041 -12.032 4.975 11.019 -12.01
3 16 2.034 7.981 -12.595 2.253 8.959 -12.552 2.559 8.499 -12.491
3 16 4.975 7.981 -12.01 4.561 8.499 -12.093 4.867 8.959 -12.032
4 16 4.3 16.92 -12.145 4.3 14.65 -12.145 3.83 14.31 -12.238 3.3 14.11 -12.344
4 16 1.68 17 -12.666 2 17 -12.602 1.89 15.25 -12.624 1.14 15.4 -12.773
3 16 3.3 14.11 -12.344 3.25 14.39 -12.354 4.3 16.92 -12.145
3 16 4.975 15.72 -12.01 4.95 16.92 -12.015 4.975 17 -12.01
4 16 4.3 16.92 -12.145 3 14.71 -12.403 2.58 14.99 -12.487 2.32 17 -12.538
3 16 4.101 10.807 -12.184 3.56 10.915 -12.292 4.975 11.019 -12.01
4 16 1.68 17 -12.666 0.51 15.47 -12.898 0 15.49 -13 0 17 -13
4 16 2.32 17 -12.538 2.58 14.99 -12.487 1.89 15.25 -12.624 2 17 -12.602
4 16 10.474 16.559 -7.274 9.492 15.063 -8.743 9.492 15.737 -8.743 9.946 16.559 -8.064
4 16 10.843 13.692 -6.722 11.041 14.352 -6.425 11.559 14.352 -5.65 10.843 13.008 -6.722
4 16 4.3 16.92 -12.145 4.975 15.72 -12.01 4.65 15.12 -12.075 4.3 14.65 -12.145
4 16 11.559 15.028 -5.65 11.041 15.028 -6.425 10.474 16.559 -7.274 12.011 17 -4.974
4 16 9.192 15.737 -9.192 9.192 17 -9.192 9.492 15.737 -8.743 9.21 15.713 -9.165
4 16 9.192 15.063 -9.192 9.21 15.087 -9.165 9.492 15.063 -8.743 10.317 13.692 -7.509
4 16 11.559 14.352 -5.65 11.559 15.028 -5.65 12.011 17 -4.974 12.011 4 -4.973
4 16 9.192 17 -9.192 9.946 17 -8.064 9.946 16.559 -8.064 9.492 15.737 -8.743
4 16 2.034 11.019 -12.595 2 11.7 -12.602 2.21 11.7 -12.56 3.02 11.61 -12.399
3 16 2.034 11.019 -12.595 3.02 11.61 -12.399 3.82 11.53 -12.24
3 16 4.975 4 -12.01 4.03 4 -12.198 4.21 5 -12.163
4 16 4.975 4 -12.01 4.21 5 -12.163 4.21 5.31 -12.163 4.975 7.981 -12.01
3 16 4.21 5.31 -12.163 4.16 5.41 -12.172 4.975 7.981 -12.01
4 16 2.59 4 -12.485 0.11 4 -12.978 0 4.19 -13 2.9 4.43 -12.423
4 16 3.4 5.01 -12.324 2.9 4.43 -12.423 0 4.19 -13 2.034 7.981 -12.595
3 16 4.867 10.041 -12.032 4.561 10.501 -12.093 4.975 11.019 -12.01
3 16 0 20.695 -9.914 0 21 -8 3.062 21 -7.391
4 16 7.12 4 -10.577 7.86 4 -10.082 7.62 3.61 -10.128 7.15 3.34 -10.363
3 16 10.658 1.172 -4.414 9.79 1.172 -5.713 10.79 1.81 -5.158
3 16 3.794 20.695 -9.159 0 20.695 -9.914 3.062 21 -7.391
3 16 6.01 18.46 -10.891 6.319 18.531 -10.664 6.373 18.505 -10.635
3 16 7.17 17.4 -10.426 6.39 17.5 -10.918 7.57 17.46 -10.141
4 16 6.464 18.499 -10.576 6.67 18.46 -10.45 6.01 18.46 -10.891 6.373 18.505 -10.635
3 16 6.01 18.46 -10.891 6.01 18.531 -10.87 6.319 18.531 -10.664
4 16 8.46 18.531 -9.232 8.46 18.2 -9.33 6.67 18.46 -10.45 6.67 18.531 -10.429
3 16 4.951 3.75 -11.953 4.975 4 -12.01 5.12 4 -11.913
3 16 6.01 18.46 -10.891 4.83 18.531 -11.659 6.01 18.531 -10.87
4 16 4.83 18.531 -11.659 6.01 18.46 -10.891 6.39 17.5 -10.918 4.919 17.59 -11.875
3 16 7.2 3.27 -10.31 7.17 3.27 -10.33 7.29 3.31 -10.261
4 16 11.659 2.469 -4.83 10.658 1.172 -4.414 10.79 1.81 -5.158 11.38 2.469 -5.247
3 16 7.01 0.305 -7.01 5.77 0.305 -7.839 7.154 0.414 -7.154
4 16 7.15 3.34 -10.363 7.62 3.61 -10.128 7.29 3.31 -10.261 7.17 3.27 -10.33
3 16 4.975 11.019 -12.01 4.54 11.5 -12.097 4.975 11.52 -12.01
4 16 0 4.19 -13 1.28 11.67 -12.745 2 11.7 -12.602 2.034 11.019 -12.595
3 16 4.3 16.92 -12.145 2.32 17 -12.538 4.3 17 -12.145
3 16 0 4.19 -13 0.67 12.41 -12.867 0.78 11.92 -12.845
3 16 1.14 15.4 -12.773 0.51 15.47 -12.898 1.68 17 -12.666
3 16 3.25 14.39 -12.354 3 14.71 -12.403 4.3 16.92 -12.145
3 16 0 4.19 -13 0.95 11.75 -12.811 1.28 11.67 -12.745
3 16 4.975 11.019 -12.01 3.82 11.53 -12.24 4.54 11.5 -12.097
4 16 7.391 0 -3.062 5.657 0 -5.657 7.01 0.305 -7.01 9.159 0.305 -3.794
4 16 6.67 18.46 -10.45 6.464 18.499 -10.576 6.513 18.531 -10.534 6.67 18.531 -10.429
3 16 6.73 17.21 -10.776 6.39 17.5 -10.918 7.17 17.4 -10.426
4 16 4.414 19.828 -10.658 3.794 20.695 -9.159 7.01 20.695 -7.01 8.157 19.828 -8.157
3 16 0 4.19 -13 0.78 11.92 -12.845 0.95 11.75 -12.811
3 16 2.034 7.981 -12.595 2.145 9.5 -12.573 2.253 8.959 -12.552
3 16 8.981 18.2 -8.981 8.946 18.249 -8.99 8.969 18.27 -8.969
3 16 3.2 18.531 -11.983 3.282 18.699 -11.826 3.349 18.613 -11.885
3 16 9.368 15.518 -8.929 9.331 15.618 -8.984 9.492 15.737 -8.743
3 16 2.145 9.5 -12.573 2.034 11.019 -12.595 2.253 10.041 -12.552
4 16 1.12 14.58 -12.777 1.57 14.45 -12.688 1.62 13.94 -12.678 1.02 13.72 -12.797
3 16 11.559 14.352 -5.65 11.3 14.382 -6.038 11.365 14.405 -5.941
4 16 2.034 11.019 -12.595 2.145 9.5 -12.573 2.034 7.981 -12.595 0 4.19 -13
3 16 4.975 7.981 -12.01 4.101 8.193 -12.184 4.561 8.499 -12.093
3 16 4.975 7.981 -12.01 3.56 8.085 -12.292 4.101 8.193 -12.184
4 16 2.034 7.981 -12.595 3.56 8.085 -12.292 4.975 7.981 -12.01 3.4 5.01 -12.324
4 16 0.6 14.66 -12.881 0.83 13.51 -12.835 0.69 13.03 -12.863 0 14.7 -13
3 16 10.738 13.468 -6.879 10.701 13.568 -6.934 10.843 13.692 -6.722
3 16 3.019 10.807 -12.399 2.034 11.019 -12.595 3.56 10.915 -12.292
3 16 -1.68 17 -12.666 -2 17 -12.602 -1.885 17.022 -12.62
3 16 -4.3 17 -12.145 -4.483 17 -12.108 -4.427 17.037 -12.11
3 16 2.559 10.501 -12.491 2.034 11.019 -12.595 3.019 10.807 -12.399
3 16 10.843 13.008 -6.722 10.738 13.232 -6.879 10.751 13.35 -6.859
4 16 2 14.25 -12.602 2.26 14.03 -12.55 1.62 13.94 -12.678 1.57 14.45 -12.688
3 16 2.253 10.041 -12.552 2.034 11.019 -12.595 2.559 10.501 -12.491
3 16 10.317 13.008 -7.509 10.459 13.132 -7.296 10.515 13.065 -7.212
3 16 10.317 13.008 -7.509 10.422 13.232 -7.352 10.459 13.132 -7.296
3 16 10.409 13.35 -7.371 10.317 13.692 -7.509 10.422 13.468 -7.352
3 16 10.422 13.468 -7.352 10.317 13.692 -7.509 10.459 13.568 -7.296
4 16 1.03 2.18 -12.173 0.85 2.469 -12.45 1.58 2.469 -12.305 1.35 2.21 -12.134
3 16 11.559 14.352 -5.65 11.041 14.352 -6.425 11.3 14.382 -6.038
4 16 11.559 14.352 -5.65 11.458 14.572 -5.802 11.471 14.69 -5.782 11.559 15.028 -5.65
3 16 11.559 14.352 -5.65 11.421 14.472 -5.857 11.458 14.572 -5.802
4 16 0 14.7 -13 0.69 13.03 -12.863 0.67 12.41 -12.867 0 4.19 -13
4 16 0.6 14.66 -12.881 1.12 14.58 -12.777 1.02 13.72 -12.797 0.83 13.51 -12.835
3 16 3.98 5.37 -12.208 4.975 7.981 -12.01 4.16 5.41 -12.172
3 16 3.4 5.01 -12.324 4.975 7.981 -12.01 3.98 5.37 -12.208
3 16 11.471 14.69 -5.782 11.458 14.808 -5.802 11.559 15.028 -5.65
3 16 11.041 14.352 -6.425 11.235 14.405 -6.135 11.3 14.382 -6.038
3 16 10.58 13.658 -7.115 10.317 13.692 -7.509 10.843 13.692 -6.722
4 16 10.409 13.35 -7.371 10.422 13.232 -7.352 10.317 13.008 -7.509 10.317 13.692 -7.509
3 16 11.041 14.352 -6.425 11.179 14.472 -6.219 11.235 14.405 -6.135
3 16 10.645 13.635 -7.018 10.58 13.658 -7.115 10.843 13.692 -6.722
3 16 10.317 13.008 -7.509 10.515 13.065 -7.212 10.58 13.042 -7.115
3 16 11.041 14.352 -6.425 11.142 14.572 -6.274 11.179 14.472 -6.219
3 16 10.843 13.008 -6.722 10.317 13.008 -7.509 10.58 13.042 -7.115
3 16 11.041 14.352 -6.425 11.129 14.69 -6.294 11.142 14.572 -6.274
3 16 10.701 13.568 -6.934 10.645 13.635 -7.018 10.843 13.692 -6.722
3 16 9.492 15.063 -8.743 9.21 15.087 -9.165 9.275 15.115 -9.068
3 16 10.843 13.008 -6.722 10.58 13.042 -7.115 10.645 13.065 -7.018
3 16 10.843 13.008 -6.722 10.701 13.132 -6.934 10.738 13.232 -6.879
3 16 10.843 13.008 -6.722 10.645 13.065 -7.018 10.701 13.132 -6.934
4 16 10.751 13.35 -6.859 10.738 13.468 -6.879 10.843 13.692 -6.722 10.843 13.008 -6.722
3 16 10.459 13.568 -7.296 10.317 13.692 -7.509 10.515 13.635 -7.212
3 16 10.515 13.635 -7.212 10.317 13.692 -7.509 10.58 13.658 -7.115
4 16 11.041 15.028 -6.425 11.142 14.808 -6.274 11.129 14.69 -6.294 11.041 14.352 -6.425
3 16 11.142 14.808 -6.274 11.041 15.028 -6.425 11.179 14.908 -6.219
3 16 -4.853 17.463 -11.92 -4.919 17.59 -11.875 -4.755 17.528 -11.923
3 16 -4.918 17.365 -11.931 -4.919 17.59 -11.875 -4.853 17.463 -11.92
4 16 -4.3 17 -12.145 -4.339 17.25 -12.075 -4.3 17.59 -11.998 -2.32 17 -12.538
3 16 -1.68 17 -12.666 -1.787 17.087 -12.623 -1.722 17.185 -12.611
3 16 -4.3 17 -12.145 -4.427 17.037 -12.11 -4.362 17.135 -12.099
3 16 -1.68 17 -12.666 -1.722 17.185 -12.611 -1.699 17.3 -12.587
3 16 -4.941 17.25 -11.955 -4.919 17.59 -11.875 -4.918 17.365 -11.931
3 16 -4.755 17.528 -11.923 -4.919 17.59 -11.875 -4.64 17.551 -11.94
3 16 -4.525 17.528 -11.969 -4.64 17.551 -11.94 -4.3 17.59 -11.998
3 16 -1.68 17 -12.666 -1.885 17.022 -12.62 -1.787 17.087 -12.623
3 16 9.492 15.063 -8.743 9.275 15.115 -9.068 9.331 15.182 -8.984
3 16 -4.427 17.463 -12.004 -4.525 17.528 -11.969 -4.3 17.59 -11.998
3 16 -4.362 17.365 -12.042 -4.427 17.463 -12.004 -4.3 17.59 -11.998
4 16 -4.3 17.59 -11.998 -4.64 17.551 -11.94 -4.919 17.59 -11.875 -4.83 18.531 -11.659
3 16 -4.3 17 -12.145 -4.362 17.135 -12.099 -4.339 17.25 -12.075
3 16 -4.339 17.25 -12.075 -4.362 17.365 -12.042 -4.3 17.59 -11.998
3 16 11.559 14.352 -5.65 11.365 14.405 -5.941 11.421 14.472 -5.857
3 16 9.492 15.063 -8.743 9.331 15.182 -8.984 9.368 15.282 -8.929
3 16 -1.699 17.3 -12.587 -1.722 17.415 -12.554 -1.68 17.62 -12.512
3 16 -6.04 18.531 -10.85 -6.319 18.531 -10.664 -6.284 18.548 -10.67
3 16 -6.072 18.861 -10.504 -6.117 18.936 -10.4 -6.04 19.03 -10.358
3 16 -2.115 17.578 -12.435 -2.32 17.62 -12.384 -2 17.601 -12.453
3 16 -1.722 17.415 -12.554 -1.787 17.513 -12.517 -1.68 17.62 -12.512
3 16 -1.68 17 -12.666 -1.699 17.3 -12.587 0 17 -13
3 16 -1.699 17.3 -12.587 -1.68 17.62 -12.512 0 17 -13
3 16 -6.04 18.531 -10.85 -6.284 18.548 -10.67 -6.19 18.602 -10.68
3 16 -6.04 18.531 -10.85 -6.113 18.685 -10.65 -6.07 18.783 -10.582
3 16 -6.07 18.783 -10.582 -6.072 18.861 -10.504 -6.04 19.03 -10.358
3 16 -6.07 18.783 -10.582 -6.04 19.03 -10.358 -6.04 18.531 -10.85
3 16 -8.49 18.531 -9.212 -8.555 18.683 -9.019 -8.49 18.9 -8.849
3 16 -8.49 18.531 -9.212 -8.608 18.531 -9.134 -8.58 18.59 -9.094
3 16 -6.04 18.531 -10.85 -6.19 18.602 -10.68 -6.113 18.685 -10.65
3 16 -8.49 18.531 -9.212 -8.58 18.59 -9.094 -8.555 18.683 -9.019
3 16 -2.32 17 -12.538 -2.278 17.185 -12.501 -2.213 17.087 -12.538
3 16 -2.32 17 -12.538 -2.301 17.3 -12.468 -2.278 17.185 -12.501
3 16 -4.975 17 -12.01 -4.941 17.25 -11.955 -4.918 17.135 -11.988
3 16 -4.975 17 -12.01 -4.918 17.135 -11.988 -4.853 17.037 -12.026
4 16 9.946 17 -8.064 10.052 17 -7.905 10.039 16.89 -7.925 9.946 16.559 -8.064
3 16 9.331 15.618 -8.984 9.275 15.685 -9.068 9.492 15.737 -8.743
3 16 -2.278 17.415 -12.444 -2.32 17.62 -12.384 -2.213 17.513 -12.432
3 16 -2.213 17.513 -12.432 -2.32 17.62 -12.384 -2.115 17.578 -12.435
4 16 -1.68 17.62 -12.512 -2 17.601 -12.453 -2.32 17.62 -12.384 -3.2 18.531 -11.983
3 16 -1.885 17.578 -12.481 -2 17.601 -12.453 -1.68 17.62 -12.512
3 16 -1.787 17.513 -12.517 -1.885 17.578 -12.481 -1.68 17.62 -12.512
4 16 -3.9 18.531 -11.844 -3.57 18.531 -11.909 -2.32 17.62 -12.384 -4.3 17.59 -11.998
3 16 -4.797 17 -12.046 -4.975 17 -12.01 -4.853 17.037 -12.026
3 16 -2.301 17.3 -12.468 -2.32 17.62 -12.384 -2.278 17.415 -12.444
3 16 -2.32 17.62 -12.384 -2.301 17.3 -12.468 -4.3 17.59 -11.998
3 16 -2.301 17.3 -12.468 -2.32 17 -12.538 -4.3 17.59 -11.998
3 16 -6.206 18.968 -10.309 -6.67 19.03 -9.937 -6.04 19.03 -10.358
3 16 -6.416 18.899 -10.236 -6.67 19.03 -9.937 -6.327 18.942 -10.253
4 16 -6.58 18.675 -10.347 -6.568 18.596 -10.433 -6.67 18.531 -10.429 -6.67 19.03 -9.937
3 16 -6.206 18.968 -10.309 -6.327 18.942 -10.253 -6.67 19.03 -9.937
4 16 -4.46 2.79 -11.812 -4.62 2.57 -11.726 -4.854 2.72 -11.716 -4.46 3.29 -11.936
3 16 10.381 16.89 -7.413 10.368 17 -7.432 10.474 17 -7.274
3 16 -6.58 18.675 -10.347 -6.67 19.03 -9.937 -6.557 18.743 -10.296
3 16 -6.51 18.826 -10.245 -6.67 19.03 -9.937 -6.416 18.899 -10.236
4 16 1.2 2.12 -12.089 1.12 2.11 -12.096 1.03 2.18 -12.173 1.35 2.21 -12.134
4 16 3.062 0 -7.391 0 0 -8 0 0.305 -9.914 3.794 0.305 -9.159
4 16 -4.414 19.828 -10.658 -3.794 20.695 -9.159 0 20.695 -9.914 0 19.828 -11.535
3 16 11.458 14.808 -5.802 11.421 14.908 -5.857 11.559 15.028 -5.65
3 16 -6.557 18.743 -10.296 -6.67 19.03 -9.937 -6.51 18.826 -10.245
4 16 -3.794 20.695 -9.159 -7.01 20.695 -7.01 -5.657 21 -5.657 -3.062 21 -7.391
3 16 -4.975 17 -12.01 -4.919 17.59 -11.875 -4.941 17.25 -11.955
3 16 -6.513 18.531 -10.534 -6.67 18.531 -10.429 -6.568 18.596 -10.433
3 16 -8.66 18.832 -8.802 -8.744 18.834 -8.744 -8.704 18.902 -8.704
4 16 -4.414 19.828 -10.658 -6.04 19.03 -10.358 -6.67 19.03 -9.937 -8.157 19.828 -8.157
3 16 -6.117 18.936 -10.4 -6.206 18.968 -10.309 -6.04 19.03 -10.358
3 16 -8.566 18.761 -8.935 -8.6 18.809 -8.865 -8.49 18.9 -8.849
4 16 -6.67 19.03 -9.937 -6.67 18.531 -10.429 -8.49 18.531 -9.212 -8.49 18.9 -8.849
4 16 -8.49 18.9 -8.849 -8.6 18.809 -8.865 -8.66 18.832 -8.802 -8.704 18.902 -8.704
4 16 -4.83 18.531 -11.659 -6.04 18.531 -10.85 -6.04 19.03 -10.358 -4.414 19.828 -10.658
4 16 -8.157 19.828 -8.157 -6.67 19.03 -9.937 -8.49 18.9 -8.849 -8.704 18.902 -8.704
3 16 10.474 16.559 -7.274 9.946 16.559 -8.064 10.21 16.582 -7.669
4 16 -2.2 2.469 -12.182 -2.76 3.3 -12.277 -1.03 3.29 -12.618 -1.24 2.469 -12.373
3 16 10.474 16.559 -7.274 10.275 16.605 -7.572 10.331 16.672 -7.488
3 16 10.474 16.559 -7.274 10.21 16.582 -7.669 10.275 16.605 -7.572
4 16 -2.76 3.3 -12.277 -3.2 4 -12.363 -0.83 4 -12.835 -1.03 3.29 -12.618
3 16 -8.555 18.683 -9.019 -8.566 18.761 -8.935 -8.49 18.9 -8.849
4 16 -4.52 2.6 -11.753 -4.56 2.55 -11.733 -4.62 2.57 -11.726 -4.46 2.79 -11.812
4 16 -4.46 3.29 -11.936 -4.854 2.72 -11.716 -4.975 4 -12.01 -4.53 4 -12.099
3 16 9.192 15.063 -9.192 9.192 15.091 -9.192 9.21 15.087 -9.165
3 16 1.699 17.3 -12.587 1.68 17 -12.666 0 17 -13
3 16 2.213 17.513 -12.432 2.115 17.578 -12.435 2.32 17.62 -12.384
3 16 4.975 17 -12.01 4.853 17.037 -12.026 4.918 17.135 -11.988
3 16 1.68 17.62 -12.512 1.699 17.3 -12.587 0 17 -13
3 16 -10.317 13.008 -7.509 -10.843 13.008 -6.722 -10.58 13.042 -7.115
3 16 1.722 17.415 -12.554 1.68 17.62 -12.512 1.787 17.513 -12.517
3 16 1.787 17.513 -12.517 1.68 17.62 -12.512 1.885 17.578 -12.481
3 16 -10.317 13.008 -7.509 -10.58 13.042 -7.115 -10.515 13.065 -7.212
3 16 4.339 17.25 -12.075 4.3 17.59 -11.998 4.362 17.365 -12.042
3 16 4.3 17 -12.145 4.362 17.135 -12.099 4.427 17.037 -12.11
3 16 6.01 18.531 -10.87 6.19 18.602 -10.68 6.284 18.548 -10.67
4 16 4.3 17.59 -11.998 4.339 17.25 -12.075 4.3 17 -12.145 2.32 17 -12.538
3 16 2.278 17.415 -12.444 2.213 17.513 -12.432 2.32 17.62 -12.384
3 16 4.975 17 -12.01 4.918 17.135 -11.988 4.941 17.25 -11.955
3 16 2.115 17.578 -12.435 2 17.601 -12.453 2.32 17.62 -12.384
4 16 2.32 17.62 -12.384 2 17.601 -12.453 1.68 17.62 -12.512 3.2 18.531 -11.983
3 16 1.68 17 -12.666 1.722 17.185 -12.611 1.787 17.087 -12.623
3 16 4.975 17 -12.01 4.797 17 -12.046 4.853 17.037 -12.026
3 16 2.301 17.3 -12.468 2.32 17.62 -12.384 4.3 17.59 -11.998
3 16 2.301 17.3 -12.468 2.278 17.415 -12.444 2.32 17.62 -12.384
3 16 2 17 -12.602 1.68 17 -12.666 1.885 17.022 -12.62
3 16 1.68 17 -12.666 1.699 17.3 -12.587 1.722 17.185 -12.611
3 16 4.483 17 -12.108 4.3 17 -12.145 4.427 17.037 -12.11
3 16 1.68 17 -12.666 1.787 17.087 -12.623 1.885 17.022 -12.62
3 16 2.32 17 -12.538 2.115 17.022 -12.574 2.213 17.087 -12.538
3 16 2.32 17 -12.538 2.213 17.087 -12.538 2.278 17.185 -12.501
3 16 1.699 17.3 -12.587 1.68 17.62 -12.512 1.722 17.415 -12.554
3 16 1.885 17.578 -12.481 1.68 17.62 -12.512 2 17.601 -12.453
3 16 2.32 17 -12.538 2.278 17.185 -12.501 2.301 17.3 -12.468
3 16 2.32 17 -12.538 2.301 17.3 -12.468 4.3 17.59 -11.998
4 16 0 18.531 -12.619 3.2 18.531 -11.983 1.68 17.62 -12.512 0 17 -13
3 16 2.32 17.62 -12.384 3.57 18.531 -11.909 3.9 18.531 -11.844
3 16 8.555 18.683 -9.019 8.46 18.9 -8.869 8.566 18.761 -8.935
3 16 8.608 18.531 -9.134 8.46 18.531 -9.232 8.58 18.59 -9.094
3 16 -10.459 13.568 -7.296 -10.515 13.635 -7.212 -10.317 13.692 -7.509
4 16 -9.62 5.94 -8.552 -9.87 5.01 -8.178 -10.41 5.69 -7.37 -10.37 6.92 -7.429
4 16 6.01 19.03 -10.378 6.072 18.861 -10.504 6.07 18.783 -10.582 6.01 18.531 -10.87
4 16 8.555 18.683 -9.019 8.58 18.59 -9.094 8.46 18.531 -9.232 8.46 18.9 -8.869
3 16 4.3 17 -12.145 4.339 17.25 -12.075 4.362 17.135 -12.099
3 16 6.072 18.861 -10.504 6.01 19.03 -10.378 6.117 18.936 -10.4
3 16 -10.409 13.35 -7.371 -10.422 13.468 -7.352 -10.317 13.692 -7.509
3 16 -10.515 13.635 -7.212 -10.58 13.658 -7.115 -10.317 13.692 -7.509
4 16 -9.192 6.67 -9.192 -9.27 6.62 -9.075 -10.37 6.92 -7.429 -10.37 7.92 -7.429
4 16 -9.87 5.01 -8.178 -10.06 4.31 -7.893 -10.41 4.56 -7.37 -10.41 5.69 -7.37
3 16 -9.62 5.94 -8.552 -10.37 6.92 -7.429 -9.41 6.43 -8.866
3 16 -9.41 6.43 -8.866 -10.37 6.92 -7.429 -9.27 6.62 -9.075
4 16 -10.317 13.008 -7.509 -10.422 13.232 -7.352 -10.409 13.35 -7.371 -10.317 13.692 -7.509
3 16 -10.422 13.468 -7.352 -10.459 13.568 -7.296 -10.317 13.692 -7.509
4 16 -12.011 17 -4.974 -11.559 15.028 -5.65 -11.559 14.352 -5.65 -11.84 7.09 -5.23
4 16 -10.4 8.14 -7.385 -10.843 13.008 -6.722 -10.317 13.008 -7.509 -9.192 6.67 -9.192
3 16 4.853 17.463 -11.92 4.755 17.528 -11.923 4.919 17.59 -11.875
3 16 4.918 17.365 -11.931 4.853 17.463 -11.92 4.919 17.59 -11.875
3 16 6.117 18.936 -10.4 6.01 19.03 -10.378 6.206 18.968 -10.309
3 16 6.01 18.531 -10.87 6.113 18.685 -10.65 6.19 18.602 -10.68
3 16 4.941 17.25 -11.955 4.918 17.365 -11.931 4.919 17.59 -11.875
3 16 4.755 17.528 -11.923 4.64 17.551 -11.94 4.919 17.59 -11.875
3 16 2.32 17 -12.538 2 17 -12.602 2.115 17.022 -12.574
3 16 2.32 17.62 -12.384 3.2 18.531 -11.983 3.57 18.531 -11.909
3 16 4.525 17.528 -11.969 4.3 17.59 -11.998 4.64 17.551 -11.94
4 16 4.83 18.531 -11.659 4.3 17.59 -11.998 2.32 17.62 -12.384 3.9 18.531 -11.844
3 16 4.427 17.463 -12.004 4.3 17.59 -11.998 4.525 17.528 -11.969
3 16 4.975 17 -12.01 4.941 17.25 -11.955 4.919 17.59 -11.875
4 16 4.919 17.59 -11.875 4.64 17.551 -11.94 4.3 17.59 -11.998 4.83 18.531 -11.659
3 16 4.362 17.365 -12.042 4.3 17.59 -11.998 4.427 17.463 -12.004
4 16 8.5 6.31 -9.654 8.42 6.02 -9.708 7.14 6.25 -10.563 7.07 6.59 -10.61
3 16 8.31 13.37 -9.781 8.194 13.487 -9.859 8.257 13.589 -9.817
4 16 7.67 13.37 -10.209 7.99 13.395 -9.995 8.31 13.37 -9.781 6.99 12.74 -10.664
3 16 7.786 13.933 -10.132 7.67 14.05 -10.209 7.879 14.001 -10.07
3 16 8.31 13.37 -9.781 8.101 13.419 -9.921 8.194 13.487 -9.859
3 16 8.928 15.063 -9.368 9.029 15.179 -9.301 9.112 15.111 -9.245
3 16 7.879 14.001 -10.07 7.67 14.05 -10.209 7.99 14.025 -9.995
3 16 8.928 15.063 -9.368 8.954 15.4 -9.351 8.973 15.28 -9.338
4 16 8.928 15.063 -9.368 9.112 15.111 -9.245 9.192 15.063 -9.192 8.31 14.05 -9.781
3 16 7.67 13.37 -10.209 7.723 13.589 -10.174 7.786 13.487 -10.132
3 16 7.67 13.37 -10.209 7.879 13.419 -10.07 7.99 13.395 -9.995
3 16 8.257 13.831 -9.817 8.194 13.933 -9.859 8.31 14.05 -9.781
3 16 8.279 13.71 -9.802 8.257 13.831 -9.817 8.31 14.05 -9.781
3 16 8.31 13.37 -9.781 7.99 13.395 -9.995 8.101 13.419 -9.921
3 16 8.101 14.001 -9.921 7.99 14.025 -9.995 8.31 14.05 -9.781
4 16 8.31 13.37 -9.781 8.279 13.71 -9.802 8.31 14.05 -9.781 9.192 15.063 -9.192
3 16 8.973 15.52 -9.338 8.928 15.737 -9.368 9.029 15.621 -9.301
3 16 11.659 2.469 -4.83 11.38 2.469 -5.247 12.011 4 -4.973
3 16 10.095 17.175 -7.764 9.946 17.221 -7.967 10.15 17.198 -7.672
4 16 -10.45 8.14 -7.31 -11.48 8.33 -5.769 -10.843 13.008 -6.722 -10.4 8.14 -7.385
3 16 10.15 17.198 -7.672 9.946 17.221 -7.967 10.474 17.221 -7.177
3 16 -9.79 1.172 -5.713 -10.658 1.172 -4.414 -10.79 1.81 -5.158
3 16 -12.011 5.94 -4.974 -12.011 17 -4.974 -11.84 7.09 -5.23
4 16 10.052 17 -7.905 9.946 17 -8.064 9.946 17.221 -7.967 10.059 17.108 -7.847
4 16 -11.659 2.469 -4.83 -11.38 2.469 -5.247 -10.79 1.81 -5.158 -10.658 1.172 -4.414
3 16 8.928 15.737 -9.368 8.27 16.39 -9.808 8.96 16.8 -9.347
4 16 -11.52 8.29 -5.709 -11.559 14.352 -5.65 -10.843 13.008 -6.722 -11.48 8.33 -5.769
4 16 9.192 15.709 -9.192 9.112 15.689 -9.245 8.928 15.737 -9.368 9.192 15.737 -9.192
3 16 8.928 15.063 -9.368 8.973 15.28 -9.338 9.029 15.179 -9.301
3 16 -11.84 7.09 -5.23 -11.559 14.352 -5.65 -11.62 8.04 -5.559
4 16 -9.192 15.063 -9.192 -9.192 6.67 -9.192 -10.317 13.008 -7.509 -10.317 13.692 -7.509
4 16 -7.01 0.305 -7.01 -5.657 0 -5.657 -7.391 0 -3.062 -9.159 0.305 -3.794
3 16 10.059 17.108 -7.847 9.946 17.221 -7.967 10.095 17.175 -7.764
4 16 8.5 6.31 -9.654 7.07 6.59 -10.61 6.2 11.85 -11.192 6.6 12.16 -10.924
4 16 7.01 6.63 -10.65 6.87 6.53 -10.744 4.975 7.981 -12.01 4.975 9.5 -12.01
3 16 4.975 11.019 -12.01 4.975 11.52 -12.01 5.63 11.62 -11.573
3 16 8.5 6.31 -9.654 6.6 12.16 -10.924 8.56 6.36 -9.614
3 16 7.701 13.71 -10.188 7.67 14.05 -10.209 7.723 13.831 -10.174
3 16 8.31 14.05 -9.781 7.57 15.11 -10.276 8.928 15.063 -9.368
3 16 5.4 16.2 -11.726 4.975 17 -12.01 5.93 16.66 -11.372
3 16 9.192 15.063 -9.192 9.112 15.111 -9.245 9.192 15.091 -9.192
3 16 6.06 5.4 -11.285 4.975 7.981 -12.01 6.87 6.53 -10.744
4 16 6.06 5.4 -11.285 5.12 4 -11.913 4.975 4 -12.01 4.975 7.981 -12.01
4 16 8.42 6.02 -9.708 8.19 4.97 -9.862 7.15 5.45 -10.557 7.14 6.25 -10.563
4 16 8.19 4.97 -9.862 7.86 4 -10.082 7.12 4 -10.577 7.15 5.45 -10.557
3 16 8.63 6.33 -9.568 8.56 6.36 -9.614 6.6 12.16 -10.924
4 16 9.192 15.063 -9.192 8.98 5.69 -9.334 8.63 6.33 -9.568 8.31 13.37 -9.781
4 16 7.01 6.63 -10.65 4.975 9.5 -12.01 4.975 11.019 -12.01 7.07 6.59 -10.61
4 16 4.975 11.019 -12.01 5.63 11.62 -11.573 6.2 11.85 -11.192 7.07 6.59 -10.61
3 16 7.67 13.37 -10.209 7.701 13.71 -10.188 7.723 13.589 -10.174
3 16 7.67 13.37 -10.209 7.786 13.487 -10.132 7.879 13.419 -10.07
3 16 9.192 5.25 -9.192 8.98 5.69 -9.334 9.192 15.063 -9.192
3 16 8.194 13.933 -9.859 8.101 14.001 -9.921 8.31 14.05 -9.781
3 16 8.954 15.4 -9.351 8.928 15.737 -9.368 8.973 15.52 -9.338
3 16 8.31 13.37 -9.781 8.257 13.589 -9.817 8.279 13.71 -9.802
3 16 9.029 15.621 -9.301 8.928 15.737 -9.368 9.112 15.689 -9.245
4 16 8.928 15.737 -9.368 8.954 15.4 -9.351 8.928 15.063 -9.368 8.27 16.39 -9.808
4 16 8.31 14.05 -9.781 7.99 14.025 -9.995 7.67 14.05 -10.209 7.57 15.11 -10.276
3 16 6.99 12.74 -10.664 7.23 13.53 -10.503 7.67 13.37 -10.209
4 16 6.6 12.16 -10.924 6.99 12.74 -10.664 8.31 13.37 -9.781 8.63 6.33 -9.568
3 16 4.975 15.72 -12.01 4.975 17 -12.01 5.4 16.2 -11.726
4 16 9.192 15.737 -9.192 8.928 15.737 -9.368 8.96 16.8 -9.347 9.192 17 -9.192
4 16 7.67 14.05 -10.209 7.701 13.71 -10.188 7.67 13.37 -10.209 7.38 14.37 -10.403
3 16 7.67 13.37 -10.209 7.23 13.53 -10.503 7.38 14.37 -10.403
3 16 7.723 13.831 -10.174 7.67 14.05 -10.209 7.786 13.933 -10.132
4 16 -11.41 8 -5.873 -11.45 8.29 -5.813 -10.51 8.04 -7.22 -10.69 7.47 -6.951
3 16 -7.67 13.37 -10.209 -7.879 13.419 -10.07 -7.786 13.487 -10.132
4 16 -8.928 15.063 -9.368 -8.954 15.4 -9.351 -8.928 15.737 -9.368 -7.88 15.87 -10.069
3 16 -8.928 15.063 -9.368 -8.973 15.28 -9.338 -8.954 15.4 -9.351
3 16 -7.67 13.37 -10.209 -7.99 13.395 -9.995 -7.879 13.419 -10.07
4 16 -4.975 7.981 -12.01 -4.975 4 -12.01 -5.86 4 -11.419 -6.21 4.67 -11.185
3 16 -5.4 16.2 -11.726 -5.93 16.66 -11.372 -4.975 17 -12.01
4 16 -8.31 13.37 -9.781 -7.99 13.395 -9.995 -7.67 13.37 -10.209 -7.03 6.07 -10.637
3 16 -6.21 4.67 -11.185 -6.61 5.55 -10.918 -4.975 7.981 -12.01
3 16 -7.786 13.933 -10.132 -7.879 14.001 -10.07 -7.67 14.05 -10.209
3 16 -8.31 13.37 -9.781 -8.257 13.589 -9.817 -8.194 13.487 -9.859
4 16 -8.928 15.737 -9.368 -9.112 15.689 -9.245 -9.192 15.709 -9.192 -9.192 15.737 -9.192
3 16 -7.723 13.831 -10.174 -7.786 13.933 -10.132 -7.67 14.05 -10.209
3 16 -8.954 15.4 -9.351 -8.973 15.52 -9.338 -8.928 15.737 -9.368
3 16 -8.973 15.52 -9.338 -9.029 15.621 -9.301 -8.928 15.737 -9.368
3 16 -9.029 15.621 -9.301 -9.112 15.689 -9.245 -8.928 15.737 -9.368
3 16 -8.928 15.063 -9.368 -9.029 15.179 -9.301 -8.973 15.28 -9.338
3 16 -7.701 13.71 -10.188 -7.723 13.831 -10.174 -7.67 14.05 -10.209
4 16 -8.31 14.05 -9.781 -8.279 13.71 -9.802 -8.31 13.37 -9.781 -9.192 15.063 -9.192
3 16 -8.279 13.71 -9.802 -8.31 14.05 -9.781 -8.257 13.831 -9.817
4 16 -7.67 13.37 -10.209 -7.701 13.71 -10.188 -7.67 14.05 -10.209 -7.23 13.53 -10.503
3 16 -8.31 13.37 -9.781 -8.279 13.71 -9.802 -8.257 13.589 -9.817
3 16 -8.101 14.001 -9.921 -8.31 14.05 -9.781 -7.99 14.025 -9.995
3 16 -8.194 13.933 -9.859 -8.31 14.05 -9.781 -8.101 14.001 -9.921
3 16 -8.257 13.831 -9.817 -8.31 14.05 -9.781 -8.194 13.933 -9.859
4 16 -8.928 15.063 -9.368 -7.88 15.87 -10.069 -7.57 15.11 -10.276 -8.31 14.05 -9.781
4 16 -8.82 6.36 -9.441 -7.03 6.07 -10.637 -7.22 5.51 -10.51 -8.57 5.44 -9.608
3 16 -4.975 15.72 -12.01 -5.4 16.2 -11.726 -4.975 17 -12.01
3 16 -4.975 11.019 -12.01 -5.63 11.62 -11.573 -4.975 11.52 -12.01
3 16 -5.93 16.66 -11.372 -6.39 17 -11.065 -4.975 17 -12.01
4 16 -7.67 14.05 -10.209 -7.99 14.025 -9.995 -8.31 14.05 -9.781 -7.57 15.11 -10.276
4 16 -7.67 13.37 -10.209 -7.23 13.53 -10.503 -6.99 12.74 -10.664 -7.03 6.07 -10.637
4 16 -7.67 14.05 -10.209 -7.57 15.11 -10.276 -7.38 14.37 -10.403 -7.23 13.53 -10.503
3 16 4.95 16.92 -12.015 4.64 16.95 -12.077 4.755 16.972 -12.054
3 16 11.179 14.908 -6.219 11.041 15.028 -6.425 11.235 14.975 -6.135
3 16 10.34 8.06 -7.474 10.27 8.1 -7.579 10.317 13.008 -7.509
3 16 11.365 14.975 -5.941 11.3 14.998 -6.038 11.559 15.028 -5.65
4 16 4.3 16.92 -12.145 4.3 17 -12.145 4.483 17 -12.108 4.525 16.972 -12.1
4 16 4.3 16.92 -12.145 4.64 16.95 -12.077 4.95 16.92 -12.015 4.975 15.72 -12.01
3 16 11.3 14.998 -6.038 11.041 15.028 -6.425 11.559 15.028 -5.65
3 16 4.3 16.92 -12.145 4.525 16.972 -12.1 4.64 16.95 -12.077
4 16 11.18 7.96 -6.217 10.4 7.79 -7.385 10.34 8.06 -7.474 10.317 13.008 -7.509
3 16 3.2 18.531 -11.983 3.349 18.613 -11.885 3.451 18.555 -11.913
3 16 9.192 15.709 -9.192 9.192 15.737 -9.192 9.21 15.713 -9.165
3 16 9.63 6.83 -8.537 9.192 15.063 -9.192 9.86 7.66 -8.192
3 16 11.18 7.96 -6.217 10.317 13.008 -7.509 11.28 8.15 -6.068
4 16 11.43 7.99 -5.843 11.34 8.16 -5.978 10.843 13.008 -6.722 11.559 14.352 -5.65
3 16 9.86 7.66 -8.192 9.192 15.063 -9.192 10.11 8.02 -7.818
3 16 10.11 8.02 -7.818 10.317 13.008 -7.509 10.27 8.1 -7.579
3 16 -7.67 13.37 -10.209 -7.786 13.487 -10.132 -7.723 13.589 -10.174
3 16 -7.67 13.37 -10.209 -7.723 13.589 -10.174 -7.701 13.71 -10.188
4 16 11.18 7.96 -6.217 10.83 6.17 -6.741 10.41 7.08 -7.37 10.4 7.79 -7.385
4 16 10.83 6.17 -6.741 10.69 6.02 -6.951 10.54 6.29 -7.175 10.41 7.08 -7.37
4 16 -8.96 16.8 -9.347 -8.928 15.737 -9.368 -9.192 15.737 -9.192 -9.192 17 -9.192
3 16 -7.879 14.001 -10.07 -7.99 14.025 -9.995 -7.67 14.05 -10.209
3 16 -8.31 13.37 -9.781 -8.194 13.487 -9.859 -8.101 13.419 -9.921
3 16 -8.31 13.37 -9.781 -8.101 13.419 -9.921 -7.99 13.395 -9.995
3 16 9.44 5.09 -8.821 9.192 5.25 -9.192 9.5 5.69 -8.731
4 16 9.44 5.09 -8.821 9.39 5 -8.896 9.32 5.05 -9 9.192 5.25 -9.192
4 16 4.95 16.92 -12.015 4.755 16.972 -12.054 4.797 17 -12.046 4.975 17 -12.01
3 16 11.235 14.975 -6.135 11.041 15.028 -6.425 11.3 14.998 -6.038
4 16 10.76 6 -6.846 10.73 5.98 -6.891 10.69 6.02 -6.951 10.83 6.17 -6.741
3 16 11.421 14.908 -5.857 11.365 14.975 -5.941 11.559 15.028 -5.65
4 16 10.474 17 -7.274 12.011 17 -4.974 10.474 16.559 -7.274 10.381 16.89 -7.413
4 16 9.63 6.83 -8.537 9.5 5.69 -8.731 9.192 5.25 -9.192 9.192 15.063 -9.192
3 16 -8.928 15.063 -9.368 -9.112 15.111 -9.245 -9.029 15.179 -9.301
3 16 -4.975 7.981 -12.01 -6.6 12.16 -10.924 -6.2 11.85 -11.192
3 16 -8.96 16.8 -9.347 -9.192 17 -9.192 -8.89 17 -9.394
3 16 -6.61 5.55 -10.918 -6.82 6.01 -10.777 -4.975 7.981 -12.01
3 16 -6.82 6.01 -10.777 -6.91 6.16 -10.717 -4.975 7.981 -12.01
4 16 -4.975 7.981 -12.01 -6.91 6.16 -10.717 -6.96 6.15 -10.684 -6.6 12.16 -10.924
4 16 -8.98 6.65 -9.334 -9.09 6.7 -9.26 -9.192 15.063 -9.192 -8.31 13.37 -9.781
4 16 -8.928 15.737 -9.368 -8.96 16.8 -9.347 -8.27 16.39 -9.808 -7.88 15.87 -10.069
4 16 -4.975 7.981 -12.01 -6.2 11.85 -11.192 -5.63 11.62 -11.573 -4.975 9.5 -12.01
3 16 -8.988 18.273 -8.939 -8.981 18.2 -8.981 -9.17 18.2 -8.699
3 16 -10.15 17.198 -7.672 -10.474 17.221 -7.177 -9.946 17.221 -7.967
3 16 -9.192 17 -9.192 -9.946 17 -8.064 -9.946 17.221 -7.967
3 16 -8.988 18.273 -8.939 -8.969 18.27 -8.969 -8.981 18.2 -8.981
3 16 -10.059 17.108 -7.847 -10.095 17.175 -7.764 -9.946 17.221 -7.967
4 16 -6.99 12.74 -10.664 -6.6 12.16 -10.924 -6.96 6.15 -10.684 -7.03 6.07 -10.637
3 16 -10.095 17.175 -7.764 -10.15 17.198 -7.672 -9.946 17.221 -7.967
3 16 -9.17 18.2 -8.699 -9.034 18.309 -8.854 -8.988 18.273 -8.939
4 16 -11.29 6.06 -6.053 -11.35 6.89 -5.963 -11.03 6.18 -6.442 -11.16 5.85 -6.247
4 16 -11.23 5.82 -6.143 -11.29 6.06 -6.053 -11.16 5.85 -6.247 -11.2 5.8 -6.187
3 16 -10.843 13.008 -6.722 -10.645 13.065 -7.018 -10.58 13.042 -7.115
3 16 -10.843 13.008 -6.722 -10.751 13.35 -6.859 -10.738 13.232 -6.879
3 16 -9.192 6.67 -9.192 -10.37 7.92 -7.429 -10.4 8.14 -7.385
4 16 -11.45 8.29 -5.813 -11.48 8.33 -5.769 -10.45 8.14 -7.31 -10.51 8.04 -7.22
4 16 -10.18 4 -7.714 -10.36 4 -7.444 -10.41 4.56 -7.37 -10.06 4.31 -7.893
4 16 -11.35 6.89 -5.963 -11.41 8 -5.873 -10.69 7.47 -6.951 -11.03 6.18 -6.442
3 16 -9.192 6.67 -9.192 -9.192 15.063 -9.192 -9.09 6.7 -9.26
4 16 -8.57 5.44 -9.608 -7.22 5.51 -10.51 -7.33 4.68 -10.436 -8.35 4.46 -9.755
4 16 -8.82 6.36 -9.441 -8.98 6.65 -9.334 -8.31 13.37 -9.781 -7.03 6.07 -10.637
4 16 -8.35 4.46 -9.755 -7.33 4.68 -10.436 -7.35 4 -10.423 -8.23 4 -9.835
3 16 -10.317 13.008 -7.509 -10.459 13.132 -7.296 -10.422 13.232 -7.352
3 16 -10.843 13.008 -6.722 -10.738 13.232 -6.879 -10.701 13.132 -6.934
3 16 -10.843 13.008 -6.722 -10.701 13.132 -6.934 -10.645 13.065 -7.018
3 16 -10.317 13.008 -7.509 -10.515 13.065 -7.212 -10.459 13.132 -7.296
3 16 -11.38 2.469 -5.247 -11.659 2.469 -4.83 -12.011 4 -4.973
3 16 -10.28 3.86 -7.503 -10.33 3.9 -7.445 -10.23 3.92 -7.604
4 16 -9.946 17.221 -7.967 -9.946 17 -8.064 -10.052 17 -7.905 -10.059 17.108 -7.847
3 16 8.923 18.733 -8.625 8.854 18.785 -8.652 9.17 18.9 -8.01
4 16 -10.33 3.9 -7.445 -10.36 4 -7.444 -10.18 4 -7.714 -10.23 3.92 -7.604
4 16 9.17 18.9 -8.01 8.704 18.902 -8.704 8.157 19.828 -8.157 10.658 19.828 -4.414
4 16 -9.159 0.305 -3.794 -8.51 0.7 -6.07 -7.154 0.414 -7.154 -7.01 0.305 -7.01
4 16 -9.159 0.305 -3.794 -10.658 1.172 -4.414 -9.79 1.172 -5.713 -8.51 0.7 -6.07
4 16 9.036 18.611 -8.636 8.974 18.68 -8.627 9.17 18.9 -8.01 9.17 18.531 -8.553
3 16 9.17 18.531 -8.553 9.077 18.531 -8.693 9.036 18.611 -8.636
4 16 8.854 18.785 -8.652 8.784 18.821 -8.703 8.704 18.902 -8.704 9.17 18.9 -8.01
3 16 8.784 18.821 -8.703 8.744 18.834 -8.744 8.704 18.902 -8.704
4 16 -9.17 18.2 -8.699 -8.981 18.2 -8.981 -9.192 17 -9.192 -9.946 17.221 -7.967
4 16 -10.368 17 -7.432 -10.474 17 -7.274 -10.474 17.221 -7.177 -10.301 17.108 -7.485
4 16 -10.474 17.221 -7.177 -10.474 17 -7.274 -12.011 17 -4.974 -11.659 18.531 -4.83
4 16 -9.946 17.221 -7.967 -10.474 17.221 -7.177 -11.659 18.531 -4.83 -9.17 18.2 -8.699
3 16 -7.22 2.42 -10.013 -7.37 2.469 -9.961 -7.23 2.469 -10.055
3 16 -4.975 9.5 -12.01 -5.63 11.62 -11.573 -4.975 11.019 -12.01
3 16 -9.192 15.063 -9.192 -9.192 15.091 -9.192 -9.112 15.111 -9.245
4 16 -9.192 15.063 -9.192 -9.112 15.111 -9.245 -8.928 15.063 -9.368 -8.31 14.05 -9.781
3 16 -10.235 17.175 -7.555 -10.474 17.221 -7.177 -10.15 17.198 -7.672
4 16 -9.17 18.2 -8.699 -11.659 18.531 -4.83 -9.17 18.531 -8.553 -9.065 18.377 -8.778
3 16 -9.08 18.49 -8.706 -9.17 18.531 -8.553 -9.077 18.531 -8.693
3 16 -10.301 17.108 -7.485 -10.474 17.221 -7.177 -10.235 17.175 -7.555
4 16 9.17 18.9 -8.01 10.658 19.828 -4.414 11.659 18.531 -4.83 9.17 18.531 -8.553
4 16 -8.157 19.828 -8.157 -10.658 19.828 -4.414 -9.159 20.695 -3.794 -7.01 20.695 -7.01
3 16 8.974 18.68 -8.627 8.923 18.733 -8.625 9.17 18.9 -8.01
4 16 7.01 20.695 -7.01 5.657 21 -5.657 7.391 21 -3.062 9.159 20.695 -3.794
3 16 -9.065 18.377 -8.778 -9.17 18.531 -8.553 -9.08 18.49 -8.706
3 16 -5.657 0 -5.657 -7.01 0.305 -7.01 -5.77 0.305 -7.839
4 16 -5.657 0 -5.657 -5.77 0.305 -7.839 -3.794 0.305 -9.159 -3.062 0 -7.391
3 16 -9.17 18.2 -8.699 -9.065 18.377 -8.778 -9.034 18.309 -8.854
5 24 -7.391 0 -3.062 -9.159 0.305 -3.794 -8 0 0 -5.657 0 -5.657
5 24 -9.159 0.305 -3.794 -10.658 1.172 -4.414 -9.914 0.305 0 -7.01 0.305 -7.01
5 24 -10.658 1.172 -4.414 -11.659 2.469 -4.83 -11.535 1.172 0 -8.157 1.172 -8.157
5 24 -11.659 2.469 -4.83 -12.01 4 -4.975 -12.619 2.469 0 -8.923 2.469 -8.923
5 24 -12.011 17 -4.975 -12.011 4 -4.975 -9.192 17 -9.192 -13 17 0
5 24 -11.659 18.531 -4.83 -12.01 17 -4.975 -8.923 18.531 -8.923 -12.619 18.531 0
5 24 -10.658 19.828 -4.414 -11.659 18.531 -4.83 -8.157 19.828 -8.157 -11.535 19.828 0
5 24 -9.159 20.695 -3.794 -10.658 19.828 -4.414 -7.01 20.695 -7.01 -9.914 20.695 0
5 24 -7.391 21 -3.062 -9.159 20.695 -3.794 -5.657 21 -5.657 -8 21 0
5 24 -5.657 0 -5.657 -7.01 0.305 -7.01 -7.391 0 -3.062 -3.062 0 -7.391
5 24 -7.01 0.305 -7.01 -8.157 1.172 -8.157 -9.159 0.305 -3.794 -3.794 0.305 -9.159
5 24 -8.157 1.172 -8.157 -8.923 2.469 -8.923 -10.658 1.172 -4.414 -4.414 1.172 -10.658
5 24 -8.923 2.469 -8.923 -9.192 4 -9.192 -11.659 2.469 -4.83 -4.83 2.469 -11.659
5 24 -9.192 17 -9.192 -9.192 4 -9.192 -4.975 17 -12.011 -12.011 17 -4.975
5 24 -8.923 18.531 -8.923 -9.192 17 -9.192 -4.83 18.531 -11.659 -11.659 18.531 -4.83
5 24 -8.157 19.828 -8.157 -8.923 18.531 -8.923 -4.414 19.828 -10.658 -10.658 19.828 -4.414
5 24 -7.01 20.695 -7.01 -8.157 19.828 -8.157 -3.794 20.695 -9.159 -9.159 20.695 -3.794
5 24 -5.657 21 -5.657 -7.01 20.695 -7.01 -3.062 21 -7.391 -7.391 21 -3.062
5 24 -3.062 0 -7.391 -3.794 0.305 -9.159 -5.657 0 -5.657 0 0 -8
5 24 -3.794 0.305 -9.159 -4.414 1.172 -10.658 -7.01 0.305 -7.01 0 0.305 -9.914
5 24 -4.414 1.172 -10.658 -4.83 2.469 -11.659 -8.157 1.172 -8.157 0 1.172 -11.535
5 24 -4.83 2.469 -11.659 -4.975 4 -12.01 -8.923 2.469 -8.923 0 2.469 -12.619
5 24 -4.975 17 -12.011 -4.975 4 -12.011 0 17 -13 -9.192 17 -9.192
5 24 -4.83 18.531 -11.659 -4.975 17 -12.01 0 18.531 -12.619 -8.923 18.531 -8.923
5 24 -4.414 19.828 -10.658 -4.83 18.531 -11.659 0 19.828 -11.535 -8.157 19.828 -8.157
5 24 -3.794 20.695 -9.159 -4.414 19.828 -10.658 0 20.695 -9.914 -7.01 20.695 -7.01
5 24 -3.062 21 -7.391 -3.794 20.695 -9.159 0 21 -8 -5.657 21 -5.657
5 24 0 0 -8 0 0.305 -9.913 -3.061 0 -7.391 3.061 0 -7.391
5 24 0 0.305 -9.913 0 1.172 -11.535 -3.794 0.305 -9.159 3.794 0.305 -9.159
5 24 0 1.172 -11.535 0 2.469 -12.619 -4.415 1.172 -10.658 4.415 1.172 -10.658
5 24 0 2.469 -12.619 0 4 -12.999 -4.829 2.469 -11.659 4.829 2.469 -11.659
5 24 0 17 -13 0 4 -13 -4.975 17 -12.011 4.975 17 -12.011
5 24 0 18.531 -12.619 0 17 -12.999 4.829 18.531 -11.659 -4.829 18.531 -11.659
5 24 0 19.828 -11.535 0 18.531 -12.619 4.415 19.828 -10.658 -4.415 19.828 -10.658
5 24 0 20.695 -9.913 0 19.828 -11.535 3.794 20.695 -9.159 -3.794 20.695 -9.159
5 24 0 21 -8 0 20.695 -9.913 3.061 21 -7.391 -3.061 21 -7.391
5 24 3.062 0 -7.391 3.794 0.305 -9.159 5.657 0 -5.657 0 0 -8
5 24 3.794 0.305 -9.159 4.414 1.172 -10.658 7.01 0.305 -7.01 0 0.305 -9.914
5 24 4.414 1.172 -10.658 4.83 2.469 -11.659 8.157 1.172 -8.157 0 1.172 -11.535
5 24 4.83 2.469 -11.659 4.975 4 -12.01 8.923 2.469 -8.923 0 2.469 -12.619
5 24 4.975 17 -12.011 4.975 4 -12.011 9.192 17 -9.192 0 17 -13
5 24 4.83 18.531 -11.659 4.975 17 -12.01 8.923 18.531 -8.923 0 18.531 -12.619
5 24 4.414 19.828 -10.658 4.83 18.531 -11.659 8.157 19.828 -8.157 0 19.828 -11.535
5 24 3.794 20.695 -9.159 4.414 19.828 -10.658 7.01 20.695 -7.01 0 20.695 -9.914
5 24 3.062 21 -7.391 3.794 20.695 -9.159 5.657 21 -5.657 0 21 -8
5 24 5.657 0 -5.657 7.01 0.305 -7.01 7.391 0 -3.062 3.062 0 -7.391
5 24 7.01 0.305 -7.01 8.157 1.172 -8.157 9.159 0.305 -3.794 3.794 0.305 -9.159
5 24 8.157 1.172 -8.157 8.923 2.469 -8.923 10.658 1.172 -4.414 4.414 1.172 -10.658
5 24 8.923 2.469 -8.923 9.192 4 -9.192 11.659 2.469 -4.83 4.83 2.469 -11.659
5 24 9.192 17 -9.192 9.192 4 -9.192 12.011 17 -4.975 4.975 17 -12.011
5 24 8.923 18.531 -8.923 9.192 17 -9.192 11.659 18.531 -4.83 4.83 18.531 -11.659
5 24 8.157 19.828 -8.157 8.923 18.531 -8.923 10.658 19.828 -4.414 4.414 19.828 -10.658
5 24 7.01 20.695 -7.01 8.157 19.828 -8.157 9.159 20.695 -3.794 3.794 20.695 -9.159
5 24 5.657 21 -5.657 7.01 20.695 -7.01 7.391 21 -3.062 3.062 21 -7.391
5 24 7.391 0 -3.062 9.159 0.305 -3.794 8 0 0 5.657 0 -5.657
5 24 9.159 0.305 -3.794 10.658 1.172 -4.414 9.914 0.305 0 7.01 0.305 -7.01
5 24 10.658 1.172 -4.414 11.659 2.469 -4.83 11.535 1.172 0 8.157 1.172 -8.157
5 24 11.659 2.469 -4.83 12.01 4 -4.975 12.619 2.469 0 8.923 2.469 -8.923
5 24 12.011 17 -4.975 12.011 4 -4.975 13 17 0 9.192 17 -9.192
5 24 11.659 18.531 -4.83 12.01 17 -4.975 8.923 18.531 -8.923 12.619 18.531 0
5 24 10.658 19.828 -4.414 11.659 18.531 -4.83 8.157 19.828 -8.157 11.535 19.828 0
5 24 9.159 20.695 -3.794 10.658 19.828 -4.414 7.01 20.695 -7.01 9.914 20.695 0
5 24 7.391 21 -3.062 9.159 20.695 -3.794 5.657 21 -5.657 8 21 0
5 24 -5.657 0 -5.657 -7.391 0 -3.062 -7.01 0.305 -7.01 -4.192 0 -4.192
5 24 -7.01 0.305 -7.01 -9.159 0.305 -3.794 -8.157 1.172 -8.157 -5.657 0 -5.657
5 24 -8.157 1.172 -8.157 -10.658 1.172 -4.414 -8.923 2.469 -8.923 -7.01 0.305 -7.01
5 24 -8.923 2.469 -8.923 -11.659 2.469 -4.83 -9.192 4 -9.192 -8.157 1.172 -8.157
5 24 -9.192 4 -9.192 -12.01 4 -4.975 -9.192 5.657 -9.192 -8.923 2.469 -8.923
5 24 -12.01 17 -4.975 -9.192 17 -9.192 -12.01 15.343 -4.975 -11.659 18.531 -4.83
5 24 -11.659 18.531 -4.83 -8.923 18.531 -8.923 -12.01 17 -4.975 -10.658 19.828 -4.414
5 24 -10.658 19.828 -4.414 -8.157 19.828 -8.157 -11.659 18.531 -4.83 -9.159 20.695 -3.794
5 24 -9.159 20.695 -3.794 -7.01 20.695 -7.01 -10.658 19.828 -4.414 -7.391 21 -3.062
5 24 -7.391 21 -3.062 -5.657 21 -5.657 -9.159 20.695 -3.794 -5.478 21 -2.269
5 24 -3.062 0 -7.391 -5.657 0 -5.657 -3.794 0.305 -9.159 -2.269 0 -5.478
5 24 -3.794 0.305 -9.159 -7.01 0.305 -7.01 -4.414 1.172 -10.658 -3.062 0 -7.391
5 24 -4.414 1.172 -10.658 -8.157 1.172 -8.157 -4.83 2.469 -11.659 -3.794 0.305 -9.159
5 24 -4.83 2.469 -11.659 -8.923 2.469 -8.923 -4.975 4 -12.01 -4.414 1.172 -10.658
5 24 -4.975 4 -12.01 -9.192 4 -9.192 -4.975 5.657 -12.01 -4.83 2.469 -11.659
5 24 -9.192 17 -9.192 -4.975 17 -12.01 -9.192 15.343 -9.192 -8.923 18.531 -8.923
5 24 -8.923 18.531 -8.923 -4.83 18.531 -11.659 -9.192 17 -9.192 -8.157 19.828 -8.157
5 24 -8.157 19.828 -8.157 -4.414 19.828 -10.658 -8.923 18.531 -8.923 -7.01 20.695 -7.01
5 24 -7.01 20.695 -7.01 -3.794 20.695 -9.159 -8.157 19.828 -8.157 -5.657 21 -5.657
5 24 -5.657 21 -5.657 -3.062 21 -7.391 -7.01 20.695 -7.01 -4.192 21 -4.192
5 24 0 0 -8 -3.062 0 -7.391 0 0.305 -9.914 0 0 -5.929
5 24 0 0.305 -9.914 -3.794 0.305 -9.159 0 1.172 -11.535 0 0 -8
5 24 0 1.172 -11.535 -4.414 1.172 -10.658 0 2.469 -12.619 0 0.305 -9.914
5 24 0 2.469 -12.619 -4.83 2.469 -11.659 0 4 -13 0 1.172 -11.535
5 24 0 4 -13 -4.975 4 -12.01 0 5.657 -13 0 2.469 -12.619
5 24 -4.975 17 -12.01 0 17 -13 -4.975 15.343 -12.01 -4.83 18.531 -11.659
5 24 -4.83 18.531 -11.659 0 18.531 -12.619 -4.975 17 -12.01 -4.414 19.828 -10.658
5 24 -4.414 19.828 -10.658 0 19.828 -11.535 -4.83 18.531 -11.659 -3.794 20.695 -9.159
5 24 -3.794 20.695 -9.159 0 20.695 -9.914 -4.414 19.828 -10.658 -3.062 21 -7.391
5 24 -3.062 21 -7.391 0 21 -8 -3.794 20.695 -9.159 -2.269 21 -5.478
5 24 0 0 -8 3.062 0 -7.391 0 0.305 -9.914 0 0 -5.929
5 24 0 0.305 -9.914 3.794 0.305 -9.159 0 1.172 -11.535 0 0 -8
5 24 0 1.172 -11.535 4.414 1.172 -10.658 0 2.469 -12.619 0 0.305 -9.914
5 24 0 2.469 -12.619 4.83 2.469 -11.659 0 4 -13 0 1.172 -11.535
5 24 0 4 -13 4.975 4 -12.01 0 5.657 -13 0 2.469 -12.619
5 24 4.975 17 -12.01 0 17 -13 4.975 15.343 -12.01 4.83 18.531 -11.659
5 24 4.83 18.531 -11.659 0 18.531 -12.619 4.975 17 -12.01 4.414 19.828 -10.658
5 24 4.414 19.828 -10.658 0 19.828 -11.535 4.83 18.531 -11.659 3.794 20.695 -9.159
5 24 3.794 20.695 -9.159 0 20.695 -9.914 4.414 19.828 -10.658 3.062 21 -7.391
5 24 3.062 21 -7.391 0 21 -8 3.794 20.695 -9.159 2.269 21 -5.478
5 24 3.062 0 -7.391 5.657 0 -5.657 3.794 0.305 -9.159 2.269 0 -5.478
5 24 3.794 0.305 -9.159 7.01 0.305 -7.01 4.414 1.172 -10.658 3.062 0 -7.391
5 24 4.414 1.172 -10.658 8.157 1.172 -8.157 4.83 2.469 -11.659 3.794 0.305 -9.159
5 24 4.83 2.469 -11.659 8.923 2.469 -8.923 4.975 4 -12.01 4.414 1.172 -10.658
5 24 4.975 4 -12.01 9.192 4 -9.192 4.975 5.657 -12.01 4.83 2.469 -11.659
5 24 9.192 17 -9.192 4.975 17 -12.01 9.192 15.343 -9.192 8.923 18.531 -8.923
5 24 8.923 18.531 -8.923 4.83 18.531 -11.659 9.192 17 -9.192 8.157 19.828 -8.157
5 24 8.157 19.828 -8.157 4.414 19.828 -10.658 8.923 18.531 -8.923 7.01 20.695 -7.01
5 24 7.01 20.695 -7.01 3.794 20.695 -9.159 8.157 19.828 -8.157 5.657 21 -5.657
5 24 5.657 21 -5.657 3.062 21 -7.391 7.01 20.695 -7.01 4.192 21 -4.192
5 24 5.657 0 -5.657 7.391 0 -3.062 7.01 0.305 -7.01 4.192 0 -4.192
5 24 7.01 0.305 -7.01 9.159 0.305 -3.794 8.157 1.172 -8.157 5.657 0 -5.657
5 24 8.157 1.172 -8.157 10.658 1.172 -4.414 8.923 2.469 -8.923 7.01 0.305 -7.01
5 24 8.923 2.469 -8.923 11.659 2.469 -4.83 9.192 4 -9.192 8.157 1.172 -8.157
5 24 9.192 4 -9.192 12.01 4 -4.975 9.192 5.657 -9.192 8.923 2.469 -8.923
5 24 12.01 17 -4.975 9.192 17 -9.192 12.01 15.343 -4.975 11.659 18.531 -4.83
5 24 11.659 18.531 -4.83 8.923 18.531 -8.923 12.01 17 -4.975 10.658 19.828 -4.414
5 24 10.658 19.828 -4.414 8.157 19.828 -8.157 11.659 18.531 -4.83 9.159 20.695 -3.794
5 24 9.159 20.695 -3.794 7.01 20.695 -7.01 10.658 19.828 -4.414 7.391 21 -3.062
5 24 7.391 21 -3.062 5.657 21 -5.657 9.159 20.695 -3.794 5.478 21 -2.269
