0 Tyre  6/ 50 x  8 Offset Tread
0 Name: 3641.dat
0 Author: James Jessiman
0 !LDRAW_ORG Part UPDATE 2010-02
0 !LICENSE Redistributable under CCAL version 2.0 : see CAreadme.txt

0 BFC CERTIFY CCW
0 !KEYWORDS Town, Tire
0 !CMDLINE -c256

0 !HISTORY 1998-06-20 [PTadmin] Official Update 1998-06
0 !HISTORY 2003-01-23 [sbliss] Completed header; BFC'ed
0 !HISTORY 2003-08-01 [PTadmin] Official Update 2003-02
0 !HISTORY 2007-06-29 [PTadmin] Header formatted for Contributor Agreement
0 !HISTORY 2008-07-01 [PTadmin] Official Update 2008-01
0 !HISTORY 2008-07-07 [tcobbs] Fixed bow-tie quads (not good in BFC'ed file) (2004-08-10)
0 !HISTORY 2008-07-08 [guyvivan] Add inner detail (2004-12-19)
0 !HISTORY 2010-07-05 [PTadmin] Official Update 2010-02

0 // Nomenclature: width_(mm)/profile_as_%age_of_width x rim_diameter_(mm)



2 24 0 14 -8 2.7313 13.731 -8
2 24 3.5116 17.6541 -8 6.8883 16.6298 -8
2 24 0 18 8 3.5116 17.6541 8
2 24 2.7313 13.731 8 5.3576 12.9343 8
2 24 0 14 0 2.7313 13.731 0
2 24 2.7313 13.731 0 5.3576 12.9343 0
2 24 0 18 0 3.5116 17.6541 0
2 24 3.5116 17.6541 0 6.8883 16.6298 0
2 24 0 14 -8 0 18 -8
2 24 2.7313 13.731 -8 3.5116 17.6541 -8
2 24 0 14 8 0 18 8
2 24 2.7313 13.731 8 3.5116 17.6541 8
2 24 0 14 0 0 18 0
2 24 2.7313 13.731 0 3.5116 17.6541 0
2 24 0 14 8 0 14 -8
2 24 2.7313 13.731 8 2.7313 13.731 -8
2 24 0 18 8 0 18 -8
2 24 3.5116 17.6541 8 3.5116 17.6541 -8
4 16 0 10 -8 0 14 -8 2.7313 13.731 -8 1.9509 9.8079 -8
4 16 1.9509 9.8079 -8 3.5116 17.6541 -8 6.8883 16.6298 -8 3.8268 9.2388 -8
4 16 3.5116 17.6541 8 0 18 8 0 10 8 1.9509 9.8079 8
4 16 5.3576 12.9343 8 2.7313 13.731 8 1.9509 9.8079 8 3.8268 9.2388 8
4 16 0 18 0 0 18 8 3.5116 17.6541 8 3.5116 17.6541 0
4 16 6.8883 16.6298 -8 3.5116 17.6541 -8 3.5116 17.6541 0 6.8883 16.6298 0
4 16 2.7313 13.731 -8 0 14 -8 0 14 0 2.7313 13.731 0
4 16 2.7313 13.731 0 2.7313 13.731 8 5.3576 12.9343 8 5.3576 12.9343 0
4 16 0 14 0 0 18 0 3.5116 17.6541 0 2.7313 13.731 0
4 16 6.8883 16.6298 0 3.5116 17.6541 0 2.7313 13.731 0 5.3576 12.9343 0
4 16 0 14 8 0 18 8 0 18 0 0 14 0
4 16 0 18 -8 0 18 0 0 14 0 0 14 -8
4 16 3.5116 17.6541 0 3.5116 17.6541 8 2.7313 13.731 8 2.7313 13.731 0
4 16 3.5116 17.6541 -8 2.7313 13.731 -8 2.7313 13.731 0 3.5116 17.6541 0
2 24 5.3576 12.9343 -8 7.778 11.6406 -8
2 24 10.0002 14.9664 -8 12.7279 12.7279 -8
2 24 6.8883 16.6298 8 10.0002 14.9664 8
2 24 7.778 11.6406 8 9.8995 9.8995 8
2 24 5.3576 12.9343 0 7.778 11.6406 0
2 24 7.778 11.6406 0 9.8995 9.8995 0
2 24 6.8883 16.6298 0 10.0002 14.9664 0
2 24 10.0002 14.9664 0 12.7279 12.7279 0
2 24 5.3576 12.9343 -8 6.8883 16.6298 -8
2 24 7.778 11.6406 -8 10.0002 14.9664 -8
2 24 5.3576 12.9343 8 6.8883 16.6298 8
2 24 7.778 11.6406 8 10.0002 14.9664 8
2 24 5.3576 12.9343 0 6.8883 16.6298 0
2 24 7.778 11.6406 0 10.0002 14.9664 0
2 24 5.3576 12.9343 8 5.3576 12.9343 -8
2 24 7.778 11.6406 8 7.778 11.6406 -8
2 24 6.8883 16.6298 8 6.8883 16.6298 -8
2 24 10.0002 14.9664 8 10.0002 14.9664 -8
4 16 3.8268 9.2388 -8 5.3576 12.9343 -8 7.778 11.6406 -8 5.5557 8.3147 -8
4 16 5.5557 8.3147 -8 10.0002 14.9664 -8 12.7279 12.7279 -8 7.071 7.0711 -8
4 16 10.0002 14.9664 8 6.8883 16.6298 8 3.8268 9.2388 8 5.5557 8.3147 8
4 16 9.8995 9.8995 8 7.778 11.6406 8 5.5557 8.3147 8 7.071 7.0711 8
4 16 6.8883 16.6298 0 6.8883 16.6298 8 10.0002 14.9664 8 10.0002 14.9664 0
4 16 12.7279 12.7279 -8 10.0002 14.9664 -8 10.0002 14.9664 0 12.7279 12.7279 0
4 16 7.778 11.6406 -8 5.3576 12.9343 -8 5.3576 12.9343 0 7.778 11.6406 0
4 16 7.778 11.6406 0 7.778 11.6406 8 9.8995 9.8995 8 9.8995 9.8995 0
4 16 5.3576 12.9343 0 6.8883 16.6298 0 10.0002 14.9664 0 7.778 11.6406 0
4 16 12.7279 12.7279 0 10.0002 14.9664 0 7.778 11.6406 0 9.8995 9.8995 0
4 16 5.3576 12.9343 8 6.8883 16.6298 8 6.8883 16.6298 0 5.3576 12.9343 0
4 16 6.8883 16.6298 -8 6.8883 16.6298 0 5.3576 12.9343 0 5.3576 12.9343 -8
4 16 10.0002 14.9664 0 10.0002 14.9664 8 7.778 11.6406 8 7.778 11.6406 0
4 16 10.0002 14.9664 -8 7.778 11.6406 -8 7.778 11.6406 0 10.0002 14.9664 0
2 24 9.8995 9.8995 -8 11.6406 7.778 -8
2 24 14.9664 10.0003 -8 16.6298 6.8883 -8
2 24 12.7279 12.7279 8 14.9664 10.0003 8
2 24 11.6406 7.778 8 12.9343 5.3575 8
2 24 9.8995 9.8995 0 11.6406 7.778 0
2 24 11.6406 7.778 0 12.9343 5.3575 0
2 24 12.7279 12.7279 0 14.9664 10.0003 0
2 24 14.9664 10.0003 0 16.6298 6.8883 0
2 24 9.8995 9.8995 -8 12.7279 12.7279 -8
2 24 11.6406 7.778 -8 14.9664 10.0003 -8
2 24 9.8995 9.8995 8 12.7279 12.7279 8
2 24 11.6406 7.778 8 14.9664 10.0003 8
2 24 9.8995 9.8995 0 12.7279 12.7279 0
2 24 11.6406 7.778 0 14.9664 10.0003 0
2 24 9.8995 9.8995 8 9.8995 9.8995 -8
2 24 11.6406 7.778 8 11.6406 7.778 -8
2 24 12.7279 12.7279 8 12.7279 12.7279 -8
2 24 14.9664 10.0003 8 14.9664 10.0003 -8
4 16 7.0711 7.0711 -8 9.8995 9.8995 -8 11.6406 7.778 -8 8.3147 5.5557 -8
4 16 8.3147 5.5557 -8 14.9664 10.0003 -8 16.6298 6.8883 -8 9.2388 3.8269 -8
4 16 14.9664 10.0003 8 12.7279 12.7279 8 7.0711 7.0711 8 8.3147 5.5557 8
4 16 12.9343 5.3575 8 11.6406 7.778 8 8.3147 5.5557 8 9.2388 3.8269 8
4 16 12.7279 12.7279 0 12.7279 12.7279 8 14.9664 10.0003 8 14.9664 10.0003 0
4 16 16.6298 6.8883 -8 14.9664 10.0003 -8 14.9664 10.0003 0 16.6298 6.8883 0
4 16 11.6406 7.778 -8 9.8995 9.8995 -8 9.8995 9.8995 0 11.6406 7.778 0
4 16 11.6406 7.778 0 11.6406 7.778 8 12.9343 5.3575 8 12.9343 5.3575 0
4 16 9.8995 9.8995 0 12.7279 12.7279 0 14.9664 10.0003 0 11.6406 7.778 0
4 16 16.6298 6.8883 0 14.9664 10.0003 0 11.6406 7.778 0 12.9343 5.3575 0
4 16 9.8995 9.8995 8 12.7279 12.7279 8 12.7279 12.7279 0 9.8995 9.8995 0
4 16 12.7279 12.7279 -8 12.7279 12.7279 0 9.8995 9.8995 0 9.8995 9.8995 -8
4 16 14.9664 10.0003 0 14.9664 10.0003 8 11.6406 7.778 8 11.6406 7.778 0
4 16 14.9664 10.0003 -8 11.6406 7.778 -8 11.6406 7.778 0 14.9664 10.0003 0
2 24 12.9343 5.3575 -8 13.731 2.7313 -8
2 24 17.6541 3.5116 -8 18 0 -8
2 24 16.6298 6.8883 8 17.6541 3.5116 8
2 24 13.731 2.7313 8 14 0 8
2 24 12.9343 5.3575 0 13.731 2.7313 0
2 24 13.731 2.7313 0 14 0 0
2 24 16.6298 6.8883 0 17.6541 3.5116 0
2 24 17.6541 3.5116 0 18 0 0
2 24 12.9343 5.3575 -8 16.6298 6.8883 -8
2 24 13.731 2.7313 -8 17.6541 3.5116 -8
2 24 12.9343 5.3575 8 16.6298 6.8883 8
2 24 13.731 2.7313 8 17.6541 3.5116 8
2 24 12.9343 5.3575 0 16.6298 6.8883 0
2 24 13.731 2.7313 0 17.6541 3.5116 0
2 24 12.9343 5.3575 8 12.9343 5.3575 -8
2 24 13.731 2.7313 8 13.731 2.7313 -8
2 24 16.6298 6.8883 8 16.6298 6.8883 -8
2 24 17.6541 3.5116 8 17.6541 3.5116 -8
4 16 9.2388 3.8269 -8 12.9343 5.3575 -8 13.731 2.7313 -8 9.8079 1.9509 -8
4 16 9.8079 1.9509 -8 17.6541 3.5116 -8 18 0 -8 10 0.0001 -8
4 16 17.6541 3.5116 8 16.6298 6.8883 8 9.2388 3.8269 8 9.8079 1.9509 8
4 16 14 0 8 13.731 2.7313 8 9.8079 1.9509 8 10 0.0001 8
4 16 16.6298 6.8883 0 16.6298 6.8883 8 17.6541 3.5116 8 17.6541 3.5116 0
4 16 18 0 -8 17.6541 3.5116 -8 17.6541 3.5116 0 18 0 0
4 16 13.731 2.7313 -8 12.9343 5.3575 -8 12.9343 5.3575 0 13.731 2.7313 0
4 16 13.731 2.7313 0 13.731 2.7313 8 14 0 8 14 0 0
4 16 12.9343 5.3575 0 16.6298 6.8883 0 17.6541 3.5116 0 13.731 2.7313 0
4 16 18 0 0 17.6541 3.5116 0 13.731 2.7313 0 14 0 0
4 16 12.9343 5.3575 8 16.6298 6.8883 8 16.6298 6.8883 0 12.9343 5.3575 0
4 16 16.6298 6.8883 -8 16.6298 6.8883 0 12.9343 5.3575 0 12.9343 5.3575 -8
4 16 17.6541 3.5116 0 17.6541 3.5116 8 13.731 2.7313 8 13.731 2.7313 0
4 16 17.6541 3.5116 -8 13.731 2.7313 -8 13.731 2.7313 0 17.6541 3.5116 0
2 24 14 0 -8 13.731 -2.7313 -8
2 24 17.6541 -3.5116 -8 16.6298 -6.8883 -8
2 24 18 0 8 17.6541 -3.5116 8
2 24 13.731 -2.7313 8 12.9343 -5.3576 8
2 24 14 0 0 13.731 -2.7313 0
2 24 13.731 -2.7313 0 12.9343 -5.3576 0
2 24 18 0 0 17.6541 -3.5116 0
2 24 17.6541 -3.5116 0 16.6298 -6.8883 0
2 24 14 0 -8 18 0 -8
2 24 13.731 -2.7313 -8 17.6541 -3.5116 -8
2 24 14 0 8 18 0 8
2 24 13.731 -2.7313 8 17.6541 -3.5116 8
2 24 14 0 0 18 0 0
2 24 13.731 -2.7313 0 17.6541 -3.5116 0
2 24 14 0 8 14 0 -8
2 24 13.731 -2.7313 8 13.731 -2.7313 -8
2 24 18 0 8 18 0 -8
2 24 17.6541 -3.5116 8 17.6541 -3.5116 -8
4 16 10 0 -8 14 0 -8 13.731 -2.7313 -8 9.8079 -1.9509 -8
4 16 9.8079 -1.9509 -8 17.6541 -3.5116 -8 16.6298 -6.8883 -8 9.2388 -3.8268 -8
4 16 17.6541 -3.5116 8 18 0 8 10 0 8 9.8079 -1.9509 8
4 16 12.9343 -5.3576 8 13.731 -2.7313 8 9.8079 -1.9509 8 9.2388 -3.8268 8
4 16 18 0 0 18 0 8 17.6541 -3.5116 8 17.6541 -3.5116 0
4 16 16.6298 -6.8883 -8 17.6541 -3.5116 -8 17.6541 -3.5116 0 16.6298 -6.8883 0
4 16 13.731 -2.7313 -8 14 0 -8 14 0 0 13.731 -2.7313 0
4 16 13.731 -2.7313 0 13.731 -2.7313 8 12.9343 -5.3576 8 12.9343 -5.3576 0
4 16 14 0 0 18 0 0 17.6541 -3.5116 0 13.731 -2.7313 0
4 16 16.6298 -6.8883 0 17.6541 -3.5116 0 13.731 -2.7313 0 12.9343 -5.3576 0
4 16 14 0 8 18 0 8 18 0 0 14 0 0
4 16 18 0 -8 18 0 0 14 0 0 14 0 -8
4 16 17.6541 -3.5116 0 17.6541 -3.5116 8 13.731 -2.7313 8 13.731 -2.7313 0
4 16 17.6541 -3.5116 -8 13.731 -2.7313 -8 13.731 -2.7313 0 17.6541 -3.5116 0
2 24 12.9343 -5.3576 -8 11.6406 -7.778 -8
2 24 14.9664 -10.0002 -8 12.7279 -12.7279 -8
2 24 16.6298 -6.8883 8 14.9664 -10.0002 8
2 24 11.6406 -7.778 8 9.8995 -9.8995 8
2 24 12.9343 -5.3576 0 11.6406 -7.778 0
2 24 11.6406 -7.778 0 9.8995 -9.8995 0
2 24 16.6298 -6.8883 0 14.9664 -10.0002 0
2 24 14.9664 -10.0002 0 12.7279 -12.7279 0
2 24 12.9343 -5.3576 -8 16.6298 -6.8883 -8
2 24 11.6406 -7.778 -8 14.9664 -10.0002 -8
2 24 12.9343 -5.3576 8 16.6298 -6.8883 8
2 24 11.6406 -7.778 8 14.9664 -10.0002 8
2 24 12.9343 -5.3576 0 16.6298 -6.8883 0
2 24 11.6406 -7.778 0 14.9664 -10.0002 0
2 24 12.9343 -5.3576 8 12.9343 -5.3576 -8
2 24 11.6406 -7.778 8 11.6406 -7.778 -8
2 24 16.6298 -6.8883 8 16.6298 -6.8883 -8
2 24 14.9664 -10.0002 8 14.9664 -10.0002 -8
4 16 9.2388 -3.8268 -8 12.9343 -5.3576 -8 11.6406 -7.778 -8 8.3147 -5.5557 -8
4 16 8.3147 -5.5557 -8 14.9664 -10.0002 -8 12.7279 -12.7279 -8 7.0711 -7.071 -8
4 16 14.9664 -10.0002 8 16.6298 -6.8883 8 9.2388 -3.8268 8 8.3147 -5.5557 8
4 16 9.8995 -9.8995 8 11.6406 -7.778 8 8.3147 -5.5557 8 7.0711 -7.071 8
4 16 16.6298 -6.8883 0 16.6298 -6.8883 8 14.9664 -10.0002 8 14.9664 -10.0002 0
4 16 12.7279 -12.7279 -8 14.9664 -10.0002 -8 14.9664 -10.0002 0 12.7279 -12.7279 0
4 16 11.6406 -7.778 -8 12.9343 -5.3576 -8 12.9343 -5.3576 0 11.6406 -7.778 0
4 16 11.6406 -7.778 0 11.6406 -7.778 8 9.8995 -9.8995 8 9.8995 -9.8995 0
4 16 12.9343 -5.3576 0 16.6298 -6.8883 0 14.9664 -10.0002 0 11.6406 -7.778 0
4 16 12.7279 -12.7279 0 14.9664 -10.0002 0 11.6406 -7.778 0 9.8995 -9.8995 0
4 16 12.9343 -5.3576 8 16.6298 -6.8883 8 16.6298 -6.8883 0 12.9343 -5.3576 0
4 16 16.6298 -6.8883 -8 16.6298 -6.8883 0 12.9343 -5.3576 0 12.9343 -5.3576 -8
4 16 14.9664 -10.0002 0 14.9664 -10.0002 8 11.6406 -7.778 8 11.6406 -7.778 0
4 16 14.9664 -10.0002 -8 11.6406 -7.778 -8 11.6406 -7.778 0 14.9664 -10.0002 0
2 24 9.8995 -9.8995 -8 7.778 -11.6406 -8
2 24 10.0003 -14.9664 -8 6.8883 -16.6298 -8
2 24 12.7279 -12.7279 8 10.0003 -14.9664 8
2 24 7.778 -11.6406 8 5.3575 -12.9343 8
2 24 9.8995 -9.8995 0 7.778 -11.6406 0
2 24 7.778 -11.6406 0 5.3575 -12.9343 0
2 24 12.7279 -12.7279 0 10.0003 -14.9664 0
2 24 10.0003 -14.9664 0 6.8883 -16.6298 0
2 24 9.8995 -9.8995 -8 12.7279 -12.7279 -8
2 24 7.778 -11.6406 -8 10.0003 -14.9664 -8
2 24 9.8995 -9.8995 8 12.7279 -12.7279 8
2 24 7.778 -11.6406 8 10.0003 -14.9664 8
2 24 9.8995 -9.8995 0 12.7279 -12.7279 0
2 24 7.778 -11.6406 0 10.0003 -14.9664 0
2 24 9.8995 -9.8995 8 9.8995 -9.8995 -8
2 24 7.778 -11.6406 8 7.778 -11.6406 -8
2 24 12.7279 -12.7279 8 12.7279 -12.7279 -8
2 24 10.0003 -14.9664 8 10.0003 -14.9664 -8
4 16 7.0711 -7.0711 -8 9.8995 -9.8995 -8 7.778 -11.6406 -8 5.5557 -8.3147 -8
4 16 5.5557 -8.3147 -8 10.0003 -14.9664 -8 6.8883 -16.6298 -8 3.8269 -9.2388 -8
4 16 10.0003 -14.9664 8 12.7279 -12.7279 8 7.0711 -7.0711 8 5.5557 -8.3147 8
4 16 5.3575 -12.9343 8 7.778 -11.6406 8 5.5557 -8.3147 8 3.8269 -9.2388 8
4 16 12.7279 -12.7279 0 12.7279 -12.7279 8 10.0003 -14.9664 8 10.0003 -14.9664 0
4 16 6.8883 -16.6298 -8 10.0003 -14.9664 -8 10.0003 -14.9664 0 6.8883 -16.6298 0
4 16 7.778 -11.6406 -8 9.8995 -9.8995 -8 9.8995 -9.8995 0 7.778 -11.6406 0
4 16 7.778 -11.6406 0 7.778 -11.6406 8 5.3575 -12.9343 8 5.3575 -12.9343 0
4 16 9.8995 -9.8995 0 12.7279 -12.7279 0 10.0003 -14.9664 0 7.778 -11.6406 0
4 16 6.8883 -16.6298 0 10.0003 -14.9664 0 7.778 -11.6406 0 5.3575 -12.9343 0
4 16 9.8995 -9.8995 8 12.7279 -12.7279 8 12.7279 -12.7279 0 9.8995 -9.8995 0
4 16 12.7279 -12.7279 -8 12.7279 -12.7279 0 9.8995 -9.8995 0 9.8995 -9.8995 -8
4 16 10.0003 -14.9664 0 10.0003 -14.9664 8 7.778 -11.6406 8 7.778 -11.6406 0
4 16 10.0003 -14.9664 -8 7.778 -11.6406 -8 7.778 -11.6406 0 10.0003 -14.9664 0
2 24 5.3575 -12.9343 -8 2.7313 -13.731 -8
2 24 3.5116 -17.6541 -8 0 -18 -8
2 24 6.8883 -16.6298 8 3.5116 -17.6541 8
2 24 2.7313 -13.731 8 0 -14 8
2 24 5.3575 -12.9343 0 2.7313 -13.731 0
2 24 2.7313 -13.731 0 0 -14 0
2 24 6.8883 -16.6298 0 3.5116 -17.6541 0
2 24 3.5116 -17.6541 0 0 -18 0
2 24 5.3575 -12.9343 -8 6.8883 -16.6298 -8
2 24 2.7313 -13.731 -8 3.5116 -17.6541 -8
2 24 5.3575 -12.9343 8 6.8883 -16.6298 8
2 24 2.7313 -13.731 8 3.5116 -17.6541 8
2 24 5.3575 -12.9343 0 6.8883 -16.6298 0
2 24 2.7313 -13.731 0 3.5116 -17.6541 0
2 24 5.3575 -12.9343 8 5.3575 -12.9343 -8
2 24 2.7313 -13.731 8 2.7313 -13.731 -8
2 24 6.8883 -16.6298 8 6.8883 -16.6298 -8
2 24 3.5116 -17.6541 8 3.5116 -17.6541 -8
4 16 3.8269 -9.2388 -8 5.3575 -12.9343 -8 2.7313 -13.731 -8 1.9509 -9.8079 -8
4 16 1.9509 -9.8079 -8 3.5116 -17.6541 -8 0 -18 -8 0.0001 -10 -8
4 16 3.5116 -17.6541 8 6.8883 -16.6298 8 3.8269 -9.2388 8 1.9509 -9.8079 8
4 16 0 -14 8 2.7313 -13.731 8 1.9509 -9.8079 8 0.0001 -10 8
4 16 6.8883 -16.6298 0 6.8883 -16.6298 8 3.5116 -17.6541 8 3.5116 -17.6541 0
4 16 0 -18 -8 3.5116 -17.6541 -8 3.5116 -17.6541 0 0 -18 0
4 16 2.7313 -13.731 -8 5.3575 -12.9343 -8 5.3575 -12.9343 0 2.7313 -13.731 0
4 16 2.7313 -13.731 0 2.7313 -13.731 8 0 -14 8 0 -14 0
4 16 5.3575 -12.9343 0 6.8883 -16.6298 0 3.5116 -17.6541 0 2.7313 -13.731 0
4 16 0 -18 0 3.5116 -17.6541 0 2.7313 -13.731 0 0 -14 0
4 16 5.3575 -12.9343 8 6.8883 -16.6298 8 6.8883 -16.6298 0 5.3575 -12.9343 0
4 16 6.8883 -16.6298 -8 6.8883 -16.6298 0 5.3575 -12.9343 0 5.3575 -12.9343 -8
4 16 3.5116 -17.6541 0 3.5116 -17.6541 8 2.7313 -13.731 8 2.7313 -13.731 0
4 16 3.5116 -17.6541 -8 2.7313 -13.731 -8 2.7313 -13.731 0 3.5116 -17.6541 0
2 24 0 -14 -8 -2.7313 -13.731 -8
2 24 -3.5116 -17.6541 -8 -6.8883 -16.6298 -8
2 24 0 -18 8 -3.5116 -17.6541 8
2 24 -2.7313 -13.731 8 -5.3576 -12.9343 8
2 24 0 -14 0 -2.7313 -13.731 0
2 24 -2.7313 -13.731 0 -5.3576 -12.9343 0
2 24 0 -18 0 -3.5116 -17.6541 0
2 24 -3.5116 -17.6541 0 -6.8883 -16.6298 0
2 24 0 -14 -8 0 -18 -8
2 24 -2.7313 -13.731 -8 -3.5116 -17.6541 -8
2 24 0 -14 8 0 -18 8
2 24 -2.7313 -13.731 8 -3.5116 -17.6541 8
2 24 0 -14 0 0 -18 0
2 24 -2.7313 -13.731 0 -3.5116 -17.6541 0
2 24 0 -14 8 0 -14 -8
2 24 -2.7313 -13.731 8 -2.7313 -13.731 -8
2 24 0 -18 8 0 -18 -8
2 24 -3.5116 -17.6541 8 -3.5116 -17.6541 -8
4 16 0 -10 -8 0 -14 -8 -2.7313 -13.731 -8 -1.9509 -9.8079 -8
4 16 -1.9509 -9.8079 -8 -3.5116 -17.6541 -8 -6.8883 -16.6298 -8 -3.8268 -9.2388 -8
4 16 -3.5116 -17.6541 8 0 -18 8 0 -10 8 -1.9509 -9.8079 8
4 16 -5.3576 -12.9343 8 -2.7313 -13.731 8 -1.9509 -9.8079 8 -3.8268 -9.2388 8
4 16 0 -18 0 0 -18 8 -3.5116 -17.6541 8 -3.5116 -17.6541 0
4 16 -6.8883 -16.6298 -8 -3.5116 -17.6541 -8 -3.5116 -17.6541 0 -6.8883 -16.6298 0
4 16 -2.7313 -13.731 -8 0 -14 -8 0 -14 0 -2.7313 -13.731 0
4 16 -2.7313 -13.731 0 -2.7313 -13.731 8 -5.3576 -12.9343 8 -5.3576 -12.9343 0
4 16 0 -14 0 0 -18 0 -3.5116 -17.6541 0 -2.7313 -13.731 0
4 16 -6.8883 -16.6298 0 -3.5116 -17.6541 0 -2.7313 -13.731 0 -5.3576 -12.9343 0
4 16 0 -14 8 0 -18 8 0 -18 0 0 -14 0
4 16 0 -18 -8 0 -18 0 0 -14 0 0 -14 -8
4 16 -3.5116 -17.6541 0 -3.5116 -17.6541 8 -2.7313 -13.731 8 -2.7313 -13.731 0
4 16 -3.5116 -17.6541 -8 -2.7313 -13.731 -8 -2.7313 -13.731 0 -3.5116 -17.6541 0
2 24 -5.3576 -12.9343 -8 -7.778 -11.6406 -8
2 24 -10.0002 -14.9664 -8 -12.7279 -12.7279 -8
2 24 -6.8883 -16.6298 8 -10.0002 -14.9664 8
2 24 -7.778 -11.6406 8 -9.8995 -9.8995 8
2 24 -5.3576 -12.9343 0 -7.778 -11.6406 0
2 24 -7.778 -11.6406 0 -9.8995 -9.8995 0
2 24 -6.8883 -16.6298 0 -10.0002 -14.9664 0
2 24 -10.0002 -14.9664 0 -12.7279 -12.7279 0
2 24 -5.3576 -12.9343 -8 -6.8883 -16.6298 -8
2 24 -7.778 -11.6406 -8 -10.0002 -14.9664 -8
2 24 -5.3576 -12.9343 8 -6.8883 -16.6298 8
2 24 -7.778 -11.6406 8 -10.0002 -14.9664 8
2 24 -5.3576 -12.9343 0 -6.8883 -16.6298 0
2 24 -7.778 -11.6406 0 -10.0002 -14.9664 0
2 24 -5.3576 -12.9343 8 -5.3576 -12.9343 -8
2 24 -7.778 -11.6406 8 -7.778 -11.6406 -8
2 24 -6.8883 -16.6298 8 -6.8883 -16.6298 -8
2 24 -10.0002 -14.9664 8 -10.0002 -14.9664 -8
4 16 -3.8268 -9.2388 -8 -5.3576 -12.9343 -8 -7.778 -11.6406 -8 -5.5557 -8.3147 -8
4 16 -5.5557 -8.3147 -8 -10.0002 -14.9664 -8 -12.7279 -12.7279 -8 -7.071 -7.0711 -8
4 16 -10.0002 -14.9664 8 -6.8883 -16.6298 8 -3.8268 -9.2388 8 -5.5557 -8.3147 8
4 16 -9.8995 -9.8995 8 -7.778 -11.6406 8 -5.5557 -8.3147 8 -7.071 -7.0711 8
4 16 -6.8883 -16.6298 0 -6.8883 -16.6298 8 -10.0002 -14.9664 8 -10.0002 -14.9664 0
4 16 -12.7279 -12.7279 -8 -10.0002 -14.9664 -8 -10.0002 -14.9664 0 -12.7279 -12.7279 0
4 16 -7.778 -11.6406 -8 -5.3576 -12.9343 -8 -5.3576 -12.9343 0 -7.778 -11.6406 0
4 16 -7.778 -11.6406 0 -7.778 -11.6406 8 -9.8995 -9.8995 8 -9.8995 -9.8995 0
4 16 -5.3576 -12.9343 0 -6.8883 -16.6298 0 -10.0002 -14.9664 0 -7.778 -11.6406 0
4 16 -12.7279 -12.7279 0 -10.0002 -14.9664 0 -7.778 -11.6406 0 -9.8995 -9.8995 0
4 16 -5.3576 -12.9343 8 -6.8883 -16.6298 8 -6.8883 -16.6298 0 -5.3576 -12.9343 0
4 16 -6.8883 -16.6298 -8 -6.8883 -16.6298 0 -5.3576 -12.9343 0 -5.3576 -12.9343 -8
4 16 -10.0002 -14.9664 0 -10.0002 -14.9664 8 -7.778 -11.6406 8 -7.778 -11.6406 0
4 16 -10.0002 -14.9664 -8 -7.778 -11.6406 -8 -7.778 -11.6406 0 -10.0002 -14.9664 0
2 24 -9.8995 -9.8995 -8 -11.6406 -7.778 -8
2 24 -14.9664 -10.0003 -8 -16.6298 -6.8883 -8
2 24 -12.7279 -12.7279 8 -14.9664 -10.0003 8
2 24 -11.6406 -7.778 8 -12.9343 -5.3575 8
2 24 -9.8995 -9.8995 0 -11.6406 -7.778 0
2 24 -11.6406 -7.778 0 -12.9343 -5.3575 0
2 24 -12.7279 -12.7279 0 -14.9664 -10.0003 0
2 24 -14.9664 -10.0003 0 -16.6298 -6.8883 0
2 24 -9.8995 -9.8995 -8 -12.7279 -12.7279 -8
2 24 -11.6406 -7.778 -8 -14.9664 -10.0003 -8
2 24 -9.8995 -9.8995 8 -12.7279 -12.7279 8
2 24 -11.6406 -7.778 8 -14.9664 -10.0003 8
2 24 -9.8995 -9.8995 0 -12.7279 -12.7279 0
2 24 -11.6406 -7.778 0 -14.9664 -10.0003 0
2 24 -9.8995 -9.8995 8 -9.8995 -9.8995 -8
2 24 -11.6406 -7.778 8 -11.6406 -7.778 -8
2 24 -12.7279 -12.7279 8 -12.7279 -12.7279 -8
2 24 -14.9664 -10.0003 8 -14.9664 -10.0003 -8
4 16 -7.0711 -7.0711 -8 -9.8995 -9.8995 -8 -11.6406 -7.778 -8 -8.3147 -5.5557 -8
4 16 -8.3147 -5.5557 -8 -14.9664 -10.0003 -8 -16.6298 -6.8883 -8 -9.2388 -3.8269 -8
4 16 -14.9664 -10.0003 8 -12.7279 -12.7279 8 -7.0711 -7.0711 8 -8.3147 -5.5557 8
4 16 -12.9343 -5.3575 8 -11.6406 -7.778 8 -8.3147 -5.5557 8 -9.2388 -3.8269 8
4 16 -12.7279 -12.7279 0 -12.7279 -12.7279 8 -14.9664 -10.0003 8 -14.9664 -10.0003 0
4 16 -16.6298 -6.8883 -8 -14.9664 -10.0003 -8 -14.9664 -10.0003 0 -16.6298 -6.8883 0
4 16 -11.6406 -7.778 -8 -9.8995 -9.8995 -8 -9.8995 -9.8995 0 -11.6406 -7.778 0
4 16 -11.6406 -7.778 0 -11.6406 -7.778 8 -12.9343 -5.3575 8 -12.9343 -5.3575 0
4 16 -9.8995 -9.8995 0 -12.7279 -12.7279 0 -14.9664 -10.0003 0 -11.6406 -7.778 0
4 16 -16.6298 -6.8883 0 -14.9664 -10.0003 0 -11.6406 -7.778 0 -12.9343 -5.3575 0
4 16 -9.8995 -9.8995 8 -12.7279 -12.7279 8 -12.7279 -12.7279 0 -9.8995 -9.8995 0
4 16 -12.7279 -12.7279 -8 -12.7279 -12.7279 0 -9.8995 -9.8995 0 -9.8995 -9.8995 -8
4 16 -14.9664 -10.0003 0 -14.9664 -10.0003 8 -11.6406 -7.778 8 -11.6406 -7.778 0
4 16 -14.9664 -10.0003 -8 -11.6406 -7.778 -8 -11.6406 -7.778 0 -14.9664 -10.0003 0
2 24 -12.9343 -5.3575 -8 -13.731 -2.7313 -8
2 24 -17.6541 -3.5116 -8 -18 0 -8
2 24 -16.6298 -6.8883 8 -17.6541 -3.5116 8
2 24 -13.731 -2.7313 8 -14 0 8
2 24 -12.9343 -5.3575 0 -13.731 -2.7313 0
2 24 -13.731 -2.7313 0 -14 0 0
2 24 -16.6298 -6.8883 0 -17.6541 -3.5116 0
2 24 -17.6541 -3.5116 0 -18 0 0
2 24 -12.9343 -5.3575 -8 -16.6298 -6.8883 -8
2 24 -13.731 -2.7313 -8 -17.6541 -3.5116 -8
2 24 -12.9343 -5.3575 8 -16.6298 -6.8883 8
2 24 -13.731 -2.7313 8 -17.6541 -3.5116 8
2 24 -12.9343 -5.3575 0 -16.6298 -6.8883 0
2 24 -13.731 -2.7313 0 -17.6541 -3.5116 0
2 24 -12.9343 -5.3575 8 -12.9343 -5.3575 -8
2 24 -13.731 -2.7313 8 -13.731 -2.7313 -8
2 24 -16.6298 -6.8883 8 -16.6298 -6.8883 -8
2 24 -17.6541 -3.5116 8 -17.6541 -3.5116 -8
4 16 -9.2388 -3.8269 -8 -12.9343 -5.3575 -8 -13.731 -2.7313 -8 -9.8079 -1.9509 -8
4 16 -9.8079 -1.9509 -8 -17.6541 -3.5116 -8 -18 0 -8 -10 -0.0001 -8
4 16 -17.6541 -3.5116 8 -16.6298 -6.8883 8 -9.2388 -3.8269 8 -9.8079 -1.9509 8
4 16 -14 0 8 -13.731 -2.7313 8 -9.8079 -1.9509 8 -10 -0.0001 8
4 16 -16.6298 -6.8883 0 -16.6298 -6.8883 8 -17.6541 -3.5116 8 -17.6541 -3.5116 0
4 16 -18 0 -8 -17.6541 -3.5116 -8 -17.6541 -3.5116 0 -18 0 0
4 16 -13.731 -2.7313 -8 -12.9343 -5.3575 -8 -12.9343 -5.3575 0 -13.731 -2.7313 0
4 16 -13.731 -2.7313 0 -13.731 -2.7313 8 -14 0 8 -14 0 0
4 16 -12.9343 -5.3575 0 -16.6298 -6.8883 0 -17.6541 -3.5116 0 -13.731 -2.7313 0
4 16 -18 0 0 -17.6541 -3.5116 0 -13.731 -2.7313 0 -14 0 0
4 16 -12.9343 -5.3575 8 -16.6298 -6.8883 8 -16.6298 -6.8883 0 -12.9343 -5.3575 0
4 16 -16.6298 -6.8883 -8 -16.6298 -6.8883 0 -12.9343 -5.3575 0 -12.9343 -5.3575 -8
4 16 -17.6541 -3.5116 0 -17.6541 -3.5116 8 -13.731 -2.7313 8 -13.731 -2.7313 0
4 16 -17.6541 -3.5116 -8 -13.731 -2.7313 -8 -13.731 -2.7313 0 -17.6541 -3.5116 0
2 24 -14 0 -8 -13.731 2.7313 -8
2 24 -17.6541 3.5116 -8 -16.6298 6.8883 -8
2 24 -18 0 8 -17.6541 3.5116 8
2 24 -13.731 2.7313 8 -12.9343 5.3576 8
2 24 -14 0 0 -13.731 2.7313 0
2 24 -13.731 2.7313 0 -12.9343 5.3576 0
2 24 -18 0 0 -17.6541 3.5116 0
2 24 -17.6541 3.5116 0 -16.6298 6.8883 0
2 24 -14 0 -8 -18 0 -8
2 24 -13.731 2.7313 -8 -17.6541 3.5116 -8
2 24 -14 0 8 -18 0 8
2 24 -13.731 2.7313 8 -17.6541 3.5116 8
2 24 -14 0 0 -18 0 0
2 24 -13.731 2.7313 0 -17.6541 3.5116 0
2 24 -14 0 8 -14 0 -8
2 24 -13.731 2.7313 8 -13.731 2.7313 -8
2 24 -18 0 8 -18 0 -8
2 24 -17.6541 3.5116 8 -17.6541 3.5116 -8
4 16 -10 0 -8 -14 0 -8 -13.731 2.7313 -8 -9.8079 1.9509 -8
4 16 -9.8079 1.9509 -8 -17.6541 3.5116 -8 -16.6298 6.8883 -8 -9.2388 3.8268 -8
4 16 -17.6541 3.5116 8 -18 0 8 -10 0 8 -9.8079 1.9509 8
4 16 -12.9343 5.3576 8 -13.731 2.7313 8 -9.8079 1.9509 8 -9.2388 3.8268 8
4 16 -18 0 0 -18 0 8 -17.6541 3.5116 8 -17.6541 3.5116 0
4 16 -16.6298 6.8883 -8 -17.6541 3.5116 -8 -17.6541 3.5116 0 -16.6298 6.8883 0
4 16 -13.731 2.7313 -8 -14 0 -8 -14 0 0 -13.731 2.7313 0
4 16 -13.731 2.7313 0 -13.731 2.7313 8 -12.9343 5.3576 8 -12.9343 5.3576 0
4 16 -14 0 0 -18 0 0 -17.6541 3.5116 0 -13.731 2.7313 0
4 16 -16.6298 6.8883 0 -17.6541 3.5116 0 -13.731 2.7313 0 -12.9343 5.3576 0
4 16 -14 0 8 -18 0 8 -18 0 0 -14 0 0
4 16 -18 0 -8 -18 0 0 -14 0 0 -14 0 -8
4 16 -17.6541 3.5116 0 -17.6541 3.5116 8 -13.731 2.7313 8 -13.731 2.7313 0
4 16 -17.6541 3.5116 -8 -13.731 2.7313 -8 -13.731 2.7313 0 -17.6541 3.5116 0
2 24 -12.9343 5.3576 -8 -11.6406 7.778 -8
2 24 -14.9664 10.0002 -8 -12.7279 12.7279 -8
2 24 -16.6298 6.8883 8 -14.9664 10.0002 8
2 24 -11.6406 7.778 8 -9.8995 9.8995 8
2 24 -12.9343 5.3576 0 -11.6406 7.778 0
2 24 -11.6406 7.778 0 -9.8995 9.8995 0
2 24 -16.6298 6.8883 0 -14.9664 10.0002 0
2 24 -14.9664 10.0002 0 -12.7279 12.7279 0
2 24 -12.9343 5.3576 -8 -16.6298 6.8883 -8
2 24 -11.6406 7.778 -8 -14.9664 10.0002 -8
2 24 -12.9343 5.3576 8 -16.6298 6.8883 8
2 24 -11.6406 7.778 8 -14.9664 10.0002 8
2 24 -12.9343 5.3576 0 -16.6298 6.8883 0
2 24 -11.6406 7.778 0 -14.9664 10.0002 0
2 24 -12.9343 5.3576 8 -12.9343 5.3576 -8
2 24 -11.6406 7.778 8 -11.6406 7.778 -8
2 24 -16.6298 6.8883 8 -16.6298 6.8883 -8
2 24 -14.9664 10.0002 8 -14.9664 10.0002 -8
4 16 -9.2388 3.8268 -8 -12.9343 5.3576 -8 -11.6406 7.778 -8 -8.3147 5.5557 -8
4 16 -8.3147 5.5557 -8 -14.9664 10.0002 -8 -12.7279 12.7279 -8 -7.0711 7.071 -8
4 16 -14.9664 10.0002 8 -16.6298 6.8883 8 -9.2388 3.8268 8 -8.3147 5.5557 8
4 16 -9.8995 9.8995 8 -11.6406 7.778 8 -8.3147 5.5557 8 -7.0711 7.071 8
4 16 -16.6298 6.8883 0 -16.6298 6.8883 8 -14.9664 10.0002 8 -14.9664 10.0002 0
4 16 -12.7279 12.7279 -8 -14.9664 10.0002 -8 -14.9664 10.0002 0 -12.7279 12.7279 0
4 16 -11.6406 7.778 -8 -12.9343 5.3576 -8 -12.9343 5.3576 0 -11.6406 7.778 0
4 16 -11.6406 7.778 0 -11.6406 7.778 8 -9.8995 9.8995 8 -9.8995 9.8995 0
4 16 -12.9343 5.3576 0 -16.6298 6.8883 0 -14.9664 10.0002 0 -11.6406 7.778 0
4 16 -12.7279 12.7279 0 -14.9664 10.0002 0 -11.6406 7.778 0 -9.8995 9.8995 0
4 16 -12.9343 5.3576 8 -16.6298 6.8883 8 -16.6298 6.8883 0 -12.9343 5.3576 0
4 16 -16.6298 6.8883 -8 -16.6298 6.8883 0 -12.9343 5.3576 0 -12.9343 5.3576 -8
4 16 -14.9664 10.0002 0 -14.9664 10.0002 8 -11.6406 7.778 8 -11.6406 7.778 0
4 16 -14.9664 10.0002 -8 -11.6406 7.778 -8 -11.6406 7.778 0 -14.9664 10.0002 0
2 24 -9.8995 9.8995 -8 -7.778 11.6406 -8
2 24 -10.0003 14.9664 -8 -6.8883 16.6298 -8
2 24 -12.7279 12.7279 8 -10.0003 14.9664 8
2 24 -7.778 11.6406 8 -5.3575 12.9343 8
2 24 -9.8995 9.8995 0 -7.778 11.6406 0
2 24 -7.778 11.6406 0 -5.3575 12.9343 0
2 24 -12.7279 12.7279 0 -10.0003 14.9664 0
2 24 -10.0003 14.9664 0 -6.8883 16.6298 0
2 24 -9.8995 9.8995 -8 -12.7279 12.7279 -8
2 24 -7.778 11.6406 -8 -10.0003 14.9664 -8
2 24 -9.8995 9.8995 8 -12.7279 12.7279 8
2 24 -7.778 11.6406 8 -10.0003 14.9664 8
2 24 -9.8995 9.8995 0 -12.7279 12.7279 0
2 24 -7.778 11.6406 0 -10.0003 14.9664 0
2 24 -9.8995 9.8995 8 -9.8995 9.8995 -8
2 24 -7.778 11.6406 8 -7.778 11.6406 -8
2 24 -12.7279 12.7279 8 -12.7279 12.7279 -8
2 24 -10.0003 14.9664 8 -10.0003 14.9664 -8
4 16 -7.0711 7.0711 -8 -9.8995 9.8995 -8 -7.778 11.6406 -8 -5.5557 8.3147 -8
4 16 -5.5557 8.3147 -8 -10.0003 14.9664 -8 -6.8883 16.6298 -8 -3.8269 9.2388 -8
4 16 -10.0003 14.9664 8 -12.7279 12.7279 8 -7.0711 7.0711 8 -5.5557 8.3147 8
4 16 -5.3575 12.9343 8 -7.778 11.6406 8 -5.5557 8.3147 8 -3.8269 9.2388 8
4 16 -12.7279 12.7279 0 -12.7279 12.7279 8 -10.0003 14.9664 8 -10.0003 14.9664 0
4 16 -6.8883 16.6298 -8 -10.0003 14.9664 -8 -10.0003 14.9664 0 -6.8883 16.6298 0
4 16 -7.778 11.6406 -8 -9.8995 9.8995 -8 -9.8995 9.8995 0 -7.778 11.6406 0
4 16 -7.778 11.6406 0 -7.778 11.6406 8 -5.3575 12.9343 8 -5.3575 12.9343 0
4 16 -9.8995 9.8995 0 -12.7279 12.7279 0 -10.0003 14.9664 0 -7.778 11.6406 0
4 16 -6.8883 16.6298 0 -10.0003 14.9664 0 -7.778 11.6406 0 -5.3575 12.9343 0
4 16 -9.8995 9.8995 8 -12.7279 12.7279 8 -12.7279 12.7279 0 -9.8995 9.8995 0
4 16 -12.7279 12.7279 -8 -12.7279 12.7279 0 -9.8995 9.8995 0 -9.8995 9.8995 -8
4 16 -10.0003 14.9664 0 -10.0003 14.9664 8 -7.778 11.6406 8 -7.778 11.6406 0
4 16 -10.0003 14.9664 -8 -7.778 11.6406 -8 -7.778 11.6406 0 -10.0003 14.9664 0
2 24 -5.3575 12.9343 -8 -2.7313 13.731 -8
2 24 -3.5116 17.6541 -8 0 18 -8
2 24 -6.8883 16.6298 8 -3.5116 17.6541 8
2 24 -2.7313 13.731 8 0 14 8
2 24 -5.3575 12.9343 0 -2.7313 13.731 0
2 24 -2.7313 13.731 0 0 14 0
2 24 -6.8883 16.6298 0 -3.5116 17.6541 0
2 24 -3.5116 17.6541 0 0 18 0
2 24 -5.3575 12.9343 -8 -6.8883 16.6298 -8
2 24 -2.7313 13.731 -8 -3.5116 17.6541 -8
2 24 -5.3575 12.9343 8 -6.8883 16.6298 8
2 24 -2.7313 13.731 8 -3.5116 17.6541 8
2 24 -5.3575 12.9343 0 -6.8883 16.6298 0
2 24 -2.7313 13.731 0 -3.5116 17.6541 0
2 24 -5.3575 12.9343 8 -5.3575 12.9343 -8
2 24 -2.7313 13.731 8 -2.7313 13.731 -8
2 24 -6.8883 16.6298 8 -6.8883 16.6298 -8
2 24 -3.5116 17.6541 8 -3.5116 17.6541 -8
4 16 -3.8269 9.2388 -8 -5.3575 12.9343 -8 -2.7313 13.731 -8 -1.9509 9.8079 -8
4 16 -1.9509 9.8079 -8 -3.5116 17.6541 -8 0 18 -8 -0.0001 10 -8
4 16 -3.5116 17.6541 8 -6.8883 16.6298 8 -3.8269 9.2388 8 -1.9509 9.8079 8
4 16 0 14 8 -2.7313 13.731 8 -1.9509 9.8079 8 -0.0001 10 8
4 16 -6.8883 16.6298 0 -6.8883 16.6298 8 -3.5116 17.6541 8 -3.5116 17.6541 0
4 16 0 18 -8 -3.5116 17.6541 -8 -3.5116 17.6541 0 0 18 0
4 16 -2.7313 13.731 -8 -5.3575 12.9343 -8 -5.3575 12.9343 0 -2.7313 13.731 0
4 16 -2.7313 13.731 0 -2.7313 13.731 8 0 14 8 0 14 0
4 16 -5.3575 12.9343 0 -6.8883 16.6298 0 -3.5116 17.6541 0 -2.7313 13.731 0
4 16 0 18 0 -3.5116 17.6541 0 -2.7313 13.731 0 0 14 0
4 16 -5.3575 12.9343 8 -6.8883 16.6298 8 -6.8883 16.6298 0 -5.3575 12.9343 0
4 16 -6.8883 16.6298 -8 -6.8883 16.6298 0 -5.3575 12.9343 0 -5.3575 12.9343 -8
4 16 -3.5116 17.6541 0 -3.5116 17.6541 8 -2.7313 13.731 8 -2.7313 13.731 0
4 16 -3.5116 17.6541 -8 -2.7313 13.731 -8 -2.7313 13.731 0 -3.5116 17.6541 0
1 16 0 0 8 -10 0 0 0 0 10 0 1 0 48\4-4edge.dat
1 16 0 0 4 -10 0 0 0 0 10 0 1 0 48\4-4edge.dat
1 16 0 0 -4 -10 0 0 0 0 10 0 1 0 48\4-4edge.dat
1 16 0 0 -8 -10 0 0 0 0 10 0 1 0 48\4-4edge.dat
0 BFC INVERTNEXT
1 16 0 0 -8 -10 0 0 0 0 10 0 4 0 48\4-4cyli.dat
0 BFC INVERTNEXT
1 16 0 0 8 10 0 0 0 0 10 0 -4 0 48\4-4cyli.dat
0 BFC INVERTNEXT
1 16 0 0 3 8 0 0 0 0 8 0 -6 0 48\4-4cyli.dat
1 16 0 0 3 8 0 0 0 0 8 0 1 0 48\4-4edge.dat
1 16 0 0 -3 8 0 0 0 0 8 0 1 0 48\4-4edge.dat
0 BFC INVERTNEXT
1 16 0 0 4 -2 0 0 0 0 2 0 -1 0 48\4-4con4.dat
0 BFC INVERTNEXT
1 16 0 0 -4 2 0 0 0 0 2 0 1 0 48\4-4con4.dat
0
