0 Turntable  2 x  2 Plate Top
0 Name: 3679.dat
0 Author: James Jessiman
0 !LDRAW_ORG Part UPDATE 2015-01
0 !LICENSE Redistributable under CCAL version 2.0 : see CAreadme.txt

0 BFC CERTIFY CCW

0 !HISTORY 2002-07-31 [sbliss] Applied BFC, added discs under studs, retitled
0 !HISTORY 2002-11-30 [PTadmin] Official Update 2002-05
0 !HISTORY 2007-06-29 [PTadmin] Header formatted for Contributor Agreement
0 !HISTORY 2008-07-01 [PTadmin] Official Update 2008-01
0 !HISTORY 2011-06-30 [Steffen] removed ~ from title, used more primitives
0 !HISTORY 2015-02-14 [MagFors] Redesigned the connector
0 !HISTORY 2015-10-11 [PTadmin] Official Update 2015-01

1 16 0 4 0 17.5 0 0 0 -1 0 0 0 17.5 4-4disc.dat
1 16 0 0 0 17.5 0 0 0 4 0 0 0 17.5 4-4cylc.dat
1 16 10 0 10 -4.24264 0 4.24264 0 -1 0 4.24264 0 4.24264 2-4disc.dat
1 16 -10 0 10 -4.24264 0 -4.24264 0 -1 0 -4.24264 0 4.24264 2-4disc.dat
1 16 -10 0 -10 4.24264 0 -4.24264 0 -1 0 -4.24264 0 -4.24264 2-4disc.dat
1 16 10 0 -10 4.24264 0 4.24264 0 -1 0 4.24264 0 -4.24264 2-4disc.dat
1 16 0 0 0 1 0 0 0 1 0 0 0 1 stug-2x2.dat
0 // connector
1 16 0 4 0 2.6668 0 0 0 1 0 0 0 2.6668 4-4edge.dat
1 16 0 4 0 4 0 0 0 1 0 0 0 4 4-4edge.dat
1 16 0 4 0 4 0 0 0 1.7 0 0 0 4 4-4cyli.dat
0 BFC INVERTNEXT
1 16 0 4 0 2.6668 0 0 0 1.7 0 0 0 2.6668 4-4cyli.dat
1 16 0 6 0 3.6957 0 -1.53081 0 -1 0 -1.53081 0 -3.6957 3-8edge.dat
1 16 0 6 0 -3.6957 0 1.53081 0 -1 0 1.53081 0 3.6957 3-8edge.dat
1 16 0 6 0 -3.6957 0 1.53081 0 -0.3 0 -1.53081 0 -3.6957 3-8cyli.dat
1 16 0 6 0 3.6957 0 -1.53081 0 -0.3 0 1.53081 0 3.6957 3-8cyli.dat
1 16 0 6 0 0.30798 0 -0.12757 0 1 0 0.12757 0 0.30798 3-8rin12.dat
1 16 0 6 0 -0.30798 0 0.12757 0 1 0 -0.12757 0 -0.30798 3-8rin12.dat
1 16 0 8 0 4.00368 0 -1.65838 0 -2 0 1.65838 0 4.00368 3-8cylo.dat
1 16 0 8 0 -4.00368 0 1.65838 0 -2 0 -1.65838 0 -4.00368 3-8cylo.dat
0 BFC INVERTNEXT
1 16 0 8 0 2.4638 0 -1.02054 0 -2.3 0 1.02054 0 2.4638 3-8cyli.dat
0 BFC INVERTNEXT
1 16 0 8 0 -2.4638 0 1.02054 0 -2.3 0 -1.02054 0 -2.4638 3-8cyli.dat
1 16 0 8 0 1.2319 0 -0.51027 0 -1 0 0.51027 0 1.2319 3-8ring2.dat
1 16 0 8 0 -1.2319 0 0.51027 0 -1 0 -0.51027 0 -1.2319 3-8ring2.dat
1 16 0 8 0 0.30798 0 -0.12757 0 -1 0 0.12757 0 0.30798 3-8rin12.dat
1 16 0 8 0 -0.30798 0 0.12757 0 -1 0 -0.12757 0 -0.30798 3-8rin12.dat
1 16 0 8 0 2.4638 0 -1.02054 0 -1 0 -1.02054 0 -2.4638 3-8edge.dat
1 16 0 8 0 -2.4638 0 1.02054 0 -1 0 1.02054 0 2.4638 3-8edge.dat
0 // cut-outs
1 16 -4 6 0 0 1 0.13267 -0.3 0 0 0 0 0.6667 1-4edge.dat
1 16 -4 6 0 0 1 0.13267 -0.3 0 0 0 0 -0.6667 1-4edge.dat
1 16 4 6 0 0 -1 -0.13267 -0.3 0 0 0 0 -0.6667 1-4edge.dat
1 16 4 6 0 0 -1 -0.13267 -0.3 0 0 0 0 0.6667 1-4edge.dat
1 16 -2.6668 6 0 0 1 0.13267 -0.3 0 0 0 0 0.6667 1-4edge.dat
1 16 -2.6668 6 0 0 1 0.13267 -0.3 0 0 0 0 -0.6667 1-4edge.dat
1 16 2.6668 6 0 0 -1 -0.13267 -0.3 0 0 0 0 -0.6667 1-4edge.dat
1 16 2.6668 6 0 0 -1 -0.13267 -0.3 0 0 0 0 0.6667 1-4edge.dat
1 16 -4 6 0 0 1 0.13267 -0.3 0 0 0 0 0.6667 1-4ndis.dat
1 16 -4 6 0 0 1 0.13267 -0.3 0 0 0 0 -0.6667 1-4ndis.dat
1 16 4 6 0 0 -1 -0.13267 -0.3 0 0 0 0 -0.6667 1-4ndis.dat
1 16 4 6 0 0 -1 -0.13267 -0.3 0 0 0 0 0.6667 1-4ndis.dat
1 16 -2.6668 6 0 0 -1 0.13267 -0.3 0 0 0 0 0.6667 1-4ndis.dat
1 16 -2.6668 6 0 0 -1 0.13267 -0.3 0 0 0 0 -0.6667 1-4ndis.dat
1 16 2.6668 6 0 0 1 -0.13267 -0.3 0 0 0 0 -0.6667 1-4ndis.dat
1 16 2.6668 6 0 0 1 -0.13267 -0.3 0 0 0 0 0.6667 1-4ndis.dat
0 BFC INVERTNEXT
1 16 -4 6 0 0 1.3334 0.13267 -0.3 0 0 0 0 0.6667 1-4cyli.dat
0 BFC INVERTNEXT
1 16 -4 6 0 0 1.3334 0.13267 -0.3 0 0 0 0 -0.6667 1-4cyli.dat
0 BFC INVERTNEXT
1 16 4 6 0 0 -1.3334 -0.13267 -0.3 0 0 0 0 -0.6667 1-4cyli.dat
0 BFC INVERTNEXT
1 16 4 6 0 0 -1.3334 -0.13267 -0.3 0 0 0 0 0.6667 1-4cyli.dat
2 24 4.2009 8 -0.6667 2.5341 8 -0.6667
2 24 2.4641 8 -1.0207 2.5341 8 -0.6667
2 24 4.0035 6 -1.6588 4.2009 6 -0.6667
2 24 4.0035 8 -1.6588 4.2009 8 -0.6667
2 24 2.5341 8 -0.6667 2.5341 6 -0.6667
2 24 3.8675 6 -0.6667 4.2009 6 -0.6667
2 24 4.2009 6 -0.6667 4.2009 8 -0.6667
2 24 3.6955 6 -1.5307 3.8675 6 -0.6667
4 16 3.8675 8 -0.6667 3.8675 6 -0.6667 4.2009 6 -0.6667 4.2009 8 -0.6667
4 16 2.5341 6 -0.6667 3.8675 6 -0.6667 3.8675 8 -0.6667 2.5341 8 -0.6667
4 16 4.0035 6 -1.6588 4.2009 6 -0.6667 3.8675 6 -0.6667 3.6955 6 -1.5307
4 16 4.0035 8 -1.6588 4.2009 8 -0.6667 4.2009 6 -0.6667 4.0035 6 -1.6588
4 16 3.6955 8 -1.5307 3.8675 8 -0.6667 4.2009 8 -0.6667 4.0035 8 -1.6588
4 16 2.4641 8 -1.0207 2.5341 8 -0.6667 3.8675 8 -0.6667 3.6955 8 -1.5307
4 16 3.6955 6 -1.5307 3.8675 6 -0.6667 3.8675 5.7 -0.6667 3.6955 5.7 -1.5307
4 16 2.4641 5.7 -1.0207 2.5341 5.7 -0.6667 2.5341 8 -0.6667 2.4641 8 -1.0207
2 24 -4.2009 8 -0.6667 -2.5341 8 -0.6667
2 24 -2.4641 8 -1.0207 -2.5341 8 -0.6667
2 24 -4.0035 6 -1.6588 -4.2009 6 -0.6667
2 24 -4.0035 8 -1.6588 -4.2009 8 -0.6667
2 24 -2.5341 8 -0.6667 -2.5341 6 -0.6667
2 24 -3.8675 6 -0.6667 -4.2009 6 -0.6667
2 24 -4.2009 6 -0.6667 -4.2009 8 -0.6667
2 24 -3.6955 6 -1.5307 -3.8675 6 -0.6667
4 16 -4.2009 8 -0.6667 -4.2009 6 -0.6667 -3.8675 6 -0.6667 -3.8675 8 -0.6667
4 16 -2.5341 8 -0.6667 -3.8675 8 -0.6667 -3.8675 6 -0.6667 -2.5341 6 -0.6667
4 16 -3.6955 6 -1.5307 -3.8675 6 -0.6667 -4.2009 6 -0.6667 -4.0035 6 -1.6588
4 16 -4.0035 6 -1.6588 -4.2009 6 -0.6667 -4.2009 8 -0.6667 -4.0035 8 -1.6588
4 16 -4.0035 8 -1.6588 -4.2009 8 -0.6667 -3.8675 8 -0.6667 -3.6955 8 -1.5307
4 16 -3.6955 8 -1.5307 -3.8675 8 -0.6667 -2.5341 8 -0.6667 -2.4641 8 -1.0207
4 16 -3.6955 5.7 -1.5307 -3.8675 5.7 -0.6667 -3.8675 6 -0.6667 -3.6955 6 -1.5307
4 16 -2.4641 8 -1.0207 -2.5341 8 -0.6667 -2.5341 5.7 -0.6667 -2.4641 5.7 -1.0207
2 24 4.2009 8 0.6667 2.5341 8 0.6667
2 24 2.4641 8 1.0207 2.5341 8 0.6667
2 24 4.0035 6 1.6588 4.2009 6 0.6667
2 24 4.0035 8 1.6588 4.2009 8 0.6667
2 24 2.5341 8 0.6667 2.5341 6 0.6667
2 24 3.8675 6 0.6667 4.2009 6 0.6667
2 24 4.2009 6 0.6667 4.2009 8 0.6667
2 24 3.6955 6 1.5307 3.8675 6 0.6667
4 16 4.2009 8 0.6667 4.2009 6 0.6667 3.8675 6 0.6667 3.8675 8 0.6667
4 16 2.5341 8 0.6667 3.8675 8 0.6667 3.8675 6 0.6667 2.5341 6 0.6667
4 16 3.6955 6 1.5307 3.8675 6 0.6667 4.2009 6 0.6667 4.0035 6 1.6588
4 16 4.0035 6 1.6588 4.2009 6 0.6667 4.2009 8 0.6667 4.0035 8 1.6588
4 16 4.0035 8 1.6588 4.2009 8 0.6667 3.8675 8 0.6667 3.6955 8 1.5307
4 16 3.6955 8 1.5307 3.8675 8 0.6667 2.5341 8 0.6667 2.4641 8 1.0207
4 16 3.6955 5.7 1.5307 3.8675 5.7 0.6667 3.8675 6 0.6667 3.6955 6 1.5307
4 16 2.4641 8 1.0207 2.5341 8 0.6667 2.5341 5.7 0.6667 2.4641 5.7 1.0207
2 24 -4.2009 8 0.6667 -2.5341 8 0.6667
2 24 -2.4641 8 1.0207 -2.5341 8 0.6667
2 24 -4.0035 6 1.6588 -4.2009 6 0.6667
2 24 -4.0035 8 1.6588 -4.2009 8 0.6667
2 24 -2.5341 8 0.6667 -2.5341 6 0.6667
2 24 -3.8675 6 0.6667 -4.2009 6 0.6667
2 24 -4.2009 6 0.6667 -4.2009 8 0.6667
2 24 -3.6955 6 1.5307 -3.8675 6 0.6667
4 16 -3.8675 8 0.6667 -3.8675 6 0.6667 -4.2009 6 0.6667 -4.2009 8 0.6667
4 16 -2.5341 6 0.6667 -3.8675 6 0.6667 -3.8675 8 0.6667 -2.5341 8 0.6667
4 16 -4.0035 6 1.6588 -4.2009 6 0.6667 -3.8675 6 0.6667 -3.6955 6 1.5307
4 16 -4.0035 8 1.6588 -4.2009 8 0.6667 -4.2009 6 0.6667 -4.0035 6 1.6588
4 16 -3.6955 8 1.5307 -3.8675 8 0.6667 -4.2009 8 0.6667 -4.0035 8 1.6588
4 16 -2.4641 8 1.0207 -2.5341 8 0.6667 -3.8675 8 0.6667 -3.6955 8 1.5307
4 16 -3.6955 6 1.5307 -3.8675 6 0.6667 -3.8675 5.7 0.6667 -3.6955 5.7 1.5307
4 16 -2.4641 5.7 1.0207 -2.5341 5.7 0.6667 -2.5341 8 0.6667 -2.4641 8 1.0207
