0 Slope Brick 33  3 x  2 Inverted with Ribs between Studs
0 Name: 3747b.dat
0 Author: Max Martin Richter [MMR1988]
0 !LDRAW_ORG Part UPDATE 2012-01
0 !LICENSE Redistributable under CCAL version 2.0 : see CAreadme.txt

0 BFC CERTIFY CCW

0 !HISTORY 2010-12-31 [PTadmin] Official Update 2010-03
0 !HISTORY 2012-02-15 [MMR1988] Stud Orientation fixed
0 !HISTORY 2012-03-30 [PTadmin] Official Update 2012-01

1 16 -13.625 13.375 -6.75 0 0 -2.375 10.625 0 0 0 -1.009 0 rect3.dat
1 16 -10 13.375 -6.75 1.25 0 0 0 0 10.625 0 0.75 0 box4-2p.dat
1 16 0 13.375 -6.75 0 0 -8.75 10.625 0 0 0 -1.002 0 rect1.dat
1 16 10 13.375 -6.75 1.25 0 0 0 0 10.625 0 0.75 0 box4-2p.dat
1 16 13.625 13.375 -6.75 0 0 2.375 -10.625 0 0 0 -1.009 0 rect3.dat
1 16 -16 13.375 -0.375 0 -1.003 0 10.625 0 0 0 0 6.375 rect3.dat
1 16 0 17.125 6 0 0 16 6.875 0 0 0 1 0 rect1.dat
1 16 8.375 6.5 6 0 0 -7.625 -3.75 0 0 0 1 0 rect1.dat
1 16 -8.375 6.5 6 0 0 -7.625 -3.75 0 0 0 1 0 rect1.dat
1 16 16 13.375 -0.375 0 1 0 -10.625 0 0 0 0 6.375 rect3.dat

1 16 -2.25 2.75 0 0 0 -1.5 0 -1 0 1.5 0 0 2-4ndis.dat
4 16 -16 2.75 -6 -11.25 2.75 -6 -11.25 2.75 -6.75 -16 2.75 -6.75
1 16 -4.75 2.75 -6.375 0 0 -4 0 -6 0 -0.375 0 0 rect1.dat
4 16 -0.75 2.75 -6 -16 2.75 -6 -16 2.75 -1.5 -0.75 2.75 -1.5
4 16 -3.75 2.75 -1.5 -16 2.75 -1.5 -16 2.75 1.5 -3.75 2.75 1.5
4 16 -0.75 2.75 1.5 -16 2.75 1.5 -16 2.75 6 -0.75 2.75 6
1 16 2.25 2.75 0 0 0 1.5 0 -1 0 1.5 0 0 2-4ndis.dat
4 16 16 2.75 -6.75 11.25 2.75 -6.75 11.25 2.75 -6 16 2.75 -6
1 16 4.75 2.75 -6.375 0 0 -4 0 -6 0 -0.375 0 0 rect1.dat
4 16 0.75 2.75 -1.5 16 2.75 -1.5 16 2.75 -6 0.75 2.75 -6
4 16 3.75 2.75 1.5 16 2.75 1.5 16 2.75 -1.5 3.75 2.75 -1.5
4 16 0.75 2.75 6 16 2.75 6 16 2.75 1.5 0.75 2.75 1.5


1 16 -2.25 24 0 0 0 -1.5 0 -21.25 0 1.5 0 0 2-4cylc.dat
1 16 0 13.375 -1.5 0 0 2.25 10.625 0 0 0 1 0 rect1.dat
1 16 0 13.375 0 2.25 0 0 0 10.625 0 0 0 1.5 box2-11.dat
1 16 2.25 24 0 0 0 1.5 0 -21.25 0 1.5 0 0 2-4cylc.dat
2 24 2.25 24 1.5 -2.25 24 1.5
2 24 2.25 24 -1.5 -2.25 24 -1.5
2 24 2.25 2.75 1.5 0.75 2.75 1.5
2 24 -2.25 2.75 1.5 -0.75 2.75 1.5
2 24 2.25 2.75 -1.5 0.75 2.75 -1.5
2 24 -2.25 2.75 -1.5 -0.75 2.75 -1.5

1 16 0 2.75 3.75 0 0 0.75 0 7.5 0 2.25 0 0 box3u2p.dat
1 16 0 2.75 -4.125 0 0 0.75 0 7.5 0 2.625 0 0 box3u2p.dat

4 16 20 24 10 16 24 6 -16 24 6 -20 24 10
4 16 -20 24 10 -16 24 6 -16 24 -6.75 -20 24 -10
4 16 -20 24 -10 -16 24 -6.75 16 24 -6.75 20 24 -10
4 16 20 24 -10 16 24 -6.75 16 24 6 20 24 10
2 24 20 24 -10 20 24 10
2 24 20 24 -10 -20 24 -10
2 24 -20 24 -10 -20 24 10
2 24 20 3 -50 20 24 -10
2 24 -20 3 -50 -20 24 -10
2 24 20 0 -50 20 0 10
2 24 -20 0 -50 -20 0 10

2 24 -18 0 -10 -18 0 -47.75
2 24 18 0 -47.75 18 0 -10


1 16 10 16.193 -20 4 0 0 0 0.894 2.1 0 -0.447 4 4-4edge.dat
1 16 -10 16.193 -20 4 0 0 0 0.894 2.1 0 -0.447 4 4-4edge.dat
1 16 -10 16.193 -20 6 0 0 0 0.894 3.15 0 -0.447 6 4-4edge.dat
1 16 10 16.193 -20 6 0 0 0 0.894 3.15 0 -0.447 6 4-4edge.dat


0 BFC INVERTNEXT
1 16 10 14.093 -20 0 0 4 0 2.1 0 -4 0 0 2-4cyls.dat
0 BFC INVERTNEXT
1 16 10 14.093 -20 0 0 -4 0 2.1 0 -4 0 0 2-4cyls.dat
0 BFC INVERTNEXT
1 16 -10 14.093 -20 0 0 4 0 2.1 0 -4 0 0 2-4cyls.dat
0 BFC INVERTNEXT
1 16 -10 14.093 -20 0 0 -4 0 2.1 0 -4 0 0 2-4cyls.dat
1 16 10 13.043 -20 0 0 6 0 3.15 0 -6 0 0 2-4cyls.dat
1 16 10 13.043 -20 0 0 -6 0 3.15 0 -6 0 0 2-4cyls.dat
1 16 -10 13.043 -20 0 0 6 0 3.15 0 -6 0 0 2-4cyls.dat
1 16 -10 13.043 -20 0 0 -6 0 3.15 0 -6 0 0 2-4cyls.dat
1 16 10 5.694 -40 4 0 0 0 0.894 2.1 0 -0.447 4 4-4edge.dat
1 16 -10 5.694 -40 4 0 0 0 0.894 2.1 0 -0.447 4 4-4edge.dat
1 16 10 5.694 -40 6 0 0 0 0.894 3.15 0 -0.447 6 4-4edge.dat
1 16 -10 5.694 -40 6 0 0 0 0.894 3.15 0 -0.447 6 4-4edge.dat
0 BFC INVERTNEXT
1 16 10 3.594 -40 0 0 4 0 2.1 0 -4 0 0 2-4cyls.dat
0 BFC INVERTNEXT
1 16 10 3.594 -40 0 0 -4 0 2.1 0 -4 0 0 2-4cyls.dat
0 BFC INVERTNEXT
1 16 -10 3.594 -40 0 0 4 0 2.1 0 -4 0 0 2-4cyls.dat
0 BFC INVERTNEXT
1 16 -10 3.594 -40 0 0 -4 0 2.1 0 -4 0 0 2-4cyls.dat
1 16 10 2.544 -40 0 0 6 0 3.15 0 -6 0 0 2-4cyls.dat
1 16 10 2.544 -40 0 0 -6 0 3.15 0 -6 0 0 2-4cyls.dat
1 16 -10 2.544 -40 0 0 6 0 3.15 0 -6 0 0 2-4cyls.dat
1 16 -10 2.544 -40 0 0 -6 0 3.15 0 -6 0 0 2-4cyls.dat
0 BFC INVERTNEXT
1 16 10 0 -20 4 0 0 0 14.093 0 0 0 4 4-4cyli.dat
0 BFC INVERTNEXT
1 16 -10 0 -20 4 0 0 0 14.093 0 0 0 4 4-4cyli.dat
1 16 10 0 -20 6 0 0 0 13.043 0 0 0 6 4-4cyli.dat
1 16 -10 0 -20 6 0 0 0 13.043 0 0 0 6 4-4cyli.dat
0 BFC INVERTNEXT
1 16 10 0 -40 4 0 0 0 3.594 0 0 0 4 4-4cyli.dat
0 BFC INVERTNEXT
1 16 -10 0 -40 4 0 0 0 3.594 0 0 0 4 4-4cyli.dat
1 16 10 0 -40 6 0 0 0 2.544 0 0 0 6 4-4cyli.dat
1 16 -10 0 -40 6 0 0 0 2.544 0 0 0 6 4-4cyli.dat


4 16 20 24 -10 20 24 10 20 0 10 20 3 -50
3 16 20 24 -10 20 3 -50 15.486 20 -17.619
3 16 -20 24 -10 -15.486 20 -17.619 -20 3 -50
4 16 -4.514 20 -17.619 0 24 -10 4.514 20 -17.619 0 3 -50
4 16 15.486 20 -17.619 20 3 -50 0 3 -50 4.514 20 -17.619
4 16 -15.486 20 -17.619 -4.514 20 -17.619 0 3 -50 -20 3 -50

3 16 -20 24 -10 -14.243 20.978 -15.757 -15.486 20 -17.619
3 16 -20 24 -10 -12.296 21.66 -14.457 -14.243 20.978 -15.757
4 16 -20 24 -10 0 24 -10 -10 21.9 -14 -12.296 21.66 -14.457
3 16 0 24 -10 -7.704 21.66 -14.457 -10 21.9 -14
3 16 0 24 -10 -5.757 20.978 -15.757 -7.704 21.66 -14.457
3 16 0 24 -10 -4.514 20 -17.619 -5.757 20.978 -15.757

3 16 15.486 20 -17.619 14.243 20.978 -15.757 20 24 -10
3 16 14.243 20.978 -15.757 12.296 21.66 -14.457 20 24 -10
4 16 12.296 21.66 -14.457 10 21.9 -14 0 24 -10 20 24 -10
3 16 10 21.9 -14 7.704 21.66 -14.457 0 24 -10
3 16 7.704 21.66 -14.457 5.757 20.978 -15.757 0 24 -10
3 16 5.757 20.978 -15.757 4.514 20 -17.619 0 24 -10

1 16 0 12 10 -20 0 0 0 0 -12 0 -1 0 rect.dat
4 16 -20 24 -10 -20 3 -50 -20 0 10 -20 24 10
3 16 20 0 -50 20 3 -50 20 0 10
1 16 0 1.5 -50 -20 0 0 0 0 1.5 0 1 0 rect.dat
3 16 -20 0 -50 -20 0 10 -20 3 -50

1 16 0 11.534 -28.875 -18 0 0 0 1359 -9.909 0 -713.448 -18.875 rect.dat
4 16 18 21.443 -10 18 1.625 -47.75 18 0 -47.75 18 0 -10
4 16 -18 21.443 -10 -18 0 -10 -18 0 -47.75 -18 1.625 -47.75
1 16 0 10.722 -10 18 0 0 0 0 -10.722 0 1 0 rect3.dat
1 16 0 0.812 -47.75 -18 0 0 0 0 -0.812 0 -1.009 0 rect3.dat
4 16 20 0 10 -20 0 10 -18 0 -10 18 0 -10
4 16 -20 0 10 -20 0 -50 -18 0 -47.75 -18 0 -10
4 16 -20 0 -50 20 0 -50 18 0 -47.75 -18 0 -47.75
4 16 20 0 -50 20 0 10 18 0 -10 18 0 -47.75
1 16 0 0 0 0 0 1 0 1 0 -1 0 0 stug-2x1.dat
1 16 10 0 -20 1 0 0 0 1 0 0 0 1 stud2a.dat
1 16 10 0 -40 1 0 0 0 1 0 0 0 1 stud2a.dat
1 16 -10 0 -20 1 0 0 0 1 0 0 0 1 stud2a.dat
1 16 -10 0 -40 1 0 0 0 1 0 0 0 1 stud2a.dat

0 // Underside Notches
3 16 -4.514 20 -17.619 -5.757 20 -15.757 -5.757 20.978 -15.757
4 16 -5.757 20.978 -15.757 -5.757 20 -15.757 -7.704 20 -14.457 -7.704 21.66 -14.457
4 16 -7.704 21.66 -14.457 -7.704 20 -14.457 -10 20 -14 -10 21.9 -14
4 16 -10 21.9 -14 -10 20 -14 -12.296 20 -14.457 -12.296 21.66 -14.457
4 16 -12.296 21.66 -14.457 -12.296 20 -14.457 -14.243 20 -15.757 -14.243 20.978 -15.757
3 16 -14.243 20.978 -15.757 -14.243 20 -15.757 -15.486 20 -17.619
4 16 -4.514 20 -17.619 -15.486 20 -17.619 -14.243 20 -15.757 -5.757 20 -15.757
4 16 -14.243 20 -15.757 -12.296 20 -14.457 -7.704 20 -14.457 -5.757 20 -15.757
3 16 -10 20 -14 -7.704 20 -14.457 -12.296 20 -14.457
2 24 -4.514 20 -17.619 -15.486 20 -17.619
2 24 -4.514 20 -17.619 -5.757 20.978 -15.757
2 24 -5.757 20.978 -15.757 -7.704 21.66 -14.457
2 24 -7.704 21.66 -14.457 -10 21.9 -14
2 24 -10 21.9 -14 -12.296 21.66 -14.457
2 24 -12.296 21.66 -14.457 -14.243 20.978 -15.757
2 24 -14.243 20.978 -15.757 -15.486 20 -17.619
2 24 -14.243 20 -15.757 -15.486 20 -17.619
2 24 -14.243 20 -15.757 -12.296 20 -14.457
2 24 -10 20 -14 -12.296 20 -14.457
2 24 -4.514 20 -17.619 -5.757 20 -15.757
2 24 -7.704 20 -14.457 -5.757 20 -15.757
2 24 -10 20 -14 -7.704 20 -14.457
5 24 -5.757 20 -15.757 -5.757 20.978 -15.757 -7.704 20 -14.457 -4.457 20 -17.704
5 24 -7.704 20 -14.457 -7.704 21.66 -14.457 -10 20 -14 -5.757 20 -15.757
5 24 -10 20 -14 -10 21.9 -14 -12.296 20 -14.457 -7.704 20 -14.457
5 24 -12.296 20 -14.457 -12.296 21.66 -14.457 -14.243 20 -15.757 -10 20 -14
5 24 -14.243 20 -15.757 -14.243 20.978 -15.757 -15.543 20 -17.704 -12.296 20 -14.457

3 16 15.486 20 -17.619 14.243 20 -15.757 14.243 20.978 -15.757
4 16 14.243 20.978 -15.757 14.243 20 -15.757 12.296 20 -14.457 12.296 21.66 -14.457
4 16 12.296 21.66 -14.457 12.296 20 -14.457 10 20 -14 10 21.9 -14
4 16 10 21.9 -14 10 20 -14 7.704 20 -14.457 7.704 21.66 -14.457
4 16 7.704 21.66 -14.457 7.704 20 -14.457 5.757 20 -15.757 5.757 20.978 -15.757
3 16 5.757 20.978 -15.757 5.757 20 -15.757 4.514 20 -17.619
4 16 15.486 20 -17.619 4.514 20 -17.619 5.757 20 -15.757 14.243 20 -15.757
4 16 5.757 20 -15.757 7.704 20 -14.457 12.296 20 -14.457 14.243 20 -15.757
3 16 10 20 -14 12.296 20 -14.457 7.704 20 -14.457
2 24 15.486 20 -17.619 4.514 20 -17.619
2 24 15.486 20 -17.619 14.243 20.978 -15.757
2 24 14.243 20.978 -15.757 12.296 21.66 -14.457
2 24 12.296 21.66 -14.457 10 21.9 -14
2 24 10 21.9 -14 7.704 21.66 -14.457
2 24 7.704 21.66 -14.457 5.757 20.978 -15.757
2 24 5.757 20.978 -15.757 4.514 20 -17.619
2 24 5.757 20 -15.757 4.514 20 -17.619
2 24 5.757 20 -15.757 7.704 20 -14.457
2 24 10 20 -14 7.704 20 -14.457
2 24 15.486 20 -17.619 14.243 20 -15.757
2 24 12.296 20 -14.457 14.243 20 -15.757
2 24 10 20 -14 12.296 20 -14.457
5 24 14.243 20 -15.757 14.243 20.978 -15.757 12.296 20 -14.457 15.543 20 -17.704
5 24 12.296 20 -14.457 12.296 21.66 -14.457 10 20 -14 14.243 20 -15.757
5 24 10 20 -14 10 21.9 -14 7.704 20 -14.457 12.296 20 -14.457
5 24 7.704 20 -14.457 7.704 21.66 -14.457 5.757 20 -15.757 10 20 -14
5 24 5.757 20 -15.757 5.757 20.978 -15.757 4.457 20 -17.704 7.704 20 -14.457

0 // Panels between Studs
4 16 4.249 0 -18.75 -4.249 0 -18.75 -4 0 -20 4 0 -20
4 16 4 0 -20 -4 0 -20 -4.249 0 -21.25 4.249 0 -21.25
1 16 0 8.424 -18.75 0 0 -4.249 8.424 0 0 0 -1.001 0 rect.dat
1 16 2.749 7.769 -21.25 0 0 1.5 7.769 0 0 0 1 0 rect.dat
1 16 -2.749 7.769 -21.25 0 0 1.5 7.769 0 0 0 1 0 rect.dat
1 16 0 0 -22.25 -1.25 0 0 0 1 0 0 0 -1 rect3.dat
4 16 -1.25 14.487 -23.25 -1.25 0 -23.25 -1.25 0 -21.25 -1.25 15.537 -21.25
4 16 1.25 15.537 -21.25 1.25 0 -21.25 1.25 0 -23.25 1.25 14.487 -23.25
1 16 0 7.243 -23.25 -1.25 0 0 0 0 7.243 0 1 0 rect3.dat
2 24 -4.249 0 -18.75 -4 0 -20
2 24 4.249 0 -18.75 4 0 -20
2 24 -4.249 0 -21.25 -4 0 -20
2 24 4.249 0 -21.25 4 0 -20
2 24 1.25 15.537 -21.25 1.25 14.487 -23.25
2 24 -1.25 15.537 -21.25 -1.25 14.487 -23.25

4 16 4.249 0 -38.75 -4.249 0 -38.75 -4 0 -40 4 0 -40
4 16 4 0 -40 -4 0 -40 -4.249 0 -41.25 4.249 0 -41.25
1 16 -2.749 3.175 -38.75 0 0 -1.5 3.175 0 0 0 -1.002 0 rect.dat
1 16 2.749 3.175 -38.75 0 0 -1.5 3.175 0 0 0 -1.002 0 rect.dat
1 16 0 2.518 -41.25 0 0 4.249 2.518 0 0 0 1 0 rect.dat
1 16 0 0 -37.75 1.25 0 0 0 1 0 0 0 1 rect3.dat
1 16 0 3.7 -36.75 1.25 0 0 0 0 3.7 0 -1.028 0 rect3.dat
4 16 -1.25 6.35 -38.75 -1.25 0 -38.75 -1.25 0 -36.75 -1.25 7.4 -36.75
4 16 1.25 7.4 -36.75 1.25 0 -36.75 1.25 0 -38.75 1.25 6.35 -38.75
2 24 -4.249 0 -38.75 -4 0 -40
2 24 4.249 0 -38.75 4 0 -40
2 24 -4.249 0 -41.25 -4 0 -40
2 24 4.249 0 -41.25 4 0 -40
2 24 -1.25 7.4 -36.75 -1.25 6.35 -38.75
2 24 1.25 7.4 -36.75 1.25 6.35 -38.75

4 16 11.25 0 -34.249 11.25 0 -25.751 10 0 -26 10 0 -34
4 16 10 0 -34 10 0 -26 8.75 0 -25.751 8.75 0 -34.249
4 16 11.25 0 -34.249 11.25 8.713 -34.249 11.25 13.174 -25.751 11.25 0 -25.751
4 16 8.75 0 -31.25 8.75 10.287 -31.25 8.75 8.713 -34.249 8.75 0 -34.249
4 16 8.75 0 -25.751 8.75 13.174 -25.751 8.75 11.6 -28.75 8.75 0 -28.75
1 16 7.75 0 -30 0 0 -1 0 1 0 1.25 0 0 rect3.dat
1 16 7.75 5.8 -28.75 1 0 0 0 0 5.8 0 -1.009 0 rect3.dat
4 16 6.75 0 -28.75 6.75 11.6 -28.75 6.75 10.287 -31.25 6.75 0 -31.25
1 16 7.75 5.144 -31.25 -1 0 0 0 0 5.144 0 1 0 rect3.dat
2 24 10 0 -26 11.25 0 -25.751
2 24 11.25 0 -34.249 10 0 -34
2 24 8.75 0 -25.751 10 0 -26
2 24 10 0 -34 8.75 0 -34.249
2 24 11.25 0 -25.751 11.25 0 -34.249
2 24 8.75 0 -34.249 8.75 0 -31.25
2 24 8.75 0 -25.751 8.75 0 -28.75
2 24 11.25 0 -25.751 11.25 13.174 -25.751
2 24 11.25 8.713 -34.249 11.25 0 -34.249
2 24 11.25 13.174 -25.751 11.25 8.713 -34.249
2 24 8.75 8.713 -34.249 8.75 0 -34.249
2 24 8.75 10.287 -31.25 8.75 8.713 -34.249
2 24 8.75 0 -25.751 8.75 13.174 -25.751
2 24 8.75 13.174 -25.751 8.75 11.6 -28.75
2 24 6.75 10.287 -31.25 6.75 11.6 -28.75

4 16 -10 0 -34 -10 0 -26 -11.25 0 -25.751 -11.25 0 -34.249
4 16 -8.75 0 -34.249 -8.75 0 -25.751 -10 0 -26 -10 0 -34
4 16 -11.25 0 -25.751 -11.25 13.174 -25.751 -11.25 8.713 -34.249 -11.25 0 -34.249
4 16 -8.75 0 -34.249 -8.75 8.713 -34.249 -8.75 10.287 -31.25 -8.75 0 -31.25
4 16 -8.75 0 -28.75 -8.75 11.6 -28.75 -8.75 13.174 -25.751 -8.75 0 -25.751
1 16 -7.75 0 -30 0 0 1 0 1 0 -1.25 0 0 rect3.dat
1 16 -7.75 5.8 -28.75 1 0 0 0 0 5.8 0 -1.009 0 rect3.dat
4 16 -6.75 0 -31.25 -6.75 10.287 -31.25 -6.75 11.6 -28.75 -6.75 0 -28.75
1 16 -7.75 5.144 -31.25 -1 0 0 0 0 5.144 0 1 0 rect3.dat
2 24 -10 0 -26 -11.25 0 -25.751
2 24 -11.25 0 -34.249 -10 0 -34
2 24 -8.75 0 -25.751 -10 0 -26
2 24 -10 0 -34 -8.75 0 -34.249
2 24 -11.25 0 -25.751 -11.25 0 -34.249
2 24 -8.75 0 -34.249 -8.75 0 -31.25
2 24 -8.75 0 -25.751 -8.75 0 -28.75
2 24 -11.25 0 -25.751 -11.25 13.174 -25.751
2 24 -11.25 8.713 -34.249 -11.25 0 -34.249
2 24 -11.25 13.174 -25.751 -11.25 8.713 -34.249
2 24 -8.75 8.713 -34.249 -8.75 0 -34.249
2 24 -8.75 10.287 -31.25 -8.75 8.713 -34.249
2 24 -8.75 0 -25.751 -8.75 13.174 -25.751
2 24 -8.75 13.174 -25.751 -8.75 11.6 -28.75
2 24 -6.75 10.287 -31.25 -6.75 11.6 -28.75
