0 Slope Brick 33  3 x  2 Inverted without Ribs between Studs
0 Name: 3747a.dat
0 Author: James Jessiman
0 !LDRAW_ORG Part UPDATE 2010-03
0 !LICENSE Redistributable under CCAL version 2.0 : see CAreadme.txt

0 BFC CERTIFY CCW

0 !HISTORY 2002-09-13 [izanette] Modified with WINDZ for BFC compliance
0 !HISTORY 2003-10-31 [OrionP] Added Underside Notches
0 !HISTORY 2003-12-19 [PTadmin] Official Update 2003-03
0 !HISTORY 2007-06-29 [PTadmin] Header formatted for Contributor Agreement
0 !HISTORY 2008-07-01 [PTadmin] Official Update 2008-01
0 !HISTORY 2010-07-05 [PTadmin] Renamed from 3747
0 !HISTORY 2010-12-31 [PTadmin] Official Update 2010-03

1 16 0 4 0 1 0 0 0 -5 0 0 0 1 stud3.dat
0 BFC INVERTNEXT
1 16 0 24 0 16 0 0 0 -20 0 0 0 6 box5.dat
4 16 20 24 10 16 24 6 -16 24 6 -20 24 10
4 16 -20 24 10 -16 24 6 -16 24 -6 -20 24 -10
4 16 -20 24 -10 -16 24 -6 16 24 -6 20 24 -10
4 16 20 24 -10 16 24 -6 16 24 6 20 24 10
2 24 20 24 -10 20 24 10
2 24 20 24 -10 -20 24 -10
2 24 20 24 10 -20 24 10
2 24 -20 24 -10 -20 24 10
2 24 20 0 -50 20 4 -50
2 24 20 4 -50 20 24 -10
2 24 20 0 10 20 24 10
2 24 -20 0 -50 -20 4 -50
2 24 -20 4 -50 -20 24 -10
2 24 -20 0 10 -20 24 10
2 24 20 4 -50 -20 4 -50
2 24 20 0 -50 20 0 10
2 24 20 0 -50 -20 0 -50
2 24 20 0 10 -20 0 10
2 24 -20 0 -50 -20 0 10
2 24 18 20 -10 -18 20 -10
2 24 -18 20 -10 -18 2 -46
2 24 -18 2 -46 18 2 -46
2 24 18 2 -46 18 20 -10
2 24 18 0 -10 -18 0 -10
2 24 -18 0 -10 -18 0 -46
2 24 -18 0 -46 18 0 -46
2 24 18 0 -46 18 0 -10
2 24 18 0 -10 18 20 -10
2 24 -18 0 -10 -18 20 -10
2 24 -18 0 -46 -18 2 -46
2 24 18 0 -46 18 2 -46
1 16 10 15 -20 4 0 0 0 0.894 2 0 -0.447 4 4-4edge.dat
1 16 -10 15 -20 4 0 0 0 0.894 2 0 -0.447 4 4-4edge.dat
1 16 10 15 -20 6 0 0 0 0.894 3 0 -0.447 6 4-4edge.dat
1 16 -10 15 -20 6 0 0 0 0.894 3 0 -0.447 6 4-4edge.dat
0 BFC INVERTNEXT
1 16 10 13 -20 0 0 4 0 2 0 -4 0 0 2-4cyls.dat
0 BFC INVERTNEXT
1 16 10 13 -20 0 0 -4 0 2 0 -4 0 0 2-4cyls.dat
0 BFC INVERTNEXT
1 16 -10 13 -20 0 0 4 0 2 0 -4 0 0 2-4cyls.dat
0 BFC INVERTNEXT
1 16 -10 13 -20 0 0 -4 0 2 0 -4 0 0 2-4cyls.dat
1 16 10 12 -20 0 0 6 0 3 0 -6 0 0 2-4cyls.dat
1 16 10 12 -20 0 0 -6 0 3 0 -6 0 0 2-4cyls.dat
1 16 -10 12 -20 0 0 6 0 3 0 -6 0 0 2-4cyls.dat
1 16 -10 12 -20 0 0 -6 0 3 0 -6 0 0 2-4cyls.dat
1 16 10 5 -40 4 0 0 0 0.894 2 0 -0.447 4 4-4edge.dat
1 16 -10 5 -40 4 0 0 0 0.894 2 0 -0.447 4 4-4edge.dat
1 16 10 5 -40 6 0 0 0 0.894 3 0 -0.447 6 4-4edge.dat
1 16 -10 5 -40 6 0 0 0 0.894 3 0 -0.447 6 4-4edge.dat
0 BFC INVERTNEXT
1 16 10 3 -40 0 0 4 0 2 0 -4 0 0 2-4cyls.dat
0 BFC INVERTNEXT
1 16 10 3 -40 0 0 -4 0 2 0 -4 0 0 2-4cyls.dat
0 BFC INVERTNEXT
1 16 -10 3 -40 0 0 4 0 2 0 -4 0 0 2-4cyls.dat
0 BFC INVERTNEXT
1 16 -10 3 -40 0 0 -4 0 2 0 -4 0 0 2-4cyls.dat
1 16 10 2 -40 0 0 6 0 3 0 -6 0 0 2-4cyls.dat
1 16 10 2 -40 0 0 -6 0 3 0 -6 0 0 2-4cyls.dat
1 16 -10 2 -40 0 0 6 0 3 0 -6 0 0 2-4cyls.dat
1 16 -10 2 -40 0 0 -6 0 3 0 -6 0 0 2-4cyls.dat
0 BFC INVERTNEXT
1 16 10 0 -20 4 0 0 0 13 0 0 0 4 4-4cyli.dat
0 BFC INVERTNEXT
1 16 -10 0 -20 4 0 0 0 13 0 0 0 4 4-4cyli.dat
1 16 10 0 -20 6 0 0 0 12 0 0 0 6 4-4cyli.dat
1 16 -10 0 -20 6 0 0 0 12 0 0 0 6 4-4cyli.dat
0 BFC INVERTNEXT
1 16 10 0 -40 4 0 0 0 3 0 0 0 4 4-4cyli.dat
0 BFC INVERTNEXT
1 16 -10 0 -40 4 0 0 0 3 0 0 0 4 4-4cyli.dat
1 16 10 0 -40 6 0 0 0 2 0 0 0 6 4-4cyli.dat
1 16 -10 0 -40 6 0 0 0 2 0 0 0 6 4-4cyli.dat
4 16 20 24 -10 20 24 10 20 0 10 20 4 -50
3 16 20 24 -10 20 4 -50 15.602 20 -18
3 16 -20 24 -10 -15.602 20 -18 -20 4 -50
4 16 -4.398 20 -18 0 24 -10 4.398 20 -18 0 4 -50 
4 16 15.602 20 -18 20 4 -50 0 4 -50 4.398 20 -18
4 16 -15.602 20 -18 -4.398 20 -18 0 4 -50 -20 4 -50
3 16 -20 24 -10 -15.5434 20.148 -17.7038 -15.602 20 -18
3 16 -20 24 -10 -14.2426 21.121 -15.7574 -15.5434 20.148 -17.7038
3 16 -20 24 -10 -12.2962 21.772 -14.4566 -14.2426 21.121 -15.7574
4 16 -20 24 -10  0 24 -10 -10 22 -14 -12.2962 21.772 -14.4566
3 16 0 24 -10 -7.7038 21.772 -14.4566 -10 22 -14
3 16 0 24 -10 -5.7574 21.121 -15.7574 -7.7038 21.772 -14.4566
3 16 0 24 -10 -4.4566 20.148 -17.7038 -5.7574 21.121 -15.7574
3 16 0 24 -10 -4.398 20 -18 -4.4566 20.148 -17.7038
3 16 20 24 -10 15.602 20 -18 15.5434 20.148 -17.7038
3 16 20 24 -10 15.5434 20.148 -17.7038 14.2426 21.121 -15.7574
3 16 20 24 -10 14.2426 21.121 -15.7574 12.2962 21.772 -14.4566
4 16 20 24 -10 12.2962 21.772 -14.4566 10 22 -14 0 24 -10
3 16 0 24 -10 10 22 -14 7.7038 21.772 -14.4566
3 16 0 24 -10 7.7038 21.772 -14.4566 5.7574 21.121 -15.7574
3 16 0 24 -10 5.7574 21.121 -15.7574 4.4566 20.148 -17.7038
3 16 0 24 -10 4.4566 20.148 -17.7038 4.398 20 -18
4 16 20 24 10 -20 24 10 -20 0 10 20 0 10
4 16 -20 24 -10 -20 4 -50 -20 0 10 -20 24 10
3 16 20 0 -50 20 4 -50 20 0 10
4 16 20 0 -50 -20 0 -50 -20 4 -50 20 4 -50
3 16 -20 0 -50 -20 0 10 -20 4 -50
4 16 18 20 -10 -18 20 -10 -18 2 -46 18 2 -46
4 16 18 20 -10 18 2 -46 18 0 -46 18 0 -10
4 16 -18 20 -10 -18 0 -10 -18 0 -46 -18 2 -46
4 16 18 20 -10 18 0 -10 -18 0 -10 -18 20 -10
4 16 18 2 -46 -18 2 -46 -18 0 -46 18 0 -46
4 16 20 0 10 -20 0 10 -18 0 -10 18 0 -10
4 16 -20 0 10 -20 0 -50 -18 0 -46 -18 0 -10
4 16 -20 0 -50 20 0 -50 18 0 -46 -18 0 -46
4 16 20 0 -50 20 0 10 18 0 -10 18 0 -46
1 16 10 0 0 1 0 0 0 1 0 0 0 1 stud.dat
1 16 10 0 -20 1 0 0 0 1 0 0 0 1 stud2a.dat
1 16 10 0 -40 1 0 0 0 1 0 0 0 1 stud2a.dat
1 16 -10 0 0 1 0 0 0 1 0 0 0 1 stud.dat
1 16 -10 0 -20 1 0 0 0 1 0 0 0 1 stud2a.dat
1 16 -10 0 -40 1 0 0 0 1 0 0 0 1 stud2a.dat
0 Underside notches
3 16 15.602 20 -18 15.5434 20 -17.7038 15.5434 20.148 -17.7038
3 16 4.4566 20.148 -17.7038 4.4566 20 -17.7038 4.398 20 -18
4 16 15.5434 20.148 -17.7038 15.5434 20 -17.7038 14.2426 20 -15.7574 14.2426 21.121 -15.7574
4 16 14.2426 21.121 -15.7574 14.2426 20 -15.7574 12.2962 20 -14.4566 12.2962 21.772 -14.4566
4 16 12.2962 21.772 -14.4566 12.2962 20 -14.4566 10 20 -14 10 22 -14
4 16 10 22 -14 10 20 -14 7.7038 20 -14.4566 7.7038 21.772 -14.4566
4 16 7.7038 21.772 -14.4566 7.7038 20 -14.4566 5.7574 20 -15.7574 5.7574 21.121 -15.7574
4 16 5.7574 21.121 -15.7574 5.7574 20 -15.7574 4.4566 20 -17.7038 4.4566 20.148 -17.7038
4 16 15.602 20 -18 4.398 20 -18 4.4566 20 -17.7038 15.5434 20 -17.7038
4 16 15.5434 20 -17.7038 4.4566 20 -17.7038 5.7574 20 -15.7574 14.2426 20 -15.7574
4 16 5.7574 20 -15.7574 7.7038 20 -14.4566 12.2962 20 -14.4566 14.2426 20 -15.7574
3 16 10 20 -14 12.2962 20 -14.4566 7.7038 20 -14.4566
2 24 15.602 20 -18 4.398 20 -18
2 24 15.602 20 -18 15.5434 20.148 -17.7038
2 24 4.4566 20.148 -17.7038 4.398 20 -18
2 24 15.5434 20.148 -17.7038 14.2426 21.121 -15.7574
2 24 14.2426 21.121 -15.7574 12.2962 21.772 -14.4566
2 24 12.2962 21.772 -14.4566 10 22 -14
2 24 10 22 -14 7.7038 21.772 -14.4566
2 24 7.7038 21.772 -14.4566 5.7574 21.121 -15.7574
2 24 5.7574 21.121 -15.7574 4.4566 20.148 -17.7038
2 24 15.602 20 -18 15.5434 20 -17.7038
2 24 4.4566 20 -17.7038 4.398 20 -18
2 24 15.5434 20 -17.7038 14.2426 20 -15.7574
2 24 5.7574 20 -15.7574 4.4566 20 -17.7038
2 24 5.7574 20 -15.7574 7.7038 20 -14.4566
2 24 12.2962 20 -14.4566 14.2426 20 -15.7574
2 24 10 20 -14 12.2962 20 -14.4566
2 24 10 20 -14 7.7038 20 -14.4566
5 24 15.5434 20 -17.7038 15.5434 20.148 -17.7038 14.2426 20 -15.7574 16 20 -20
5 24 14.2426 20 -15.7574 14.2426 21.121 -15.7574 12.2962 20 -14.4566 15.5434 20 -17.7038
5 24 12.2962 20 -14.4566 12.2962 21.772 -14.4566 10 20 -14 14.2426 20 -15.7574
5 24 10 20 -14 10 22 -14 7.7038 20 -14.4566 12.2962 20 -14.4566
5 24 7.7038 20 -14.4566 7.7038 21.772 -14.4566 5.7574 20 -15.7574 10 20 -14
5 24 5.7574 20 -15.7574 5.7574 21.121 -15.7574 4.4566 20 -17.7038 7.7038 20 -14.4566
5 24 4.4566 20 -17.7038 4.4566 20.148 -17.7038 4 20 -20 5.7574 20 -15.7574
3 16 -4.398 20 -18 -4.4566 20 -17.7038 -4.4566 20.148 -17.7038
3 16 -15.5434 20.148 -17.7038 -15.5434 20 -17.7038 -15.602 20 -18
4 16 -4.4566 20.148 -17.7038 -4.4566 20 -17.7038 -5.7574 20 -15.7574 -5.7574 21.121 -15.7574
4 16 -5.7574 21.121 -15.7574 -5.7574 20 -15.7574 -7.7038 20 -14.4566 -7.7038 21.772 -14.4566
4 16 -7.7038 21.772 -14.4566 -7.7038 20 -14.4566 -10 20 -14 -10 22 -14
4 16 -10 22 -14 -10 20 -14 -12.2962 20 -14.4566 -12.2962 21.772 -14.4566
4 16 -12.2962 21.772 -14.4566 -12.2962 20 -14.4566 -14.2426 20 -15.7574 -14.2426 21.121 -15.7574
4 16 -14.2426 21.121 -15.7574 -14.2426 20 -15.7574 -15.5434 20 -17.7038 -15.5434 20.148 -17.7038
4 16 -4.398 20 -18 -15.602 20 -18 -15.5434 20 -17.7038 -4.4566 20 -17.7038
4 16 -4.4566 20 -17.7038 -15.5434 20 -17.7038 -14.2426 20 -15.7574 -5.7574 20 -15.7574
4 16 -14.2426 20 -15.7574 -12.2962 20 -14.4566 -7.7038 20 -14.4566 -5.7574 20 -15.7574
3 16 -10 20 -14 -7.7038 20 -14.4566 -12.2962 20 -14.4566
2 24 -4.398 20 -18 -15.602 20 -18
2 24 -4.398 20 -18 -4.4566 20.148 -17.7038
2 24 -15.5434 20.148 -17.7038 -15.602 20 -18
2 24 -4.4566 20.148 -17.7038 -5.7574 21.121 -15.7574
2 24 -5.7574 21.121 -15.7574 -7.7038 21.772 -14.4566
2 24 -7.7038 21.772 -14.4566 -10 22 -14
2 24 -10 22 -14 -12.2962 21.772 -14.4566
2 24 -12.2962 21.772 -14.4566 -14.2426 21.121 -15.7574
2 24 -14.2426 21.121 -15.7574 -15.5434 20.148 -17.7038
2 24 -4.398 20 -18 -4.4566 20 -17.7038
2 24 -15.5434 20 -17.7038 -15.602 20 -18
2 24 -4.4566 20 -17.7038 -5.7574 20 -15.7574
2 24 -14.2426 20 -15.7574 -15.5434 20 -17.7038
2 24 -14.2426 20 -15.7574 -12.2962 20 -14.4566
2 24 -7.7038 20 -14.4566 -5.7574 20 -15.7574
2 24 -10 20 -14 -7.7038 20 -14.4566
2 24 -10 20 -14 -12.2962 20 -14.4566
5 24 -4.4566 20 -17.7038 -4.4566 20.148 -17.7038 -5.7574 20 -15.7574 -4 20 -20
5 24 -5.7574 20 -15.7574 -5.7574 21.121 -15.7574 -7.7038 20 -14.4566 -4.4566 20 -17.7038
5 24 -7.7038 20 -14.4566 -7.7038 21.772 -14.4566 -10 20 -14 -5.7574 20 -15.7574
5 24 -10 20 -14 -10 22 -14 -12.2962 20 -14.4566 -7.7038 20 -14.4566
5 24 -12.2962 20 -14.4566 -12.2962 21.772 -14.4566 -14.2426 20 -15.7574 -10 20 -14
5 24 -14.2426 20 -15.7574 -14.2426 21.121 -15.7574 -15.5434 20 -17.7038 -12.2962 20 -14.4566
5 24 -15.5434 20 -17.7038 -15.5434 20.148 -17.7038 -16 20 -20 -14.2426 20 -15.7574
0
