0 ~Car Steering Wheel
0 Name: 3828.dat
0 Author: James Jessiman
0 !LDRAW_ORG Part UPDATE 2009-01
0 !LICENSE Redistributable under CCAL version 2.0 : see CAreadme.txt

0 BFC CERTIFY CCW

0 !HISTORY 2007-06-29 [PTadmin] Header formatted for Contributor Agreement
0 !HISTORY 2008-07-01 [PTadmin] Official Update 2008-01
0 !HISTORY 2008-07-07 [guyvivan] BFC'd (2005-11-26)
0 !HISTORY 2008-07-08 [PTadmin] Renamed from 3829b (2006-04-27)
0 !HISTORY 2009-05-02 [PTadmin] Official Update 2009-01

1 16 0 -2 0 14 0 0 0 1 0 0 0 14 48\4-4edge.dat
1 16 0 -2 0 14 0 0 0 4 0 0 0 14 48\4-4cyli.dat
1 16 0 2 0 14 0 0 0 1 0 0 0 14 48\4-4edge.dat
1 16 0 -2 0 12 0 0 0 1 0 0 0 12 48\4-4edge.dat
0 BFC INVERTNEXT
1 16 0 -2 0 12 0 0 0 4 0 0 0 12 48\4-4cyli.dat
1 16 0 -2 0 2 0 0 0 1 0 0 0 2 48\4-4ring6.dat
1 16 0 2 0 2 0 0 0 -1 0 0 0 2 48\4-4ring6.dat
1 16 0 2 0 12 0 0 0 1 0 0 0 12 48\4-4edge.dat
1 16 0 0 0 4 0 0 0 1 0 0 0 4 48\4-4edge.dat
1 16 0 0 0 2 0 0 0 1 0 0 0 2 48\4-4ring2.dat
1 16 0 6 0 2 0 0 0 -1 0 0 0 2 48\4-4ring2.dat
1 16 0 6 0 4 0 0 0 1 0 0 0 4 48\4-4edge.dat
0 BFC INVERTNEXT
1 16 0 0 0 4 0 0 0 6 0 0 0 4 48\4-4cyli.dat
1 16 0 0 0 1.55291 0 -5.79555 0 1 0 5.79555 0 1.55291 48\1-4edge.dat
1 16 0 0 0 -5.79555 0 1.55291 0 1 0 -1.55291 0 -5.79555 48\1-4edge.dat
1 16 0 0 0 4.24264 0 4.24264 0 1 0 -4.24264 0 4.24264 48\1-4edge.dat
1 16 0 0 0 1.55291 0 -5.79555 0 6 0 5.79555 0 1.55291 48\1-4cyli.dat
1 16 0 0 0 -5.79555 0 1.55291 0 6 0 -1.55291 0 -5.79555 48\1-4cyli.dat
1 16 0 0 0 4.24264 0 4.24264 0 6 0 -4.24264 0 4.24264 48\1-4cyli.dat
1 16 0 6 0 6 0 0 0 1 0 0 0 6 48\4-4edge.dat
2 24 -5.795 0 1.553 -11.897 0 1.566
2 24 -5.795 0 -1.553 -11.897 0 -1.566
2 24 -5.795 6 1.553 -11.897 2 1.566
2 24 -5.795 6 -1.553 -11.897 2 -1.566
2 24 -12 0 0 -11.897 0 1.566
2 24 -12 0 0 -11.897 0 -1.566
2 24 -11.897 2 1.566 -11.897 0 1.566
2 24 -11.897 2 -1.566 -11.897 0 -1.566
2 24 -5.795 0 1.553 -5.795 6 1.553
2 24 -5.795 0 -1.553 -5.795 6 -1.553
4 16 -11.897 0 1.566 -5.795 0 1.553 -5.795 6 1.553 -11.897 2 1.566
4 16 -11.897 2 -1.566 -5.795 6 -1.553 -5.795 0 -1.553 -11.897 0 -1.566
4 16 -12 0 0 -6 0 0 -5.795 0 1.553 -11.897 0 1.566
4 16 -11.897 0 -1.566 -5.795 0 -1.553 -6 0 0 -12 0 0
4 16 -11.897 2 1.566 -5.795 6 1.553 -6 6 0 -12 2 0
5 24 -12 2 0 -6 6 0 -5.795 6 -1.553 -5.795 6 1.553
4 16 -12 2 0 -6 6 0 -5.795 6 -1.553 -11.897 2 -1.566
2 24 1.553 0 -5.795 4.592 0 -11.087
2 24 4.243 0 -4.243 7.306 0 -9.521
2 24 1.553 6 -5.795 4.592 2 -11.087
2 24 4.243 6 -4.243 7.306 2 -9.521
2 24 6 0 -10.392 4.592 0 -11.087
2 24 6 0 -10.392 7.306 0 -9.521
2 24 4.592 2 -11.087 4.592 0 -11.087
2 24 7.306 2 -9.521 7.306 0 -9.521
2 24 1.553 0 -5.795 1.553 6 -5.795
2 24 4.243 0 -4.243 4.243 6 -4.243
4 16 4.592 0 -11.087 1.553 0 -5.795 1.553 6 -5.795 4.592 2 -11.087
4 16 7.306 2 -9.521 4.243 6 -4.243 4.243 0 -4.243 7.306 0 -9.521
4 16 6 0 -10.392 3 0 -5.196 1.553 0 -5.795 4.592 0 -11.087
4 16 7.306 0 -9.521 4.243 0 -4.243 3 0 -5.196 6 0 -10.392
4 16 4.592 2 -11.087 1.553 6 -5.795 3 6 -5.196 6 2 -10.392
5 24 6 2 -10.392 3 6 -5.196 4.243 6 -4.243 1.553 6 -5.795
4 16 6 2 -10.392 3 6 -5.196 4.243 6 -4.243 7.306 2 -9.521
2 24 4.243 0 4.243 7.306 0 9.521
2 24 1.553 0 5.795 4.592 0 11.087
2 24 4.243 6 4.243 7.306 2 9.521
2 24 1.553 6 5.795 4.592 2 11.087
2 24 6 0 10.392 7.306 0 9.521
2 24 6 0 10.392 4.592 0 11.087
2 24 7.306 2 9.521 7.306 0 9.521
2 24 4.592 2 11.087 4.592 0 11.087
2 24 4.243 0 4.243 4.243 6 4.243
2 24 1.553 0 5.795 1.553 6 5.795
4 16 7.306 0 9.521 4.243 0 4.243 4.243 6 4.243 7.306 2 9.521
4 16 4.592 2 11.087 1.553 6 5.795 1.553 0 5.795 4.592 0 11.087
4 16 6 0 10.392 3 0 5.196 4.243 0 4.243 7.306 0 9.521
4 16 4.592 0 11.087 1.553 0 5.795 3 0 5.196 6 0 10.392
4 16 7.306 2 9.521 4.243 6 4.243 3 6 5.196 6 2 10.392
5 24 6 2 10.392 3 6 5.196 1.553 6 5.795 4.243 6 4.243
4 16 6 2 10.392 3 6 5.196 1.553 6 5.795 4.592 2 11.087
0
