0 ~Car Steering Wheel Stand
0 Name: 3829a.dat
0 Author: James Jessiman
0 !LDRAW_ORG Part UPDATE 2009-01
0 !LICENSE Redistributable under CCAL version 2.0 : see CAreadme.txt

0 BFC CERTIFY CCW

0 !HISTORY 2007-06-29 [PTadmin] Header formatted for Contributor Agreement
0 !HISTORY 2008-07-01 [PTadmin] Official Update 2008-01
0 !HISTORY 2008-07-07 [guyvivan] BFC'd (2005-11-26)
0 !HISTORY 2009-05-02 [PTadmin] Official Update 2009-01

1 16 0 4 0 1 0 0 0 -1 0 0 0 1 stud3.dat
1 16 0 4 -10 0 0 -20 4 0 0 0 20 0 box3u2p.dat
0 BFC INVERTNEXT
1 16 0 8 0 16 0 0 0 -4 0 0 0 6 box5.dat
4 16 20 8 10 16 8 6 -16 8 6 -20 8 10
4 16 -20 8 10 -16 8 6 -16 8 -6 -20 8 -10
4 16 -20 8 -10 -16 8 -6 16 8 -6 20 8 -10
4 16 20 8 -10 16 8 -6 16 8 6 20 8 10
2 24 20 0 -10 10 0 -10
2 24 6 0 -6 6 0 -5.04
2 24 -6 0 -5.04 -6 0 -6
2 24 -10 0 -10 -20 0 -10
2 24 6 -24 -6 6 -22.72 -5.04
4 16 6 0 -6 6 0 -5.04 6 -22.72 -5.04 6 -24 -6
4 16 -6 -24 -6 -6 -22.72 -5.04 -6 0 -5.04 -6 0 -6
4 16 6 -24 -6 6 -22.72 -5.04 -6 -22.72 -5.04 -6 -24 -6
2 24 -6 -22.72 -5.04 -6 -24 -6
2 24 -6 -24 -6 -3.696 -24 -6
2 24 6 -24 -6 3.696 -24 -6
4 16 -20 0 10 -10 0 -6 10 0 -6 20 0 10
4 16 10 0 -6 10 0 -10 20 0 -10 20 0 10
4 16 -20 0 10 -20 0 -10 -10 0 -10 -10 0 -6
1 16 0 -12 -10 0 0 -10 -12 0 0 0 1 0 rect1.dat
1 16 0 4 -10 0 0 20 4 0 0 0 1 0 rect1.dat
4 16 -10 -24 -6 -10 -24 -10 10 -24 -10 10 -24 -6
1 16 -8 -12 -8 0 0 -2 -12 0 0 0 2 0 box2-5.dat
1 16 8 -12 -8 0 2 0 -12 0 0 0 0 2 box2-5.dat
1 16 0 -24 -3.333 0 0 4 0 1 0 -6.667 0 0 3-16edge.dat
1 16 0 -24 -3.333 0 0 -4 0 1 0 -6.667 0 0 3-16edge.dat
1 16 0 -22.72 -5.04 3.696 0 1.531 -1.225 0.6 2.956 -0.918 -0.8 2.217 5-8edge.dat
1 16 0 -26.32 -0.24 4 0 0 0 1 3.2 0 0 2.4 4-4edge.dat
1 16 0 -26.32 -0.24 4 0 0 0 1 3.2 0 0 2.4 4-4disc.dat
1 16 0 -22.72 -5.04 -4 0 0 0 -3.6 -3.2 0 4.8 -2.4 4-4cyli.dat
1 16 0 -22.72 -5.04 -4 0 0 0 1.92 -3.2 0 -2.56 -2.4 2-4cyli.dat
1 16 0 -22.72 -5.04 6 0 0 0 1 4.8 0 0 3.6 2-4edge.dat
1 16 0 -22.72 -5.04 6 0 0 0 1 4.8 0 0 3.6 2-4disc.dat
1 16 0 0 -5.04 6 0 0 0 1 0 0 0 3.6 2-4edge.dat
1 16 0 0 -5.04 6 0 0 0 -17.92 0 0 0 3.6 2-4cyli.dat
1 16 0 -17.92 -5.04 0 0 -6 0 -4.8 0 3.6 0 0 1-4cyls.dat
1 16 0 -17.92 -5.04 0 0 6 0 -4.8 0 3.6 0 0 1-4cyls.dat
0
