0 Plate  2 x  2 Round with Axlehole Type 2
0 Name: 4032b.dat
0 Author: Michael Heidemann [mikeheide]
0 !LDRAW_ORG Part UPDATE 2010-02
0 !LICENSE Redistributable under CCAL version 2.0 : see CAreadme.txt

0 BFC CERTIFY CCW

0 !HISTORY 2010-07-05 [PTadmin] Official Update 2010-02

2 24 18.4776 8 7.6537 16 8 11.36
2 24 16 8 11.36 16 4 11.36
2 24 16 4 11.36 14.14 4 14.14
2 24 14.14 4 14.14 11.36 4 16
2 24 11.36 4 16 11.36 8 16
2 24 11.36 8 16 7.6537 8 18.48
2 24 -18.4776 8 7.6537 -16 8 11.36
2 24 -16 8 11.36 -16 4 11.36
2 24 -16 4 11.36 -14.14 4 14.14
2 24 -14.14 4 14.14 -11.36 4 16
2 24 -11.36 4 16 -11.36 8 16
2 24 -11.36 8 16 -7.6537 8 18.48
2 24 18.4776 8 -7.6537 16 8 -11.36
2 24 16 8 -11.36 16 4 -11.36
2 24 16 4 -11.36 14.14 4 -14.14
2 24 14.14 4 -14.14 11.36 4 -16
2 24 11.36 4 -16 11.36 8 -16
2 24 11.36 8 -16 7.6537 8 -18.48
2 24 -18.4776 8 -7.6537 -16 8 -11.36
2 24 -16 8 -11.36 -16 4 -11.36
2 24 -16 4 -11.36 -14.14 4 -14.14
2 24 -14.14 4 -14.14 -11.36 4 -16
2 24 -11.36 4 -16 -11.36 8 -16
2 24 -11.36 8 -16 -7.6537 8 -18.48
1 16 0 4 0 1 0 0 0 -1 0 0 0 1 stud4a.dat
1 16 0 4 0 8 0 0 0 1 0 0 0 8 4-4edge.dat
1 16 0 4 0 8 0 0 0 -1 0 0 0 8 4-4ndis.dat
1 16 0 4 0 1 0 0 0 1 0 0 0 1 axl2hol3.dat
1 16 0 0 0 1 0 0 0 4 0 0 0 1 axl2hol8.dat
1 16 0 0 0 1 0 0 0 4 0 0 0 1 axl2ho10.dat
1 16 0 4 0 0 0 1 0 -4 0 1 0 0 axl2ho10.dat
1 16 0 0 0 1 0 0 0 1 0 0 0 1 axl2hol2.dat
1 16 0 0 0 1 0 0 0 1 0 0 0 1 axl2hol9.dat
1 16 0 4 0 1 0 0 0 1 0 0 0 1 axl2hol9.dat
1 16 0 0 0 6 0 0 0 1 0 0 0 6 4-4ring1.dat
1 16 0 0 0 10 0 0 0 1 0 0 0 10 4-4ring1.dat
1 16 0 0 0 20 0 0 0 4 0 0 0 20 4-4cyli.dat
1 16 10 0 10 1 0 0 0 1 0 0 0 1 stud10.dat
1 16 -10 0 10 0 0 -1 0 1 0 1 0 0 stud10.dat
1 16 10 0 -10 0 0 1 0 1 0 -1 0 0 stud10.dat
1 16 -10 0 -10 -1 0 0 0 1 0 0 0 -1 stud10.dat
4 16 8 4 -8 11.36 4 -16 -11.36 4 -16 -8 4 -8
5 24 7.6537 4 -18.4776 7.6537 8 -18.4776 14.14 4 -14.14 0 4 -20
4 16 -11.36 4 -16 -14.14 4 -14.14 -16 4 -11.36 -8 4 -8
1 16 0 6 -16 11.36 0 0 0 0 -2 0 -1 0 rect.dat
4 16 7.6537 8 -18.4776 -7.6537 8 -18.4776 -11.36 8 -16 11.36 8 -16
1 16 0 8 0 -7.6537 0 18.4776 0 -1 0 -18.4776 0 -7.6537 1-8chrd.dat
1 16 0 4 0 -7.6537 0 18.4776 0 4 0 -18.4776 0 -7.6537 1-8cyli.dat
1 16 0 8 0 -7.6537 0 18.4776 0 1 0 -18.4776 0 -7.6537 1-8edge.dat
1 16 0 0 0 -7.6537 0 18.4776 0 1 0 -18.4776 0 -7.6537 1-8edge.dat
4 16 7.6537 4 -18.4776 7.6537 8 -18.4776 11.36 8 -16 11.36 4 -16
4 16 -7.6537 8 -18.4776 -7.6537 4 -18.4776 -11.36 4 -16 -11.36 8 -16
2 24 -18.4776 0 -7.6537 -15.6145 0 -11.9397
2 24 -7.6537 0 -18.4776 -11.9397 0 -15.6145
4 16 8 4 8 16 4 11.36 16 4 -11.36 8 4 -8
5 24 18.4776 4 7.6537 18.4776 8 7.6537 14.14 4 14.14 20 4 0
4 16 16 4 -11.36 14.14 4 -14.14 11.36 4 -16 8 4 -8
1 16 16 6 0 0 1 0 0 0 -2 11.36 0 0 rect.dat
4 16 18.4776 8 7.6537 18.4776 8 -7.6537 16 8 -11.36 16 8 11.36
1 16 0 8 0 18.4776 0 7.6537 0 -1 0 -7.6537 0 18.4776 1-8chrd.dat
1 16 0 4 0 18.4776 0 7.6537 0 4 0 -7.6537 0 18.4776 1-8cyli.dat
1 16 0 8 0 18.4776 0 7.6537 0 1 0 -7.6537 0 18.4776 1-8edge.dat
1 16 0 0 0 18.4776 0 7.6537 0 1 0 -7.6537 0 18.4776 1-8edge.dat
4 16 18.4776 4 7.6537 18.4776 8 7.6537 16 8 11.36 16 4 11.36
4 16 18.4776 8 -7.6537 18.4776 4 -7.6537 16 4 -11.36 16 8 -11.36
2 24 7.6537 0 -18.4776 11.9397 0 -15.6145
2 24 18.4776 0 -7.6537 15.6145 0 -11.9397
4 16 -8 4 8 -11.36 4 16 11.36 4 16 8 4 8
5 24 -7.6537 4 18.4776 -7.6537 8 18.4776 -14.14 4 14.14 0 4 20
4 16 11.36 4 16 14.14 4 14.14 16 4 11.36 8 4 8
1 16 0 6 16 -11.36 0 0 0 0 -2 0 1 0 rect.dat
4 16 -7.6537 8 18.4776 7.6537 8 18.4776 11.36 8 16 -11.36 8 16
1 16 0 8 0 7.6537 0 -18.4776 0 -1 0 18.4776 0 7.6537 1-8chrd.dat
1 16 0 4 0 7.6537 0 -18.4776 0 4 0 18.4776 0 7.6537 1-8cyli.dat
1 16 0 8 0 7.6537 0 -18.4776 0 1 0 18.4776 0 7.6537 1-8edge.dat
1 16 0 0 0 7.6537 0 -18.4776 0 1 0 18.4776 0 7.6537 1-8edge.dat
4 16 -7.6537 4 18.4776 -7.6537 8 18.4776 -11.36 8 16 -11.36 4 16
4 16 7.6537 8 18.4776 7.6537 4 18.4776 11.36 4 16 11.36 8 16
2 24 18.4776 0 7.6537 15.6145 0 11.9397
2 24 7.6537 0 18.4776 11.9397 0 15.6145
4 16 -8 4 -8 -16 4 -11.36 -16 4 11.36 -8 4 8
5 24 -18.4776 4 -7.6537 -18.4776 8 -7.6537 -14.14 4 -14.14 -20 4 0
4 16 -16 4 11.36 -14.14 4 14.14 -11.36 4 16 -8 4 8
1 16 -16 6 0 0 -1 0 0 0 -2 -11.36 0 0 rect.dat
4 16 -18.4776 8 -7.6537 -18.4776 8 7.6537 -16 8 11.36 -16 8 -11.36
1 16 0 8 0 -18.4776 0 -7.6537 0 -1 0 7.6537 0 -18.4776 1-8chrd.dat
1 16 0 4 0 -18.4776 0 -7.6537 0 4 0 7.6537 0 -18.4776 1-8cyli.dat
1 16 0 8 0 -18.4776 0 -7.6537 0 1 0 7.6537 0 -18.4776 1-8edge.dat
1 16 0 0 0 -18.4776 0 -7.6537 0 1 0 7.6537 0 -18.4776 1-8edge.dat
4 16 -18.4776 4 -7.6537 -18.4776 8 -7.6537 -16 8 -11.36 -16 4 -11.36
4 16 -18.4776 8 7.6537 -18.4776 4 7.6537 -16 4 11.36 -16 8 11.36
2 24 -7.6537 0 18.4776 -11.9397 0 15.6145
2 24 -18.4776 0 7.6537 -15.6145 0 11.9397
0 //
