0 Brick  1 x  1 with Headlight
0 Name: 4070.dat
0 Author: James Jessiman
0 !LDRAW_ORG Part UPDATE 2003-02
0 !LICENSE Redistributable under CCAL version 2.0 : see CAreadme.txt

0 BFC CERTIFY CCW
0 !KEYWORDS side stud, headlight brick

0 !HISTORY 1998-06-20 [PTadmin] Official Update 1998-06
0 !HISTORY 2003-01-28 [sbliss] Completed header; BFC'ed; remeshed polygons
0 !HISTORY 2003-08-01 [PTadmin] Official Update 2003-02
0 !HISTORY 2007-06-30 [PTadmin] Header formatted for Contributor Agreement
0 !HISTORY 2008-07-01 [PTadmin] Official Update 2008-01

 2 24 6 24 6 -6 24 6
 2 24 -6 24 6 -6 24 -6
 2 24 -6 24 -6 6 24 -6
 2 24 6 24 -6 6 24 6

 4 16 10 24 10 6 24 6 -6 24 6 -10 24 10
 4 16 -10 24 10 -6 24 6 -6 24 -6 -10 24 -10
 4 16 -10 24 -10 -6 24 -6 6 24 -6 10 24 -10
 4 16 10 24 -10 6 24 -6 6 24 6 10 24 10

 2 24 10 24 10 -10 24 10
 2 24 -10 24 10 -10 24 -10
 2 24 -10 24 -10 10 24 -10
 2 24 10 24 -10 10 24 10

 1 16 0 20 -8 10 0 0 0 1 0 0 0 2 rect.dat
 2 24 6 20 -2 -6 20 -2
 2 24 -6 20 -2 -6 20 -6
 2 24 6 20 -6 6 20 -2
4 16 6 20 -2 6 20 -6 -6 20 -6 -6 20 -2
 1 16 0 16 8 6 0 0 0 1 0 0 0 2 rect.dat
1 16 0 4 4 -6 0 0 0 -1 0 0 0 6 rect.dat
 1 16 0 0 2 10 0 0 0 1 0 0 0 8 rect.dat

 2 24 6 16 10 6 4 10
 2 24 -6 16 10 -6 4 10
 2 24 10 24 10 10 0 10
 2 24 -10 24 10 -10 0 10
 2 24 6 24 6 6 16 6
 2 24 -6 24 6 -6 16 6
 2 24 6 20 -2 6 4 -2
 2 24 -6 20 -2 -6 4 -2
 2 24 6 24 -6 6 20 -6
 2 24 -6 24 -6 -6 20 -6
 2 24 10 20 -6 10 0 -6
 2 24 -10 20 -6 -10 0 -6
 2 24 10 24 -10 10 20 -10
 2 24 -10 24 -10 -10 20 -10

 1 16 0 10 -2 4 0 0 0 0 4 0 1 0 4-4edge.dat
1 16 0 10 -2 4 0 0 0 0 -4 0 -1 0 4-4ndis.dat
0 BFC INVERTNEXT
 1 16 0 10 -2 4 0 0 0 0 4 0 -4 0 4-4cyli.dat
 1 16 0 10 -6 6 0 0 0 0 6 0 1 0 4-4edge.dat
 1 16 0 10 -6 6 0 0 0 0 6 0 1 0 4-4ndis.dat

4 16 -6 16 10 6 16 10 10 24 10 -10 24 10
4 16 -6 4 10 -6 16 10 -10 24 10 -10 0 10
4 16 6 4 10 -6 4 10 -10 0 10 10 0 10
4 16 6 16 10 6 4 10 10 0 10 10 24 10

 4 16 6 24 6 6 16 6 -6 16 6 -6 24 6

4 16 -4 14 -2 4 14 -2 6 20 -2 -6 20 -2
4 16 -4 6 -2 -4 14 -2 -6 20 -2 -6 4 -2
4 16 4 6 -2 -4 6 -2 -6 4 -2 6 4 -2
4 16 4 14 -2 4 6 -2 6 4 -2 6 20 -2

 4 16 10 20 -6 6 16 -6 -6 16 -6 -10 20 -6
 4 16 -10 20 -6 -6 16 -6 -6 4 -6 -10 0 -6
 4 16 -10 0 -6 -6 4 -6 6 4 -6 10 0 -6
 4 16 10 0 -6 6 4 -6 6 16 -6 10 20 -6

4 16 -6 20 -6 6 20 -6 6 24 -6 -6 24 -6

 4 16 10 24 -10 10 20 -10 -10 20 -10 -10 24 -10

 4 16 10 24 10 10 20 -6 10 20 -10 10 24 -10
 4 16 10 24 10 10 0 10 10 0 -6 10 20 -6

4 16 6 20 -6 6 20 -2 6 24 6 6 24 -6
4 16 6 24  6  6 20 -2 6  4 -2  6 16 6
4 16 6 4  -2  6 4 10  6 16 10  6 16 6

4 16 -6 24 6 -6 20 -2 -6 20 -6 -6 24 -6
4 16 -6 4 -2 -6 20 -2 -6 24 6 -6 16 6
4 16 -6 16 10 -6 4 10 -6 4 -2 -6 16 6

4 16 -10 20 -10 -10 20 -6 -10 24 10 -10 24 -10
4 16 -10 0 -6 -10 0 10 -10 24 10 -10 20 -6

 1 16 0 0 0 1 0 0 0 1 0 0 0 1 stud.dat
 1 16 0 10 -6 1 0 0 0 0 1 0 1 0 stud2a.dat
0

