0 Minifig Seat  2 x  2
0 Name: 4079.dat
0 Author: James Jessiman
0 !LDRAW_ORG Part UPDATE 2004-01
0 !LICENSE Redistributable under CCAL version 2.0 : see CAreadme.txt

0 BFC CERTIFY CW
0 !CATEGORY Minifig Accessory
0 !KEYWORDS car, chair, town

0 !HISTORY 2001-10-26 [PTadmin] Official Update 2001-01
0 !HISTORY 2003-11-28 [Steffen] removed L3P errors, BFCed
0 !HISTORY 2004-03-02 [PTadmin] Official Update 2004-01
0 !HISTORY 2007-06-30 [PTadmin] Header formatted for Contributor Agreement
0 !HISTORY 2008-07-01 [PTadmin] Official Update 2008-01

1 16 0 4 0 1 0 0 0 -1 0 0 0 1 stud4.dat
0 BFC INVERTNEXT
1 16 0 8 0 16 0 0 0 -4 0 0 0 16 box5.dat
4 16 -20 8 20 -16 8 16 16 8 16 20 8 20
4 16 16 8 -20 16 8 -16 -16 8 -16 -16 8 -20
4 16 20 8 20 16 8 16 16 8 -16 20 8 -16
4 16 -16 8 16 -20 8 20 -20 8 -16 -16 8 -16
1 16 16 8 -16 4 0 0 0 -4 0 0 0 -4 1-4disc.dat
1 16 -16 8 -16 -4 0 0 0 -4 0 0 0 -4 1-4disc.dat
2 24 16 8 -20 -16 8 -20
1 16 16 8 -16 4 0 0 0 4 0 0 0 -4 1-4edge.dat
1 16 -16 8 -16 -4 0 0 0 4 0 0 0 -4 1-4edge.dat
2 24 20 8 -16 20 8 20
2 24 -20 8 -16 -20 8 20
2 24 20 8 20 -20 8 20
2 24 20 8 20 20 0 20
2 24 -20 8 20 -20 0 20
2 24 20 0 20 -20 0 20
2 24 20 -8 23 20 -3.06 21.96
2 24 -20 -8 23 -20 -3.06 21.96
2 24 20 -3.06 21.96 20 0 20
2 24 -20 -3.06 21.96 -20 0 20
2 24 20 -36 24.75 20 -8 23
2 24 -20 -36 24.75 -20 -8 23
1 16 16 -36 24.75 4 0 0 0 10 -4 0 0 0.25 1-4edge.dat
1 16 -16 -36 24.75 -4 0 0 0 10 -4 0 0 0.25 1-4edge.dat
2 24 16 -40 25 -16 -40 25
2 24 16 0 -20 -16 0 -20
1 16 16 0 -16 4 0 0 0 4 0 0 0 -4 1-4edge.dat
1 16 -16 0 -16 -4 0 0 0 4 0 0 0 -4 1-4edge.dat
2 24 20 0 -16 20 0 10
2 24 -20 0 -16 -20 0 10
1 16 20 -8 10 0 8 0 8 0 0 0 0 8 1-4edge.dat
1 16 -20 -8 10 0 8 0 8 0 0 0 0 8 1-4edge.dat
2 24 20 -36 19.75 20 -8 18
2 24 -20 -36 19.75 -20 -8 18
1 16 16 -36 19.75 4 0 0 0 10 -4 0 0 0.25 1-4edge.dat
1 16 -16 -36 19.75 -4 0 0 0 10 -4 0 0 0.25 1-4edge.dat
2 24 16 -40 20 -16 -40 20
2 24 14 -40 20 14 -8 18
2 24 -14 -40 20 -14 -8 18
1 16 14 -8 10 0 8 0 8 0 0 0 0 8 1-4edge.dat
1 16 -14 -8 10 0 8 0 8 0 0 0 0 8 1-4edge.dat
2 24 14 -40 20 14 -8 20
2 24 -14 -40 20 -14 -8 20
1 16 14 -8 10 0 10 0 0 0 10 10 0 0 1-8edge.dat
1 16 -14 -8 10 0 10 0 0 0 10 10 0 0 1-8edge.dat
2 24 14 0 15.55 14 -1 17
2 24 -14 0 15.55 -14 -1 17
2 24 14 0 15.55 -14 0 15.55
2 24 14 0 15.55 14 0 10
2 24 -14 0 15.55 -14 0 10
4 16 20 8 20 20 0 20 -20 0 20 -20 8 20
4 16 20 0 20 20 -3.06 21.96 -20 -3.06 21.96 -20 0 20
4 16 20 -3.06 21.96 20 -8 23 -20 -8 23 -20 -3.06 21.96
4 16 20 -8 23 20 -36 24.75 -20 -36 24.75 -20 -8 23
4 16 16 -36 24.75 16 -40 25 -16 -40 25 -16 -36 24.75
0 BFC INVERTNEXT
1 16 16 -36 24.75 4 0 0 0 10 -4 0 0 0.25 1-4disc.dat
0 BFC INVERTNEXT
1 16 -16 -36 24.75 -4 0 0 0 10 -4 0 0 0.25 1-4disc.dat
5 24 20 -3.06 21.96 -20 -3.06 21.96 20 0 20 20 -8 23
5 24 20 -8 23 -20 -8 23 20 -36 24.75 20 -3.06 21.96
4 16 16 0 -16 16 0 -20 -16 0 -20 -16 0 -16
1 16 16 0 -16 4 0 0 0 4 0 0 0 -4 1-4disc.dat
1 16 -16 0 -16 -4 0 0 0 4 0 0 0 -4 1-4disc.dat
4 16 20 0 10 20 0 -16 -20 0 -16 -20 0 10
4 16 14 0 15.55 14 0 10 -14 0 10 -14 0 15.55
0 BFC INVERTNEXT
1 16 20 -8 10 0 -6 0 8 0 0 0 0 8 1-4cyli.dat
0 BFC INVERTNEXT
1 16 -20 -8 10 0 6 0 8 0 0 0 0 8 1-4cyli.dat
4 16 16 -36 19.75 20 -36 19.75 20 -8 18 14 -8 18
4 16 -20 -8 18 -20 -36 19.75 -16 -36 19.75 -14 -8 18
4 16 16 -40 20 16 -36 19.75 14 -8 18 14 -40 20
4 16 -14 -8 18 -16 -36 19.75 -16 -40 20 -14 -40 20
1 16 16 -36 19.75 4 0 0 0 10 -4 0 0 0.25 1-4disc.dat
1 16 -16 -36 19.75 -4 0 0 0 10 -4 0 0 0.25 1-4disc.dat
4 16 14 -1 17 14 0 15.55 -14 0 15.55 -14 -1 17
5 24 14 -1 17 -14 -1 17 14 0 15.55 14 -4.2 19.2
0 BFC INVERTNEXT
1 16 14 -8 10 0 -28 0 0 0 10 10 0 0 1-8cyli.dat
4 16 14 -40 20 14 -8 20 -14 -8 20 -14 -40 20
4 16 16 0 -20 16 8 -20 -16 8 -20 -16 0 -20
1 16 16 0 -16 4 0 0 0 8 0 0 0 -4 1-4cyli.dat
1 16 -16 0 -16 -4 0 0 0 8 0 0 0 -4 1-4cyli.dat
4 16 20 8 -16 20 0 -16 20 0 20 20 8 20
4 16 -20 0 -16 -20 8 -16 -20 8 20 -20 0 20
1 16 20 -8 10 0 -8 0 8 0 0 0 0 8 1-4ndis.dat
1 16 -20 -8 10 0 8 0 8 0 0 0 0 8 1-4ndis.dat
4 16 20 -8 23 20 -3.06 21.96 20 0 20 20 0 17.5
4 16 -20 0 20 -20 -3.06 21.96 -20 -8 23 -20 0 17.5
4 16 20 -36 19.75 20 -36 24.75 20 -8 23 20 0 17.5
4 16 -20 -8 23 -20 -36 24.75 -20 -36 19.75 -20 0 17.5
1 16 16 -36 19.75 4 0 0 0 0 -4 0 5 0.25 1-4cyli.dat
1 16 -16 -36 19.75 -4 0 0 0 0 -4 0 5 0.25 1-4cyli.dat
4 16 16 -40 25 16 -40 20 -16 -40 20 -16 -40 25
1 16 14 -8 10 0 8 0 8 0 0 0 0 8 1-4ndis.dat
1 16 -14 -8 10 0 -8 0 8 0 0 0 0 8 1-4ndis.dat
4 16 14 0 20 14 -40 20 14 -8 18 14 0 18
4 16 -14 -8 18 -14 -40 20 -14 0 20 -14 0 18
1 16 10 0 -10 1 0 0 0 1 0 0 0 1 stud.dat
1 16 -10 0 -10 1 0 0 0 1 0 0 0 1 stud.dat
0
