0 Bracket  1 x  1 -  1 x  1
0 Name: 42446.dat
0 Author: Steve Bliss [sbliss]
0 !LDRAW_ORG Part UPDATE 2005-01
0 !LICENSE Redistributable under CCAL version 2.0 : see CAreadme.txt

0 BFC CERTIFY CCW
0 !KEYWORDS minifig neckwear

0 !HISTORY 2005-12-28 [PTadmin] Official Update 2005-01
0 !HISTORY 2007-07-04 [PTadmin] Header formatted for Contributor Agreement
0 !HISTORY 2008-07-01 [PTadmin] Official Update 2008-01

1 16 0 10 -13 1 0 0 0 0 -1 0 1 0 stud2.dat

0 BFC INVERTNEXT
1 16 0 -3 0 6 0 0 0 3 0 0 0 6 4-4cyli.dat
1 16 0 -3 0 6 0 0 0 1 0 0 0 6 4-4ndis.dat
1 16 0 0 0 -6 0 0 0 -1 0 0 0 6 4-4ndis.dat

1 16 -8 22 -10 0 0 -2 2 0 0 0 -1 0 1-4disc.dat
1 16 8 22 -13 0 0 2 2 0 0 0 1 0 1-4disc.dat
1 16 8 22 -10 2 0 0 0 0 2 0 -1 0 1-4disc.dat
1 16 -8 22 -13 -2 0 0 0 0 2 0 1 0 1-4disc.dat

1 16 8 -3 8 2 0 0 0 1 0 0 0 2 1-4disc.dat
1 16 -8 -3 8 0 0 -2 0 1 0 2 0 0 1-4disc.dat
1 16 -8 0 8 -2 0 0 0 -1 0 0 0 2 1-4disc.dat
1 16 8 0 8 0 0 2 0 -1 0 2 0 0 1-4disc.dat

1 16 -8 22 -10 0 0 -2 2 0 0 0 -3 0 1-4cyli.dat
4 16 -10 22 -13 -10 -3 -13 -10 0 -10 -10 22 -10
4 16 -10 -3 -13 -10 -3 8 -10 0 8 -10 0 -10
1 16 -8 -3 8 0 0 -2 0 3 0 2 0 0 1-4cyli.dat
4 16 8 -3 10 8 0 10 -8 0 10 -8 -3 10
1 16 8 -3 8 2 0 0 0 3 0 0 0 2 1-4cyli.dat
4 16 10 -3 8 10 -3 -13 10 0 -10 10 0 8
4 16 10 22 -13 10 22 -10 10 0 -10 10 -3 -13
1 16 8 22 -10 2 0 0 0 0 2 0 -3 0 1-4cyli.dat
4 16 8 24 -10 8 24 -13 -8 24 -13 -8 24 -10

3 16 -10 0 -10 -8 22 -10 -10 22 -10
4 16 -10 0 -10 10 0 -10 8 22 -10 -8 22 -10
3 16 10 0 -10 10 22 -10 8 22 -10
4 16 8 22 -10 8 24 -10 -8 24 -10 -8 22 -10

3 16 10 -3 -13 8 22 -13 10 22 -13
4 16 10 -3 -13 -10 -3 -13 -8 22 -13 8 22 -13
3 16 -10 -3 -13 -10 22 -13 -8 22 -13
4 16 -8 22 -13 -8 24 -13 8 24 -13 8 22 -13

4 16 -10 0 -10 -10 0 8 -6 0 6 -6 0 -6
3 16 -6 0 6 -10 0 8 -8 0 8
4 16 -6 0 6 -8 0 8 8 0 8 6 0 6
4 16 -8 0 8 -8 0 10 8 0 10 8 0 8
3 16 6 0 6 8 0 8 10 0 8
4 16 6 0 -6 6 0 6 10 0 8 10 0 -10
4 16 -6 0 -6 6 0 -6 10 0 -10 -10 0 -10

4 16 10 -3 -13 10 -3 8 6 -3 6 6 -3 -6
3 16 6 -3 6 10 -3 8 8 -3 8
4 16 6 -3 6 8 -3 8 -8 -3 8 -6 -3 6
4 16 8 -3 8 8 -3 10 -8 -3 10 -8 -3 8
3 16 -6 -3 6 -8 -3 8 -10 -3 8
4 16 -6 -3 -6 -6 -3 6 -10 -3 8 -10 -3 -13
4 16 6 -3 -6 -6 -3 -6 -10 -3 -13 10 -3 -13

0 Outlines
2 24 10 22 -13 10 -3 -13
2 24 10 -3 -13 10 -3 8
2 24 8 -3 10 -8 -3 10
2 24 -10 -3 8 -10 -3 -13
2 24 -10 -3 -13 -10 22 -13
2 24 -8 24 -13 8 24 -13

2 24 10 22 -10 10 0 -10
2 24 10 0 -10 10 0 8
2 24 8 0 10 -8 0 10
2 24 -10 0 8 -10 0 -10
2 24 -10 0 -10 -10 22 -10
2 24 -8 24 -10 8 24 -10

2 24 -10 -3 -13 10 -3 -13
2 24 -10 0 -10 10 0 -10

1 16 -8 22 -10 0 0 -2 2 0 0 0 -1 0 1-4edge.dat
1 16 -8 22 -13 0 0 -2 2 0 0 0 -1 0 1-4edge.dat
1 16 8 22 -10 2 0 0 0 0 2 0 -1 0 1-4edge.dat
1 16 8 22 -13 2 0 0 0 0 2 0 -1 0 1-4edge.dat

1 16 8 -3 8 2 0 0 0 1 0 0 0 2 1-4edge.dat
1 16 -8 -3 8 0 0 -2 0 1 0 2 0 0 1-4edge.dat
1 16 8 0 8 2 0 0 0 1 0 0 0 2 1-4edge.dat
1 16 -8 0 8 0 0 -2 0 1 0 2 0 0 1-4edge.dat

1 16 0 -3 0 6 0 0 0 1 0 0 0 6 4-4edge.dat
1 16 0 0 0 6 0 0 0 1 0 0 0 6 4-4edge.dat
0

