0 Hinge Plate  1 x  2 Locking with Single Finger on End Vertical
0 Name: 44301.dat
0 Author: Chris Dee [cwdee]
0 !LDRAW_ORG Part UPDATE 2003-03
0 !LICENSE Redistributable under CCAL version 2.0 : see CAreadme.txt

0 BFC CERTIFY CCW

0 !HISTORY 2003-12-19 [PTadmin] Official Update 2003-03
0 !HISTORY 2007-07-04 [PTadmin] Header formatted for Contributor Agreement
0 !HISTORY 2008-07-01 [PTadmin] Official Update 2008-01

1 16 0 4 0 1 0 0 0 -1 0 0 0 1 stud3.dat
1 16 10 0 0 1 0 0 0 1 0 0 0 1 stud.dat
1 16 -10 0 0 1 0 0 0 1 0 0 0 1 stud.dat
0 BFC INVERTNEXT
1 16 0 8 0 16 0 0 0 -4 0 0 0 6 box5.dat

4 16 20 8 10 16 8 6 -16 8 6 -19 8 10
4 16 -19 8 10 -16 8 6 -16 8 -6 -19 8 -10
4 16 -19 8 -10 -16 8 -6 16 8 -6 20 8 -10
4 16 20 8 -10 16 8 -6 16 8 6 20 8 10

2 24 20 0 10 -20 0 10
2 24 -20 0 10 -20 0 -10
2 24 -20 0 -10 20 0 -10
2 24 20 0 -10 20 0 10
2 24 20 8 10 -19 8 10
2 24 -20 7 10 -20 7 -10
2 24 -19 8 -10 20 8 -10
2 24 20 8 -10 20 8 -4
2 24 20 8 4 20 8 10
2 24 20 8 10 20 0 10
2 24 -20 7 10 -20 0 10
2 24 20 8 -10 20 0 -10
2 24 -20 7 -10 -20 0 -10
2 24 -19 8 10 -19 7 10
2 24 -19 7 10 -20 7 10
2 24 -19 8 -10 -19 7 -10
2 24 -19 7 -10 -20 7 -10
2 24 -19 8 10 -19 8 -10
2 24 -19 7 10 -19 7 -10

4 16 -20 0 10 -19 0 10 -19 7 10 -20 7 10
4 16 -19 7 -10 -19 0 -10 -20 0 -10 -20 7 -10
4 16 -19 8 10 -19 8 -10 -19 7 -10 -19 7 10
4 16 -19 7 10 -19 7 -10 -20 7 -10 -20 7 10
4 16 -20 0 -10 20 0 -10 20 0 10 -20 0 10
4 16 20 0 10 20 8 10 -19 8 10 -19 0 10
4 16 -20 0 10 -20 7 10 -20 7 -10 -20 0 -10
4 16 -19 0 -10 -19 8 -10 20 8 -10 20 0 -10
4 16 20 0 -10 20 8 -10 20 8 -9 20 0 -9
4 16 20 0 9 20 8 9 20 8 10 20 0 10

4 16 20 5 -4 20 5 -9 20 8 -9 20 8 -4
4 16 20 8 9 20 5 9 20 5 4 20 8 4

1 16 20 2 0 0 0 -1 0 1 0 1 0 0 clh6.dat
0
