0 Hinge Car Roof  4 x  4 Locking
0 Name: 44570.dat
0 Author: Orion Pobursky [OrionP]
0 !LDRAW_ORG Part UPDATE 2010-01
0 !LICENSE Redistributable under CCAL version 2.0 : see CAreadme.txt

0 BFC CERTIFY CCW

0 !HISTORY 2010-04-05 [PTadmin] Official Update 2010-01

1 16 20 4 -20 1 0 0 0 -1 0 0 0 1 stud4.dat
1 16 -20 4 -20 1 0 0 0 -1 0 0 0 1 stud4.dat
1 16 0 8 -20 -4.24 0 4.24 0 1 0 -4.24 0 -4.24 1-4edge.dat
1 16 0 8 -20 -5.66 0 5.66 0 1 0 -5.66 0 -5.66 1-4edge.dat
1 16 0 4 -20 -4.24 0 4.24 0 1 0 -4.24 0 -4.24 1-4edge.dat
1 16 0 4 -20 -5.66 0 5.66 0 1 0 -5.66 0 -5.66 1-4edge.dat
0 BFC INVERTNEXT
1 16 0 4 -20 -4.24 0 4.24 0 4 0 -4.24 0 -4.24 1-4cyli.dat
1 16 0 4 -20 -5.66 0 5.66 0 4 0 -5.66 0 -5.66 1-4cyli.dat
1 16 4.95 8 -24.95 0.7071 0 0.7071 0 1 0 -0.7071 0 0.7071 2-4edge.dat
1 16 -4.95 8 -24.95 0.7071 0 -0.7071 0 1 0 0.7071 0 0.7071 2-4edge.dat
1 16 4.95 4 -24.95 0.7071 0 0.7071 0 1 0 -0.7071 0 0.7071 2-4edge.dat
1 16 -4.95 4 -24.95 0.7071 0 -0.7071 0 1 0 0.7071 0 0.7071 2-4edge.dat
1 16 4.95 8 -24.95 0.7071 0 0.7071 0 -1 0 -0.7071 0 0.7071 2-4disc.dat
1 16 -4.95 8 -24.95 0.7071 0 -0.7071 0 -1 0 0.7071 0 0.7071 2-4disc.dat
1 16 4.95 4 -24.95 0.7071 0 0.7071 0 4 0 -0.7071 0 0.7071 2-4cyli.dat
1 16 -4.95 4 -24.95 0.7071 0 -0.7071 0 4 0 0.7071 0 0.7071 2-4cyli.dat
4 16 -4.24 8 -24.24 -2.3 8 -25.54 -3.06 8 -27.39 -5.66 8 -25.66
4 16 -2.3 8 -25.54 0 8 -26 0 8 -28 -3.06 8 -27.39
4 16 0 8 -26 2.3 8 -25.54 3.06 8 -27.39 0 8 -28
4 16 2.3 8 -25.54 4.24 8 -24.24 5.66 8 -25.66 3.06 8 -27.39
2 24 -36 8 16 -36 8 -36
2 24 -36 8 -36 36 8 -36
2 24 36 8 -36 36 8 16
2 24 -36 4 16 -36 4 -36
2 24 -36 4 -36 36 4 -36
2 24 36 4 -36 36 4 16
2 24 -36 4 -36 -36 8 -36
2 24 36 4 -36 36 8 -36
2 24 -40 8 20 -40 8 -40
2 24 -40 8 -40 40 8 -40
2 24 40 8 -40 40 8 20
2 24 -40 0 20 -40 0 -40
2 24 -40 0 -40 40 0 -40
2 24 40 0 -40 40 0 20
2 24 40 0 -40 40 8 -40
2 24 -40 0 -40 -40 8 -40
4 16 40 8 20 40 8 -40 36 8 -36 36 8 16
4 16 -40 8 20 -36 8 16 -36 8 -36 -40 8 -40
4 16 40 8 -40 -40 8 -40 -36 8 -36 36 8 -36
4 16 -36 8 16 -36 4 16 -36 4 -36 -36 8 -36
4 16 -36 8 -36 -36 4 -36 36 4 -36 36 8 -36
4 16 36 8 -36 36 4 -36 36 4 16 36 8 16
4 16 36 4 16 36 4 -36 -36 4 -36 -36 4 16
4 16 -40 8 20 -40 8 -40 -40 0 -40 -40 0 20
4 16 -40 8 -40 40 8 -40 40 0 -40 -40 0 -40
4 16 40 8 -40 40 8 20 40 0 20 40 0 -40
4 16 40 0 20 -40 0 20 -40 0 -40 40 0 -40
1 16 30 0 -30 1 0 0 0 1 0 0 0 1 stud.dat
1 16 10 0 -30 1 0 0 0 1 0 0 0 1 stud.dat
1 16 -10 0 -30 1 0 0 0 1 0 0 0 1 stud.dat
1 16 -30 0 -30 1 0 0 0 1 0 0 0 1 stud.dat
1 16 30 0 -10 1 0 0 0 1 0 0 0 1 stud.dat
1 16 10 0 -10 1 0 0 0 1 0 0 0 1 stud.dat
1 16 -10 0 -10 1 0 0 0 1 0 0 0 1 stud.dat
1 16 -30 0 -10 1 0 0 0 1 0 0 0 1 stud.dat
1 16 30 0 10 1 0 0 0 1 0 0 0 1 stud.dat
1 16 10 0 10 1 0 0 0 1 0 0 0 1 stud.dat
1 16 -10 0 10 1 0 0 0 1 0 0 0 1 stud.dat
1 16 -30 0 10 1 0 0 0 1 0 0 0 1 stud.dat
1 16 -20 2 26 1 0 0 0 1 0 0 0 1 clh4.dat
1 16 -20 2 26 -1 0 0 0 -1 0 0 0 1 clh4.dat
1 16 20 2 26 1 0 0 0 1 0 0 0 1 clh4.dat
1 16 20 2 26 -1 0 0 0 -1 0 0 0 1 clh4.dat
1 16 -7 2 30 0 14 0 -6 0 0 0 0 6 2-4cyli.dat
1 16 -40 2 30 0 8 0 -6 0 0 0 0 6 2-4cyli.dat
1 16 32 2 30 0 8 0 -6 0 0 0 0 6 2-4cyli.dat
1 16 40 2 30 0 -8 0 -6 0 0 0 0 6 2-4disc.dat
1 16 32 2 30 0 8 0 -6 0 0 0 0 6 2-4disc.dat
1 16 7 2 30 0 -8 0 -6 0 0 0 0 6 2-4disc.dat
1 16 -7 2 30 0 8 0 -6 0 0 0 0 6 2-4disc.dat
1 16 -32 2 30 0 -8 0 -6 0 0 0 0 6 2-4disc.dat
1 16 -40 2 30 0 8 0 -6 0 0 0 0 6 2-4disc.dat
1 16 40 2 30 0 8 0 -6 0 0 0 0 6 2-4edge.dat
1 16 32 2 30 0 8 0 -6 0 0 0 0 6 2-4edge.dat
1 16 7 2 30 0 8 0 -6 0 0 0 0 6 2-4edge.dat
1 16 -7 2 30 0 8 0 -6 0 0 0 0 6 2-4edge.dat
1 16 -32 2 30 0 8 0 -6 0 0 0 0 6 2-4edge.dat
1 16 -40 2 30 0 8 0 -6 0 0 0 0 6 2-4edge.dat
1 16 13.75 -2 22 2.25 0 0 0 0.7071 -2 0 0.7071 2 rect.dat
1 16 26.25 -2 22 2.25 0 0 0 0.7071 -2 0 0.7071 2 rect.dat
1 16 -26.25 -2 22 2.25 0 0 0 0.7071 -2 0 0.7071 2 rect.dat
1 16 -13.75 -2 22 2.25 0 0 0 0.7071 -2 0 0.7071 2 rect.dat
1 16 -36 -2 22 4 0 0 0 0.7071 -2 0 0.7071 2 rect.dat
1 16 36 -2 22 4 0 0 0 0.7071 -2 0 0.7071 2 rect.dat
1 16 0 -2 22 7 0 0 0 0.7071 -2 0 0.7071 2 rect.dat
1 16 0 -4 27 0 0 -7 0 1 0 3 0 0 rect2p.dat
1 16 -36 -4 27 0 0 -4 0 1 0 3 0 0 rect2p.dat
1 16 36 -4 27 0 0 -4 0 1 0 3 0 0 rect2p.dat
1 16 36 8 25 0 0 -4 0 -1 0 5 0 0 rect2p.dat
1 16 -36 8 25 0 0 -4 0 -1 0 5 0 0 rect2p.dat
1 16 0 8 25 0 0 -7 0 -1 0 5 0 0 rect2p.dat
1 16 26.25 8 23 0 0 -2.25 0 -1 0 3 0 0 rect2p.dat
1 16 13.75 8 23 0 0 -2.25 0 -1 0 3 0 0 rect2p.dat
1 16 -13.75 8 23 0 0 -2.25 0 -1 0 3 0 0 rect2p.dat
1 16 -26.25 8 23 0 0 -2.25 0 -1 0 3 0 0 rect2p.dat
1 16 26.25 -4 25 0 0 -2.25 0 1 0 1 0 0 rect2p.dat
1 16 13.75 -4 25 0 0 -2.25 0 1 0 1 0 0 rect2p.dat
1 16 -13.75 -4 25 0 0 -2.25 0 1 0 1 0 0 rect2p.dat
1 16 -26.25 -4 25 0 0 -2.25 0 1 0 1 0 0 rect2p.dat
3 16 40 -4 24 40 0 20 40 -4 30
3 16 32 -4 24 32 -4 30 32 0 20
3 16 7 -4 24 7 0 20 7 -4 30
3 16 -7 -4 24 -7 -4 30 -7 0 20
3 16 -32 -4 24 -32 0 20 -32 -4 30
3 16 -40 -4 24 -40 -4 30 -40 0 20
3 16 -28.5 -4 24 -28.5 -4 26 -28.5 0 20
3 16 -24 -4 24 -24 0 20 -24 -4 26
3 16 -16 -4 24 -16 -4 26 -16 0 20
3 16 -11.5 -4 24 -11.5 0 20 -11.5 -4 26
3 16 11.5 -4 24 11.5 -4 26 11.5 0 20
3 16 16 -4 24 16 0 20 16 -4 26
3 16 24 -4 24 24 -4 26 24 0 20
3 16 28.5 -4 24 28.5 0 20 28.5 -4 26
4 16 40 8 20 40 8 30 40 -4 30 40 0 20
4 16 32 8 20 32 0 20 32 -4 30 32 8 30
4 16 7 8 20 7 8 30 7 -4 30 7 0 20
4 16 -7 8 20 -7 0 20 -7 -4 30 -7 8 30
4 16 -32 8 20 -32 8 30 -32 -4 30 -32 0 20
4 16 -40 8 20 -40 0 20 -40 -4 30 -40 8 30
4 16 -28.5 8 20 -28.5 0 20 -28.5 -4 26 -28.5 8 26
4 16 -24 8 20 -24 8 26 -24 -4 26 -24 0 20
4 16 -16 8 20 -16 0 20 -16 -4 26 -16 8 26
4 16 -11.5 8 20 -11.5 8 26 -11.5 -4 26 -11.5 0 20
4 16 11.5 8 20 11.5 0 20 11.5 -4 26 11.5 8 26
4 16 16 8 20 16 8 26 16 -4 26 16 0 20
4 16 24 8 20 24 0 20 24 -4 26 24 8 26
4 16 28.5 8 20 28.5 8 26 28.5 -4 26 28.5 0 20
1 16 -20 4 20 4 0 0 0 0 -4 0 -1 0 rect.dat
1 16 20 4 20 4 0 0 0 0 -4 0 -1 0 rect.dat
1 16 9.25 4 20 2.25 0 0 0 0 -4 0 -1 0 rect.dat
1 16 -9.25 4 20 2.25 0 0 0 0 -4 0 -1 0 rect.dat
1 16 -30.25 4 20 1.75 0 0 0 0 -4 0 -1 0 rect.dat
1 16 30.25 4 20 1.75 0 0 0 0 -4 0 -1 0 rect.dat
1 16 0 6 16 36 0 0 0 0 -2 0 1 0 rect.dat
4 16 36 8 16 -36 8 16 -40 8 20 40 8 20
0
