0 Plate  1 x  4 Offset
0 Name: 4590.dat
0 Author: James Jessiman
0 !LDRAW_ORG Part UPDATE 2004-02
0 !LICENSE Redistributable under CCAL version 2.0 : see CAreadme.txt

0 BFC CERTIFY CW

0 !HISTORY 1998-06-20 [PTadmin] Official Update 1998-06
0 !HISTORY 1999-05-17 [PTadmin] Official Update 1999-03
0 !HISTORY 2003-06-30 [Steffen] BFCed, converted several quads to ring primitives, fixed two quads that did not fit to their bounding edges
0 !HISTORY 2003-12-02 [Steffen] fixed 2 very tiny BFC errors (wrongly oriented 1-4ndiscs)
0 !HISTORY 2004-04-22 [PTadmin] Official Update 2004-02
0 !HISTORY 2007-10-26 [PTadmin] Header formatted for Contributor Agreement
0 !HISTORY 2008-07-01 [PTadmin] Official Update 2008-01

0 // One or more STUD references in this file have been purposely
0 // capitalized to ensure that the stud is fully visible in LEdit.
1 16 -30 12 10 1 0 0 0 -1 0 0 0 -1 STUD4a.dat
1 16 30 12 10 1 0 0 0 -1 0 0 0 -1 STUD4a.dat
1 16 0 4 0 1 0 0 0 -1 0 0 0 1 stud3.dat
1 16 30 12 10 6 0 0 0 6 0 0 0 6 4-4edge.dat
1 16 -30 12 10 6 0 0 0 6 0 0 0 6 4-4edge.dat
1 16 30 12 10 4 0 0 0 4 0 0 0 4 4-4edge.dat
1 16 -30 12 10 4 0 0 0 4 0 0 0 4 4-4edge.dat
1 16 30 8 10 6 0 0 0 6 0 0 0 6 4-4edge.dat
1 16 -30 8 10 6 0 0 0 6 0 0 0 6 4-4edge.dat
0 BFC INVERTNEXT
1 16 30 8 10 4 0 0 0 4 0 0 0 4 4-4cyli.dat
0 BFC INVERTNEXT
1 16 -30 8 10 4 0 0 0 4 0 0 0 4 4-4cyli.dat
1 16 -30 12 10 2 0 0 0 -2 0 0 0 2 ring2.dat
1 16 30 12 10 2 0 0 0 -2 0 0 0 2 ring2.dat
0 BFC INVERTNEXT
1 16 0 8 0 16 0 0 0 -4 0 0 0 6 box5.dat
2 24 18 8 6 22 8 6
1 16 22 8 3 0 0 3 0 3 0 3 0 0 3-8edge.dat
2 24 24.1 8 0.9 18 8 -5.2
2 24 18 8 -5.2 18 8 6
2 24 -18 8 6 -22 8 6
1 16 -22 8 3 0 0 -3 0 3 0 3 0 0 3-8edge.dat
2 24 -24.1 8 0.9 -18 8 -5.2
2 24 -18 8 -5.2 -18 8 6
2 24 18 4 6 22 4 6
1 16 22 4 3 0 0 3 0 3 0 3 0 0 3-8edge.dat
2 24 24.1 4 0.9 18 4 -5.2
2 24 18 4 -5.2 18 4 6
2 24 -18 4 6 -22 4 6
1 16 -22 4 3 0 0 -3 0 3 0 3 0 0 3-8edge.dat
2 24 -24.1 4 0.9 -18 4 -5.2
2 24 -18 4 -5.2 -18 4 6
2 24 18 4 6 18 8 6
2 24 -18 4 6 -18 8 6
2 24 18 4 -5.2 18 8 -5.2
2 24 -18 4 -5.2 -18 8 -5.2
2 24 34.24 0 5.76 20 0 -6
2 24 34.24 8 5.76 20 8 -6
2 24 -34.24 0 5.76 -20 0 -6
2 24 -34.24 8 5.76 -20 8 -6
2 24 25.76 0 14.24 20 0 10
2 24 25.76 8 14.24 20 8 10
2 24 -25.76 0 14.24 -20 0 10
2 24 -25.76 8 14.24 -20 8 10
2 24 20 0 10 -20 0 10
2 24 20 8 10 -20 8 10
2 24 20 0 10 20 8 10
2 24 -20 0 10 -20 8 10
2 24 20 0 -6 20 0 -10
2 24 20 8 -6 20 8 -10
2 24 -20 0 -6 -20 0 -10
2 24 -20 8 -6 -20 8 -10
2 24 20 0 -10 -20 0 -10
2 24 20 8 -10 -20 8 -10
2 24 20 0 -10 20 8 -10
2 24 -20 0 -10 -20 8 -10
2 24 20 0 -6 20 8 -6
2 24 -20 0 -6 -20 8 -6
1 16 30 0 10 4.26 0 -4.26 0 1 0 -4.26 0 -4.26 2-4edge.dat
1 16 -30 0 10 -4.26 0 4.26 0 1 0 -4.26 0 -4.26 2-4edge.dat
1 16 22 8 3 3 0 0 0 -1 0 0 0 3 1-4ndis.dat
1 16 -22 8 3 -3 0 0 0 -1 0 0 0 3 1-4ndis.dat
1 16 22 8 3 3 0 0 0 -3 0 0 0 -3 1-8ndis.dat
1 16 -22 8 3 -3 0 0 0 -3 0 0 0 -3 1-8ndis.dat
3 16 20 8 10 25.76 8 10 25.76 8 14.24
3 16 -25.76 8 14.24 -25.76 8 10 -20 8 10
4 16 25.76 8 6 25.76 8 10 -25.76 8 10 -25.76 8 6
4 16 18 8 6 16 8 6 16 8 -6 18 8 -5.2
4 16 -16 8 -6 -16 8 6 -18 8 6 -18 8 -5.2
4 16 34.24 8 5.76 25.76 8 6 25 8 6 25 8 0
4 16 -25 8 6 -25.76 8 6 -34.24 8 5.76 -25 8 0
4 16 34.24 8 5.76 24.1 8 0.9 18 8 -5.2 20 8 -6
4 16 -18 8 -5.2 -24.1 8 0.9 -34.24 8 5.76 -20 8 -6
4 16 20 8 -6 18 8 -5.2 16 8 -6 20 8 -10
4 16 -16 8 -6 -18 8 -5.2 -20 8 -6 -20 8 -10
4 16 20 8 -10 16 8 -6 -16 8 -6 -20 8 -10
4 16 25 4 1.8 25 4 6 18 4 6 18 4 -5.2
4 16 -18 4 6 -25 4 6 -25 4 1.8 -18 4 -5.2
4 16 20 0 10 20 0 -10 -20 0 -10 -20 0 10
3 16 20 0 -6 25.76 0 5.76 34.24 0 5.76
3 16 -34.24 0 5.76 -25.76 0 5.76 -20 0 -6
4 16 25.76 0 14.24 25.76 0 5.76 20 0 -6 20 0 10
4 16 -20 0 -6 -25.76 0 5.76 -25.76 0 14.24 -20 0 10
4 16 18 4 6 22 4 6 22 8 6 18 8 6
0 BFC INVERTNEXT
1 16 22 4 3 0 0 3 0 4 0 3 0 0 3-8cyli.dat
4 16 24.1 4 0.9 18 4 -5.2 18 8 -5.2 24.1 8 0.9
4 16 18 4 -5.2 18 4 6 18 8 6 18 8 -5.2
4 16 -22 8 6 -22 4 6 -18 4 6 -18 8 6
0 BFC INVERTNEXT
1 16 -22 4 3 0 0 -3 0 4 0 3 0 0 3-8cyli.dat
4 16 -18 8 -5.2 -18 4 -5.2 -24.1 4 0.9 -24.1 8 0.9
4 16 -18 8 6 -18 4 6 -18 4 -5.2 -18 8 -5.2
4 16 25.76 8 14.24 25.76 0 14.24 20 0 10 20 8 10
4 16 -20 0 10 -25.76 0 14.24 -25.76 8 14.24 -20 8 10
4 16 20 8 10 20 0 10 -20 0 10 -20 8 10
4 16 20 0 -6 34.24 0 5.76 34.24 8 5.76 20 8 -6
4 16 -34.24 8 5.76 -34.24 0 5.76 -20 0 -6 -20 8 -6
4 16 20 0 -10 20 0 -6 20 8 -6 20 8 -10
4 16 -20 8 -6 -20 0 -6 -20 0 -10 -20 8 -10
4 16 -20 8 -10 -20 0 -10 20 0 -10 20 8 -10
1 16 30 8 10 6 0 0 0 3 0 0 0 6 4-4edge.dat
0 BFC INVERTNEXT
1 16 30 0 10 4 0 0 0 8 0 0 0 4 4-4cyli.dat
1 16 30 0 10 6 0 0 0 8 0 0 0 6 4-4cyli.dat
1 16 -30 8 10 6 0 0 0 3 0 0 0 6 4-4edge.dat
0 BFC INVERTNEXT
1 16 -30 0 10 4 0 0 0 8 0 0 0 4 4-4cyli.dat
1 16 -30 0 10 6 0 0 0 8 0 0 0 6 4-4cyli.dat
1 16 30 0 10 1 0 0 0 1 0 0 0 1 STUD2a.dat
1 16 -30 0 10 1 0 0 0 1 0 0 0 1 STUD2a.dat
1 16 10 0 0 1 0 0 0 1 0 0 0 1 stud.dat
1 16 -10 0 0 1 0 0 0 1 0 0 0 1 stud.dat
1 16 -30 8 10 2 0 0 0 1 0 0 0 2 ring3.dat
1 16 30 8 10 2 0 0 0 1 0 0 0 2 ring3.dat
1 16 30 8 10 8 0 0 0 4 0 0 0 8 4-4cyli.dat
1 16 30 8 10 8 0 0 0 4 0 0 0 8 4-4edge.dat
1 16 -30 8 10 8 0 0 0 4 0 0 0 8 4-4edge.dat
1 16 -30 8 10 8 0 0 0 4 0 0 0 8 4-4cyli.dat
0
