0 Hinge Control Stick Base
0 Name: 4592.dat
0 Author: Steve Bliss [sbliss]
0 !LDRAW_ORG Part UPDATE 2005-01
0 !LICENSE Redistributable under CCAL version 2.0 : see CAreadme.txt

0 BFC CERTIFY CCW
0 !KEYWORDS Lever Small Base, antenna

0 !HISTORY 2003-11-15 [sbliss] redeveloped entire part
0 !HISTORY 2005-12-28 [PTadmin] Official Update 2005-01
0 !HISTORY 2007-07-08 [PTadmin] Header formatted for Contributor Agreement
0 !HISTORY 2008-07-01 [PTadmin] Official Update 2008-01

0 // Inside of dome-slot
4 16 1.064 0 -7.392 2 0 -7.127 2 0 -5 0 0 -7.603
3 16 0 0 -7.603 2 0 -5 -2 0 -5
4 16 -2 0 -5 -2 0 -7.127 -1.064 0 -7.392 0 0 -7.603
4 16 -2 0 -5 2 0 -5 2 2 -5 -2 2 -5

2 24 -2 0 -5 2 0 -5
2 24 -2 2 -5  2 2 -5
2 24 2 2 -5  2 2 5

5 24 0 2 -8 0 0 -7.603 1.064 0 -7.392 -1.064 0 -7.392

4 16 -1.064 0 7.392 -2 0 7.127 -2 0 5 0 0 7.603
3 16 0 0 7.603 -2 0 5 2 0 5
4 16 2 0 5 2 0 7.127 1.064 0 7.392 0 0 7.603
4 16 2 0 5 -2 0 5 -2 2 5 2 2 5

2 24 2 0 5 -2 0 5
2 24 2 2 5 -2 2 5
2 24 -2 2 5 -2 2 -5

5 24 0 2 8 0 0 7.603 -1.064 0 7.392 1.064 0 7.392

0 Base cylinder
1 16 0 2 0 -1 0 0 0 -1.5 0 0 0 1 STUD4a.dat
1 16 0 2 0 6 0 0 0 1 0 0 0 6 4-4edge.dat

0 // Underside slotted disc
4 16 2 2 0 5.543 2 2.296 6 2 0 5.543 2 -2.296
4 16 2 2 -5 2 2 0 5.543 2 -2.296 4.243 2 -4.243
4 16 2 2 -5 4.243 2 -4.243 2.296 2 -5.543 0 2 -6
3 16 2 2 -5 0 2 -6 -2 2 -5
4 16 -2.296 2 -5.543 -4.243 2 -4.243 -2 2 -5 0 2 -6
4 16 -4.243 2 -4.243 -5.543 2 -2.296 -2 2 0 -2 2 -5
4 16 -2 2 0 -5.543 2 -2.296 -6 2 0 -5.543 2 2.296
4 16 -2 2 5 -2 2 0 -5.543 2 2.296 -4.243 2 4.243
4 16 -2 2 5 -4.243 2 4.243 -2.296 2 5.543 0 2 6
3 16 -2 2 5 0 2 6 2 2 5
4 16 2.296 2 5.543 4.243 2 4.243 2 2 5 0 2 6
4 16 4.243 2 4.243 5.543 2 2.296 2 2 0 2 2 5

0 Dome
3 16 7.392 -1.064 0 7.392 2 -3.064 8 2 0
3 16 7.392 -1.064 0 6.272 -1.512 -3.512 7.392 2 -3.064
3 16 6.272 -1.512 -3.512 5.656 2 -5.656 7.392 2 -3.064
3 16 6.272 -1.512 -3.512 3.512 -1.512 -6.272 5.656 2 -5.656
3 16 3.512 -1.512 -6.272 3.064 2 -7.392 5.656 2 -5.656
3 16 2 0 -7.127 1.064 0 -7.392 3.064 2 -7.392
4 16 2 -1.319 -6.754 2 0 -7.127 3.064 2 -7.392 3.512 -1.512 -6.272
4 16 0 0 -7.603 0 2 -8 3.064 2 -7.392 1.064 0 -7.392
3 16 5.656 -3.656 0 6.272 -1.512 -3.512 7.392 -1.064 0
3 16 5.656 -3.656 0 3.512 -4.272 -3.512 6.272 -1.512 -3.512
3 16 3.512 -4.272 -3.512 3.512 -1.512 -6.272 6.272 -1.512 -3.512
4 16 3.512 -1.512 -6.272 3.512 -4.272 -3.512 2 -4.007 -4.435 2 -2.435 -6.007
3 16 2 -2.435 -6.007 2 -1.319 -6.754 3.512 -1.512 -6.272
3 16 3.064 -5.392 0 3.512 -4.272 -3.512 5.656 -3.656 0
4 16 3.064 -5.392 0 2 -5.392 -1.064 2 -4.754 -3.319 3.512 -4.272 -3.512
3 16 2 -4.754 -3.319 2 -4.007 -4.435 3.512 -4.272 -3.512
3 16 2 -5.603 0 2 -5.392 -1.064 3.064 -5.392 0
3 16 8 2 0 7.392 2 3.064 7.392 -1.064 0
3 16 7.392 2 3.064 6.272 -1.512 3.512 7.392 -1.064 0
3 16 7.392 2 3.064 5.656 2 5.656 6.272 -1.512 3.512
3 16 5.656 2 5.656 3.512 -1.512 6.272 6.272 -1.512 3.512
3 16 5.656 2 5.656 3.064 2 7.392 3.512 -1.512 6.272
3 16 3.064 2 7.392 1.064 0 7.392 2 0 7.127
4 16 3.064 2 7.392 2 0 7.127 2 -1.319 6.754 3.512 -1.512 6.272
4 16 3.064 2 7.392 0 2 8 0 0 7.603 1.064 0 7.392
3 16 7.392 -1.064 0 6.272 -1.512 3.512 5.656 -3.656 0
3 16 6.272 -1.512 3.512 3.512 -4.272 3.512 5.656 -3.656 0
3 16 6.272 -1.512 3.512 3.512 -1.512 6.272 3.512 -4.272 3.512
4 16 2 -4.007 4.435 3.512 -4.272 3.512 3.512 -1.512 6.272 2 -2.435 6.007
3 16 3.512 -1.512 6.272 2 -1.319 6.754 2 -2.435 6.007
3 16 5.656 -3.656 0 3.512 -4.272 3.512 3.064 -5.392 0
4 16 3.512 -4.272 3.512 2 -4.754 3.319 2 -5.392 1.064 3.064 -5.392 0
3 16 3.512 -4.272 3.512 2 -4.007 4.435 2 -4.754 3.319
3 16 3.064 -5.392 0 2 -5.392 1.064 2 -5.603 0
3 16 -7.392 -1.064 0 -7.392 2 3.064 -8 2 0
3 16 -7.392 -1.064 0 -6.272 -1.512 3.512 -7.392 2 3.064
3 16 -6.272 -1.512 3.512 -5.656 2 5.656 -7.392 2 3.064
3 16 -6.272 -1.512 3.512 -3.512 -1.512 6.272 -5.656 2 5.656
3 16 -3.512 -1.512 6.272 -3.064 2 7.392 -5.656 2 5.656
3 16 -2 0 7.127 -1.064 0 7.392 -3.064 2 7.392
4 16 -2 -1.319 6.754 -2 0 7.127 -3.064 2 7.392 -3.512 -1.512 6.272
4 16 0 0 7.603 0 2 8 -3.064 2 7.392 -1.064 0 7.392
3 16 -5.656 -3.656 0 -6.272 -1.512 3.512 -7.392 -1.064 0
3 16 -5.656 -3.656 0 -3.512 -4.272 3.512 -6.272 -1.512 3.512
3 16 -3.512 -4.272 3.512 -3.512 -1.512 6.272 -6.272 -1.512 3.512
4 16 -3.512 -1.512 6.272 -3.512 -4.272 3.512 -2 -4.007 4.435 -2 -2.435 6.007
3 16 -2 -2.435 6.007 -2 -1.319 6.754 -3.512 -1.512 6.272
3 16 -3.064 -5.392 0 -3.512 -4.272 3.512 -5.656 -3.656 0
4 16 -3.064 -5.392 0 -2 -5.392 1.064 -2 -4.754 3.319 -3.512 -4.272 3.512
3 16 -2 -4.754 3.319 -2 -4.007 4.435 -3.512 -4.272 3.512
3 16 -2 -5.603 0 -2 -5.392 1.064 -3.064 -5.392 0
3 16 -8 2 0 -7.392 2 -3.064 -7.392 -1.064 0
3 16 -7.392 2 -3.064 -6.272 -1.512 -3.512 -7.392 -1.064 0
3 16 -7.392 2 -3.064 -5.656 2 -5.656 -6.272 -1.512 -3.512
3 16 -5.656 2 -5.656 -3.512 -1.512 -6.272 -6.272 -1.512 -3.512
3 16 -5.656 2 -5.656 -3.064 2 -7.392 -3.512 -1.512 -6.272
3 16 -3.064 2 -7.392 -1.064 0 -7.392 -2 0 -7.127
4 16 -3.064 2 -7.392 -2 0 -7.127 -2 -1.319 -6.754 -3.512 -1.512 -6.272
4 16 -3.064 2 -7.392 0 2 -8 0 0 -7.603 -1.064 0 -7.392
3 16 -7.392 -1.064 0 -6.272 -1.512 -3.512 -5.656 -3.656 0
3 16 -6.272 -1.512 -3.512 -3.512 -4.272 -3.512 -5.656 -3.656 0
3 16 -6.272 -1.512 -3.512 -3.512 -1.512 -6.272 -3.512 -4.272 -3.512
4 16 -2 -4.007 -4.435 -3.512 -4.272 -3.512 -3.512 -1.512 -6.272 -2 -2.435 -6.007
3 16 -3.512 -1.512 -6.272 -2 -1.319 -6.754 -2 -2.435 -6.007
3 16 -5.656 -3.656 0 -3.512 -4.272 -3.512 -3.064 -5.392 0
4 16 -3.512 -4.272 -3.512 -2 -4.754 -3.319 -2 -5.392 -1.064 -3.064 -5.392 0
3 16 -3.512 -4.272 -3.512 -2 -4.007 -4.435 -2 -4.754 -3.319
3 16 -3.064 -5.392 0 -2 -5.392 -1.064 -2 -5.603 0

0 Inside of dome-slot
3 16 2 2 -5 2 0 -5 2 2 0
4 16 2 0 -5 2 0 -7.127 2 -1.319 -6.754 2 -2.435 -6.007
4 16 2 2 0 2 0 -5 2 -2.435 -6.007 2 -4.007 -4.435
4 16 2 -4.007 -4.435 2 -4.754 -3.319 2 -5.392 -1.064 2 2 0
3 16 2 2 0 2 -5.392 -1.064 2 -5.603 0
3 16 2 2 0 2 0 5 2 2 5
4 16 2 -1.319 6.754 2 0 7.127 2 0 5 2 -2.435 6.007
4 16 2 -2.435 6.007 2 0 5 2 2 0 2 -4.007 4.435
4 16 2 2 0 2 -5.392 1.064 2 -4.754 3.319 2 -4.007 4.435
3 16 2 -5.603 0 2 -5.392 1.064 2 2 0
3 16 -2 2 5 -2 0 5 -2 2 0
4 16 -2 0 5 -2 0 7.127 -2 -1.319 6.754 -2 -2.435 6.007
4 16 -2 2 0 -2 0 5 -2 -2.435 6.007 -2 -4.007 4.435
4 16 -2 -4.007 4.435 -2 -4.754 3.319 -2 -5.392 1.064 -2 2 0
3 16 -2 2 0 -2 -5.392 1.064 -2 -5.603 0
3 16 -2 2 0 -2 0 -5 -2 2 -5
4 16 -2 -1.319 -6.754 -2 0 -7.127 -2 0 -5 -2 -2.435 -6.007
4 16 -2 -2.435 -6.007 -2 0 -5 -2 2 0 -2 -4.007 -4.435
4 16 -2 2 0 -2 -5.392 -1.064 -2 -4.754 -3.319 -2 -4.007 -4.435
3 16 -2 -5.603 0 -2 -5.392 -1.064 -2 2 0

2 24 0 0 -7.603 1.064 0 -7.392
2 24 1.064 0 -7.392 2 0 -7.127
2 24 2 0 -7.127 2 -1.319 -6.754
2 24 2 -1.319 -6.754 2 -2.435 -6.007
2 24 2 -2.435 -6.007 2 -4.007 -4.435
2 24 2 -4.007 -4.435 2 -4.754 -3.319
2 24 2 -4.754 -3.319 2 -5.392 -1.064
2 24 2 -5.392 -1.064 2 -5.603 0
2 24 2 0 -7.127 2 0 -5
2 24 2 0 -5 2 2 -5
2 24 0 0 7.603 1.064 0 7.392
2 24 1.064 0 7.392 2 0 7.127
2 24 2 0 7.127 2 -1.319 6.754
2 24 2 -1.319 6.754 2 -2.435 6.007
2 24 2 -2.435 6.007 2 -4.007 4.435
2 24 2 -4.007 4.435 2 -4.754 3.319
2 24 2 -4.754 3.319 2 -5.392 1.064
2 24 2 -5.392 1.064 2 -5.603 0
2 24 2 0 7.127 2 0 5
2 24 2 0 5 2 2 5
2 24 0 0 7.603 -1.064 0 7.392
2 24 -1.064 0 7.392 -2 0 7.127
2 24 -2 0 7.127 -2 -1.319 6.754
2 24 -2 -1.319 6.754 -2 -2.435 6.007
2 24 -2 -2.435 6.007 -2 -4.007 4.435
2 24 -2 -4.007 4.435 -2 -4.754 3.319
2 24 -2 -4.754 3.319 -2 -5.392 1.064
2 24 -2 -5.392 1.064 -2 -5.603 0
2 24 -2 0 7.127 -2 0 5
2 24 -2 0 5 -2 2 5
2 24 0 0 -7.603 -1.064 0 -7.392
2 24 -1.064 0 -7.392 -2 0 -7.127
2 24 -2 0 -7.127 -2 -1.319 -6.754
2 24 -2 -1.319 -6.754 -2 -2.435 -6.007
2 24 -2 -2.435 -6.007 -2 -4.007 -4.435
2 24 -2 -4.007 -4.435 -2 -4.754 -3.319
2 24 -2 -4.754 -3.319 -2 -5.392 -1.064
2 24 -2 -5.392 -1.064 -2 -5.603 0
2 24 -2 0 -7.127 -2 0 -5
2 24 -2 0 -5 -2 2 -5

5 24 7.392 2 -3.064 7.392 -1.064 0 8 2 0 6.272 -1.512 -3.512
5 24 6.272 -1.512 -3.512 5.656 -3.656 0 7.392 -1.064 0 3.512 -4.272 -3.512
5 24 5.656 2 -5.656 6.272 -1.512 -3.512 7.392 2 -3.064 3.512 -1.512 -6.272
5 24 3.512 -4.272 -3.512 3.064 -5.392 0 5.656 -3.656 0 0 -5.392 -3.064
5 24 3.512 -1.512 -6.272 3.512 -4.272 -3.512 6.272 -1.512 -3.512 0 -3.656 -5.656
5 24 3.064 2 -7.392 3.512 -1.512 -6.272 5.656 2 -5.656 0 -1.064 -7.392
5 24 3.064 2 -7.392 1.064 0 -7.392 3.512 -1.512 -6.272 0 2 -8
5 24 5.656 2 -5.656 3.512 -1.512 -6.272 6.272 -1.512 -3.512 3.064 2 -7.392
5 24 3.512 -1.512 -6.272 2 -2.435 -6.007 3.512 -4.272 -3.512 0 -1.064 -7.392
5 24 7.392 2 -3.064 6.272 -1.512 -3.512 5.656 2 -5.656 7.392 -1.064 0
5 24 6.272 -1.512 -3.512 3.512 -4.272 -3.512 5.656 -3.656 0 3.512 -1.512 -6.272
5 24 3.512 -4.272 -3.512 2 -4.754 -3.319 3.064 -5.392 0 0 -3.656 -5.656
5 24 3.064 -5.392 0 2 -5.603 0 0 -5.392 -3.064 1.52 -5.68 2
5 24 5.656 -3.656 0 3.064 -5.392 0 3.512 -4.272 -3.512 4.12 -4.52 2
5 24 7.392 -1.064 0 5.656 -3.656 0 6.272 -1.512 -3.512 6.52 -2.12 2
5 24 8 2 0 7.392 -1.064 0 7.392 2 -3.064 7.68 .48 2
5 24 3.064 -5.392 0 2 -5.392 -1.064 0 -6 0 3.512 -4.272 -3.512
5 24 5.656 -3.656 0 3.512 -4.272 -3.512 3.064 -5.392 0 6.272 -1.512 -3.512
5 24 3.512 -4.272 -3.512 2 -4.007 -4.435 3.512 -1.512 -6.272 0 -5.392 -3.064
5 24 7.392 -1.064 0 6.272 -1.512 -3.512 5.656 -3.656 0 7.392 2 -3.064
5 24 6.272 -1.512 -3.512 3.512 -1.512 -6.272 5.656 2 -5.656 3.512 -4.272 -3.512
5 24 3.512 -1.512 -6.272 2 -1.319 -6.754 3.064 2 -7.392 0 -3.656 -5.656
5 24 3.064 2 -7.392 0 2 -8 0 -1.064 -7.392 1.52 4 -7.68
5 24 5.656 2 -5.656 3.064 2 -7.392 3.512 -1.512 -6.272 4.12 4 -6.52
5 24 7.392 2 -3.064 5.656 2 -5.656 6.272 -1.512 -3.512 6.52 4 -4.12
5 24 8 2 0 7.392 2 -3.064 7.392 -1.064 0 7.68 4 -1.52
5 24 7.392 2 3.064 7.392 -1.064 0 8 2 0 6.272 -1.512 3.512
5 24 6.272 -1.512 3.512 5.656 -3.656 0 7.392 -1.064 0 3.512 -4.272 3.512
5 24 5.656 2 5.656 6.272 -1.512 3.512 7.392 2 3.064 3.512 -1.512 6.272
5 24 3.512 -4.272 3.512 3.064 -5.392 0 5.656 -3.656 0 0 -5.392 3.064
5 24 3.512 -1.512 6.272 3.512 -4.272 3.512 6.272 -1.512 3.512 0 -3.656 5.656
5 24 3.064 2 7.392 3.512 -1.512 6.272 5.656 2 5.656 0 -1.064 7.392
5 24 3.064 2 7.392 1.064 0 7.392 3.512 -1.512 6.272 0 2 8
5 24 5.656 2 5.656 3.512 -1.512 6.272 6.272 -1.512 3.512 3.064 2 7.392
5 24 3.512 -1.512 6.272 2 -2.435 6.007 3.512 -4.272 3.512 0 -1.064 7.392
5 24 7.392 2 3.064 6.272 -1.512 3.512 5.656 2 5.656 7.392 -1.064 0
5 24 6.272 -1.512 3.512 3.512 -4.272 3.512 5.656 -3.656 0 3.512 -1.512 6.272
5 24 3.512 -4.272 3.512 2 -4.754 3.319 3.064 -5.392 0 0 -3.656 5.656
5 24 3.064 -5.392 0 2 -5.392 1.064 0 -6 0 3.512 -4.272 3.512
5 24 5.656 -3.656 0 3.512 -4.272 3.512 3.064 -5.392 0 6.272 -1.512 3.512
5 24 3.512 -4.272 3.512 2 -4.007 4.435 3.512 -1.512 6.272 0 -5.392 3.064
5 24 7.392 -1.064 0 6.272 -1.512 3.512 5.656 -3.656 0 7.392 2 3.064
5 24 6.272 -1.512 3.512 3.512 -1.512 6.272 5.656 2 5.656 3.512 -4.272 3.512
5 24 3.512 -1.512 6.272 2 -1.319 6.754 3.064 2 7.392 0 -3.656 5.656
5 24 3.064 2 7.392 0 2 8 0 -1.064 7.392 1.52 4 7.68
5 24 5.656 2 5.656 3.064 2 7.392 3.512 -1.512 6.272 4.12 4 6.52
5 24 7.392 2 3.064 5.656 2 5.656 6.272 -1.512 3.512 6.52 4 4.12
5 24 8 2 0 7.392 2 3.064 7.392 -1.064 0 7.68 4 1.52
5 24 -7.392 2 3.064 -7.392 -1.064 0 -8 2 0 -6.272 -1.512 3.512
5 24 -6.272 -1.512 3.512 -5.656 -3.656 0 -7.392 -1.064 0 -3.512 -4.272 3.512
5 24 -5.656 2 5.656 -6.272 -1.512 3.512 -7.392 2 3.064 -3.512 -1.512 6.272
5 24 -3.512 -4.272 3.512 -3.064 -5.392 0 -5.656 -3.656 0 0 -5.392 3.064
5 24 -3.512 -1.512 6.272 -3.512 -4.272 3.512 -6.272 -1.512 3.512 0 -3.656 5.656
5 24 -3.064 2 7.392 -3.512 -1.512 6.272 -5.656 2 5.656 0 -1.064 7.392
5 24 -3.064 2 7.392 -1.064 0 7.392 -3.512 -1.512 6.272 0 2 8
5 24 -5.656 2 5.656 -3.512 -1.512 6.272 -6.272 -1.512 3.512 -3.064 2 7.392
5 24 -3.512 -1.512 6.272 -2 -2.435 6.007 -3.512 -4.272 3.512 0 -1.064 7.392
5 24 -7.392 2 3.064 -6.272 -1.512 3.512 -5.656 2 5.656 -7.392 -1.064 0
5 24 -6.272 -1.512 3.512 -3.512 -4.272 3.512 -5.656 -3.656 0 -3.512 -1.512 6.272
5 24 -3.512 -4.272 3.512 -2 -4.754 3.319 -3.064 -5.392 0 0 -3.656 5.656
5 24 -3.064 -5.392 0 -2 -5.603 0 0 -5.392 3.064 -1.52 -5.68 -2
5 24 -5.656 -3.656 0 -3.064 -5.392 0 -3.512 -4.272 3.512 -4.12 -4.52 -2
5 24 -7.392 -1.064 0 -5.656 -3.656 0 -6.272 -1.512 3.512 -6.52 -2.12 -2
5 24 -8 2 0 -7.392 -1.064 0 -7.392 2 3.064 -7.68 .48 -2
5 24 -3.064 -5.392 0 -2 -5.392 1.064 0 -6 0 -3.512 -4.272 3.512
5 24 -5.656 -3.656 0 -3.512 -4.272 3.512 -3.064 -5.392 0 -6.272 -1.512 3.512
5 24 -3.512 -4.272 3.512 -2 -4.007 4.435 -3.512 -1.512 6.272 0 -5.392 3.064
5 24 -7.392 -1.064 0 -6.272 -1.512 3.512 -5.656 -3.656 0 -7.392 2 3.064
5 24 -6.272 -1.512 3.512 -3.512 -1.512 6.272 -5.656 2 5.656 -3.512 -4.272 3.512
5 24 -3.512 -1.512 6.272 -2 -1.319 6.754 -3.064 2 7.392 0 -3.656 5.656
5 24 -3.064 2 7.392 0 2 8 0 -1.064 7.392 -1.52 4 7.68
5 24 -5.656 2 5.656 -3.064 2 7.392 -3.512 -1.512 6.272 -4.12 4 6.52
5 24 -7.392 2 3.064 -5.656 2 5.656 -6.272 -1.512 3.512 -6.52 4 4.12
5 24 -8 2 0 -7.392 2 3.064 -7.392 -1.064 0 -7.68 4 1.52
5 24 -7.392 2 -3.064 -7.392 -1.064 0 -8 2 0 -6.272 -1.512 -3.512
5 24 -6.272 -1.512 -3.512 -5.656 -3.656 0 -7.392 -1.064 0 -3.512 -4.272 -3.512
5 24 -5.656 2 -5.656 -6.272 -1.512 -3.512 -7.392 2 -3.064 -3.512 -1.512 -6.272
5 24 -3.512 -4.272 -3.512 -3.064 -5.392 0 -5.656 -3.656 0 0 -5.392 -3.064
5 24 -3.512 -1.512 -6.272 -3.512 -4.272 -3.512 -6.272 -1.512 -3.512 0 -3.656 -5.656
5 24 -3.064 2 -7.392 -3.512 -1.512 -6.272 -5.656 2 -5.656 0 -1.064 -7.392
5 24 -3.064 2 -7.392 -1.064 0 -7.392 -3.512 -1.512 -6.272 0 2 -8
5 24 -5.656 2 -5.656 -3.512 -1.512 -6.272 -6.272 -1.512 -3.512 -3.064 2 -7.392
5 24 -3.512 -1.512 -6.272 -2 -2.435 -6.007 -3.512 -4.272 -3.512 0 -1.064 -7.392
5 24 -7.392 2 -3.064 -6.272 -1.512 -3.512 -5.656 2 -5.656 -7.392 -1.064 0
5 24 -6.272 -1.512 -3.512 -3.512 -4.272 -3.512 -5.656 -3.656 0 -3.512 -1.512 -6.272
5 24 -3.512 -4.272 -3.512 -2 -4.754 -3.319 -3.064 -5.392 0 0 -3.656 -5.656
5 24 -3.064 -5.392 0 -2 -5.392 -1.064 0 -6 0 -3.512 -4.272 -3.512
5 24 -5.656 -3.656 0 -3.512 -4.272 -3.512 -3.064 -5.392 0 -6.272 -1.512 -3.512
5 24 -3.512 -4.272 -3.512 -2 -4.007 -4.435 -3.512 -1.512 -6.272 0 -5.392 -3.064
5 24 -7.392 -1.064 0 -6.272 -1.512 -3.512 -5.656 -3.656 0 -7.392 2 -3.064
5 24 -6.272 -1.512 -3.512 -3.512 -1.512 -6.272 -5.656 2 -5.656 -3.512 -4.272 -3.512
5 24 -3.512 -1.512 -6.272 -2 -1.319 -6.754 -3.064 2 -7.392 0 -3.656 -5.656
5 24 -3.064 2 -7.392 0 2 -8 0 -1.064 -7.392 -1.52 4 -7.68
5 24 -5.656 2 -5.656 -3.064 2 -7.392 -3.512 -1.512 -6.272 -4.12 4 -6.52
5 24 -7.392 2 -3.064 -5.656 2 -5.656 -6.272 -1.512 -3.512 -6.52 4 -4.12
5 24 -8 2 0 -7.392 2 -3.064 -7.392 -1.064 0 -7.68 4 -1.52
0
