0 Hinge Tile  1 x  4
0 Name: 4625.dat
0 Author: James Jessiman
0 !LDRAW_ORG Part UPDATE 2013-01
0 !LICENSE Redistributable under CCAL version 2.0 : see CAreadme.txt

0 BFC CERTIFY CCW

0 !HISTORY 1999-02-01 [PTadmin] Official Update 1999-01
0 !HISTORY 2007-07-08 [PTadmin] Header formatted for Contributor Agreement
0 !HISTORY 2008-07-01 [PTadmin] Official Update 2008-01
0 !HISTORY 2008-07-07 [guyvivan] Made BFC compliant (2005-10-12)
0 !HISTORY 2009-05-02 [PTadmin] Official Update 2009-01
0 !HISTORY 2013-03-05 [MMR1988] used more prims, added bumps, removed t-junctions
0 !HISTORY 2013-07-21 [PTadmin] Official Update 2013-01

1 16 0 4 0 1 0 0 0 -1 0 0 0 1 stug3-1x3.dat
0 BFC INVERTNEXT
1 16 0 8 0 36 0 0 0 -4 0 0 0 6 box5.dat
4 16 40 8 10 36 8 6 -36 8 6 -40 8 10
4 16 -40 8 10 -36 8 6 -36 8 -6 -40 8 -10
4 16 -40 8 -10 -36 8 -6 36 8 -6 40 8 -10
4 16 40 8 -10 36 8 -6 36 8 6 40 8 10
1 16 0 8 0 40 0 0 0 1 0 0 0 -10 recte3.dat

1 16 0 4 -10 0 0 -40 4 0 0 0 1 0 rect2p.dat

4 16 40 0 -10 40 8 -10 40 8 10 40 0 2
4 16 40 8 10 40 -4 10 40 -4 2 40 0 2
4 16 -40 0 2 -40 8 10 -40 8 -10 -40 0 -10
4 16 -40 0 2 -40 -4 2 -40 -4 10 -40 8 10

4 16 40 -4 10 40 8 10 36 0 10 36 -4 10
3 16 36 0 10 40 8 10 22 0 10
3 16 22 0 10 40 8 10 18 0 10
3 16 18 0 10 40 8 10 2 0 10
4 16 40 8 10 -40 8 10 -2 0 10 2 0 10
3 16 -2 0 10 -40 8 10 -18 0 10
3 16 -18 0 10 -40 8 10 -22 0 10
3 16 -22 0 10 -40 8 10 -36 0 10
4 16 -36 -4 10 -36 0 10 -40 8 10 -40 -4 10
1 16 0 2 10 40 0 0 0 0 6 0 1 0 recte3.dat

1 16 -29 0 6 -7 0 0 0 1 0 0 0 4 rect2a.dat
1 16 -10 0 6 0 0 -8 0 1 0 4 0 0 rect1.dat
1 16 10 0 6 0 0 -8 0 1 0 4 0 0 rect1.dat
1 16 29 0 6 7 0 0 0 1 0 0 0 4 rect2a.dat
3 16 -40 0 2 -40 0 -10 -36 0 2
3 16 -36 0 2 -40 0 -10 -22 0 2
3 16 -22 0 2 -40 0 -10 -18 0 2
3 16 -18 0 2 -40 0 -10 -2 0 2
4 16 -40 0 -10 40 0 -10 2 0 2 -2 0 2
3 16 2 0 2 40 0 -10 18 0 2
3 16 18 0 2 40 0 -10 22 0 2
3 16 22 0 2 40 0 -10 36 0 2
3 16 36 0 2 40 0 -10 40 0 2
1 16 20 0 6 2 0 0 0 1 0 0 0 -4 recte3.dat
1 16 0 0 6 2 0 0 0 1 0 0 0 -4 recte3.dat
1 16 -20 0 6 2 0 0 0 1 0 0 0 -4 recte3.dat
1 16 0 0 -4 40 0 0 0 1 0 0 0 -6 recte3.dat

1 16 -38 -2 2 -2 0 0 0 0 2 0 1 0 rect3.dat
1 16 -20 0 6 0 0 -2 0 -4 0 -4 0 0 box4o8a.dat
1 16 0 0 6 0 0 -2 0 -4 0 -4 0 0 box4o8a.dat
1 16 20 0 6 0 0 -2 0 -4 0 -4 0 0 box4o8a.dat
1 16 38 -2 2 -2 0 0 0 0 2 0 1 0 rect3.dat
2 24 36 0 10 36 -4 10
2 24 -36 0 10 -36 -4 10

1 16 -36 -4 6 0 -1.5 0 -3.5 0 0 0 0 -3.5 bump5000.dat
1 16 -36 -4 6 0 -1 0 0 0 -0.5 -0.5 0 0 4-4ring7.dat
1 16 -36 -4 6 0 -1 0 0 0 4 -4 0 0 2-4ndis.dat

1 16 36 -4 6 0 1.5 0 -3.5 0 0 0 0 -3.5 bump5000.dat
1 16 36 -4 6 0 1 0 0 0 -0.5 -0.5 0 0 4-4ring7.dat
1 16 36 -4 6 0 1 0 0 0 4 -4 0 0 2-4ndis.dat

1 16 40 -4 6 0 -4 0 0 0 -4 4 0 0 2-4cylc.dat
1 16 22 -4 6 0 -1 0 0 0 -4 4 0 0 2-4disc.dat
1 16 18 -4 6 0 4 0 0 0 -4 4 0 0 2-4cylc.dat
1 16 2 -4 6 0 -1 0 0 0 -4 4 0 0 2-4disc.dat
1 16 -2 -4 6 0 4 0 0 0 -4 4 0 0 2-4cylc.dat
1 16 -18 -4 6 0 -1 0 0 0 -4 4 0 0 2-4disc.dat
1 16 -22 -4 6 0 4 0 0 0 -4 4 0 0 2-4cylc.dat
1 16 -40 -4 6 0 4 0 0 0 -4 4 0 0 2-4cylc.dat
