0 Plate  1 x  2 with Handle Type 2
0 Name: 48336.dat
0 Author: Guy Vivan [guyvivan]
0 !LDRAW_ORG Part UPDATE 2009-02
0 !LICENSE Redistributable under CCAL version 2.0 : see CAreadme.txt

0 BFC CERTIFY CCW

0 !HISTORY 2009-09-03 [PTadmin] Official Update 2009-02

1 16 0 4 0 1 0 0 0 -1 0 0 0 1 stud3.dat
0 BFC INVERTNEXT
1 16 0 8 0 16 0 0 0 -4 0 0 0 6 box5.dat
4 16 20 8 10 16 8 6 -16 8 6 -20 8 10
4 16 -20 8 10 -16 8 6 -16 8 -6 -20 8 -10
4 16 -20 8 -10 -16 8 -6 16 8 -6 20 8 -10
4 16 20 8 -10 16 8 -6 16 8 6 20 8 10
2 24 20 8 10 20 8 -20
2 24 -20 8 -20 -20 8 10
2 24 20 0 10 20 0 -14.397
2 24 -20 0 -14.397 -20 0 10
2 24 20 0 -14.39 14 0 -14.39
2 24 -20 0 -14.39 -14 0 -14.39
1 16 20 2 -20 0 1 0 6 0 0 0 0 -6 2-4edge.dat
1 16 20 2 -20 0 1 0 -6 0 0 0 0 6 3-16edge.dat
2 24 20 -0.298 -14.456 20 0 -14.397
2 24 14 8 -10 14 8 -20
1 16 14 2 -20 0 1 0 6 0 0 0 0 -6 2-4edge.dat
1 16 14 2 -20 0 1 0 -6 0 0 0 0 6 3-16edge.dat
2 24 14 -0.298 -14.456 14 0 -14.397
2 24 14 0 -14.397 14 0 -10
2 24 -14 8 -10 -14 8 -20
1 16 -14 2 -20 0 1 0 6 0 0 0 0 -6 2-4edge.dat
1 16 -14 2 -20 0 1 0 -6 0 0 0 0 6 3-16edge.dat
2 24 -14 -0.298 -14.456 -14 0 -14.397
2 24 -14 0 -14.397 -14 0 -10
1 16 -20 2 -20 0 1 0 6 0 0 0 0 -6 2-4edge.dat
1 16 -20 2 -20 0 1 0 -6 0 0 0 0 6 3-16edge.dat
2 24 -20 -0.298 -14.456 -20 0 -14.397
1 16 14 2 -20 0 1 0 4 0 0 0 0 4 4-4edge.dat
1 16 -14 2 -20 0 1 0 4 0 0 0 0 4 4-4edge.dat
4 16 20 8 10 20 0 10 20 0 -14.456 20 8 -14.456
4 16 -20 8 -14.456 -20 0 -14.456 -20 0 10 -20 8 10
1 16 0 4 -10 0 0 -14 4 0 0 0 1 0 rect.dat
1 16 0 4 10 0 0 20 4 0 0 0 -1 0 rect.dat
4 16 20 0 -10 20 0 10 -20 0 10 -20 0 -10
1 16 20 2 -20 0 -1 0 6 0 0 0 0 -6 4-4disc.dat
1 16 -20 2 -20 0 1 0 6 0 0 0 0 6 4-4disc.dat
1 16 -20 2 -20 0 1 0 6 0 0 0 0 6 1-4ndis.dat
1 16 -14 2 -20 0 -1 0 6 0 0 0 0 6 1-4ndis.dat
1 16 14 2 -20 0 1 0 6 0 0 0 0 6 1-4ndis.dat
1 16 20 2 -20 0 -1 0 6 0 0 0 0 6 1-4ndis.dat
1 16 14 2 -20 0 1 0 2 0 0 0 0 2 4-4ring2.dat
1 16 -14 2 -20 0 -1 0 2 0 0 0 0 -2 4-4ring2.dat
4 16 14 8 -14.456 14 0 -14.456 14 0 -10 14 8 -10
4 16 -14 8 -10 -14 0 -10 -14 0 -14.456 -14 8 -14.456
4 16 20 8 -10 20 8 -20 14 8 -20 14 8 -10
1 16 20 2 -20 0 -6 0 6 0 0 0 0 -6 2-4cyli.dat
1 16 20 2 -20 0 -6 0 -6 0 0 0 0 6 3-16cyli.dat
4 16 20 -0.298 -14.456 20 0 -14.397 14 0 -14.397 14 -0.298 -14.456
4 16 20 0 -14.397 20 0 -10 14 0 -10 14 0 -14.397
4 16 -20 8 -20 -20 8 -10 -14 8 -10 -14 8 -20
1 16 -20 2 -20 0 6 0 6 0 0 0 0 -6 2-4cyli.dat
1 16 -14 2 -20 0 -6 0 -6 0 0 0 0 6 3-16cyli.dat
4 16 -20 -0.298 -14.456 -14 -0.298 -14.456 -14 0 -14.397 -20 0 -14.397
4 16 -20 0 -10 -20 0 -14.397 -14 0 -14.397 -14 0 -10
1 16 14 2 -20 0 -28 0 4 0 0 0 0 4 4-4cyli.dat
1 16 10 0 0 0 0 -1 0 1 0 1 0 0 stud.dat
1 16 -10 0 0 0 0 -1 0 1 0 1 0 0 stud.dat
0
