0 Wedge  6 x  4 Inverted
0 Name: 4856.dat
0 Author: James Jessiman
0 !LDRAW_ORG Part UPDATE 2015-01
0 !LICENSE Redistributable under CCAL version 2.0 : see CAreadme.txt

0 BFC CERTIFY CCW

0 !HISTORY 1998-05-21 [PTadmin] Official Update 1998-05
0 !HISTORY 2007-07-09 [PTadmin] Header formatted for Contributor Agreement
0 !HISTORY 2008-07-01 [PTadmin] Official Update 2008-01
0 !HISTORY 2014-11-21 [roland]  Auto-corrected with libfix version of LDCad 1.4
0 !HISTORY 2015-01-30 [Steffen] BFCed
0 !HISTORY 2015-02-27 [MagFors] Closed gaps
0 !HISTORY 2015-10-11 [PTadmin] Official Update 2015-01

1 16 0 20 -20 0 0 -1 0 -1 0 1 0 0 stug4-1x2.dat
0 BFC INVERTNEXT
1 16 0 24 -20 16 0 0 0 -4 0 0 0 26 box5.dat
4 16 -40 24 -50 -16 24 -46 16 24 -46 40 24 -50
4 16 -20 24 10 -16 24 6 -16 24 -46 -40 24 -50
4 16 20 24 10 16 24 6 -16 24 6 -20 24 10
4 16 40 24 -50 16 24 -46 16 24 6 20 24 10
2 24 40 24 -50 -40 24 -50
1 16 30 14 10 -10 -1 0 0 0 -10 30 0 30 rect.dat
1 16 0 14 40 0 0 -20 10 -1 0 -30 0 0 rect3.dat
1 16 -30 14 10 0 1 -10 10 0 0 -30 0 -30 rect3.dat
1 16 0 8.1 50 0 0 18 6.1 1 0 -18 0 0 rect.dat
1 16 19 17.305 20 -1 1 0 1 0 3.395 0 0 -10 rect.dat
1 16 -19 17.305 20 1 -1 0 1 0 -3.395 0 0 10 rect.dat
1 16 0 18.305 20 -18 0 0 0 1 3.395 0 0 -10 rect2p.dat
4 16 22 20 3.2 22 20 -48 38 20 -48 38 20 -44
3 16 18 2 68 18 14.2 32 22 10.2 32
3 16 38 2 9 18 2 68 22 10.2 32
4 16 38 2 9 22 10.2 32 22 20 3.2 38 20 -44
4 16 -38 20 -44 -38 20 -48 -22 20 -48 -22 20 3.2
3 16 -18 2 68 -22 10.2 32 -18 14.2 32
3 16 -38 2 9 -22 10.2 32 -18 2 68
4 16 -22 20 3.2 -22 10.2 32 -38 2 9 -38 20 -44
1 16 30 2 40 -10 -1 0 0 0 -2 30 0 0 rect3.dat
1 16 -30 2 40 -10 1 0 0 0 -2 -30 0 0 rect3.dat
1 16 28 1 38.5 0 1 -10 -1 0 0 0 0 29.5 rect.dat
1 16 -28 1 38.5 0 -1 -10 -1 0 0 0 0 -29.5 rect.dat
1 16 0 16 -20 0 0 -20 0 1 0 30 0 0 rect.dat
4 16 40 0 -50 38 0 -48 22 0 -48 20 0 -50
1 16 21 0 -9 0 0 -1 0 1 0 40 0 -1 rect2p.dat
4 16 20 0 30 22 0 32 -22 0 32 -20 0 30
1 16 -21 0 -9 0 0 1 0 1 0 -40 0 -1 rect2p.dat
4 16 -20 0 -50 -22 0 -48 -38 0 -48 -40 0 -50
4 16 -40 0 -50 -38 0 -48 -38 0 9 -40 0 10
4 16 -40 0 10 -38 0 9 -18 0 68 -20 0 70
4 16 -20 0 70 -18 0 68 18 0 68 20 0 70
4 16 20 0 70 18 0 68 38 0 9 40 0 10
4 16 40 0 10 38 0 9 38 0 -48 40 0 -50
4 16 40 24 -50 40 0 -50 20 0 -50 20 16 -50
4 16 40 24 -50 20 16 -50 -20 16 -50 -40 24 -50
4 16 -20 16 -50 -20 0 -50 -40 0 -50 -40 24 -50
1 16 30 10 -48 0 0 8 -10 0 0 0 -1 0 rect.dat
1 16 -30 10 -48 0 0 8 -10 0 0 0 -1 0 rect.dat
4 16 20 19.7 10 18 21.7 10 -18 21.7 10 -20 19.7 10
1 16 0 17.85 10 0 0 20 -1.85 0 0 0 -1 0 rect2p.dat
4 16 -20 12.92 30 -18 14.92 30 18 14.92 30 20 12.92 30
1 16 0 6.46 30 20 0 0 0 0 -6.46 0 1 0 rect3.dat
3 16 -22 0 32 -11 0 32 -22 10.2 32
4 16 -11 0 32 -11 14.2 32 -18 14.2 32 -22 10.2 32
1 16 0 7.1 32 -9 0 0 0 0 -7.1 0 -1 0 rect3.dat
4 16 22 10.2 32 18 14.2 32 11 14.2 32 11 0 32
3 16 22 0 32 22 10.2 32 11 0 32
1 16 0 1 68 0 0 -18 -1 0 0 0 1 0 rect1.dat
1 16 0 2 70 0 0 20 -2 0 0 0 -1 0 rect1.dat
4 16 40 4 10 40 0 10 40 0 -50 40 24 -50
4 16 38 20 -44 38 0 -48 38 0 9 38 2 9
3 16 38 20 -48 38 0 -48 38 20 -44
3 16 22 20 3.2 22 10.2 32 22 20 -48
4 16 22 10.2 32 22 0 32 22 0 -48 22 20 -48
4 16 20 19.7 10 20 16 10 20 0 30 20 12.92 30
4 16 20 16 -50 20 0 -50 20 0 30 20 16 10
4 16 -20 12.92 30 -20 0 30 -20 16 10 -20 19.7 10
4 16 -20 16 10 -20 0 30 -20 0 -50 -20 16 -50
3 16 -22 20 3.2 -22 20 -48 -22 10.2 32
4 16 -22 20 -48 -22 0 -48 -22 0 32 -22 10.2 32
4 16 -38 2 9 -38 0 9 -38 0 -48 -38 20 -44
3 16 -38 20 -48 -38 20 -44 -38 0 -48
4 16 -40 24 -50 -40 0 -50 -40 0 10 -40 4 10
2 24 38 20 -44 22 20 3.2
2 24 22 20 3.2 22 10.2 32
2 24 22 10.2 32 18 14.2 32
2 24 -18 14.2 32 -22 10.2 32
2 24 -22 10.2 32 -22 20 3.2
2 24 -22 20 3.2 -38 20 -44
2 24 -38 20 -44 -38 2 9
2 24 38 2 9 38 20 -44
2 24 38 20 -44 38 20 -48
2 24 22 20 -48 22 20 3.2
2 24 -38 20 -44 -38 20 -48
2 24 -22 20 -48 -22 20 3.2
2 24 22 0 32 11 0 32
2 24 -11 0 32 -22 0 32
2 24 -38 0 -48 -38 0 9
2 24 38 0 9 38 0 -48
2 24 22 0 32 22 10.2 32
2 24 -22 0 32 -22 10.2 32
2 24 40 0 -50 40 0 10
2 24 -40 0 10 -40 0 -50
2 24 -40 0 -50 -20 0 -50
2 24 20 0 -50 40 0 -50
2 24 40 0 -50 40 24 -50
2 24 -40 0 -50 -40 24 -50
2 24 -20 0 -50 -20 16 -50
2 24 20 0 -50 20 16 -50

1 16 -10 16 -20 1 0 0 0 1 0 0 0 1 stug-3x1.dat
1 16 10 16 -20 1 0 0 0 1 0 0 0 1 stug-3x1.dat

1 16 30 20 -40 6 0 0 0 1 0 0 0 6 4-4edge.dat
1 16 30 20 -40 4 0 0 0 1 0 0 0 4 4-4edge.dat
1 16 30 20 -40 1 0 0 0 6 0 0 0 1 stud2a.dat

1 16 -30 20 -40 6 0 0 0 1 0 0 0 6 4-4edge.dat
1 16 -30 20 -40 4 0 0 0 1 0 0 0 4 4-4edge.dat
1 16 -30 20 -40 1 0 0 0 6 0 0 0 1 stud2a.dat

2 24 27.7038 20 -14.4566 27.9675 20 -14.4042
1 16 30 20 -20 0 0 -6 0 -1 0 -6 0 0 7-16edge.dat
1 16 30 20 -20 0 0 -6 0 -6.46955 0 -6 0 0 7-16cyli.dat
2 24 30 20 -26 31.7784 20 -25.6464
2 24 36 13.8528 -20 35.5434 13.5305 -17.7038
2 24 35.5434 13.5305 -17.7038 34.2426 14.1727 -15.7574
2 24 34.2426 14.1727 -15.7574 32.2962 15.681 -14.4566
2 24 32.2962 15.681 -14.4566 30 17.8264 -14
2 24 30 17.8264 -14 27.9675 20 -14.4042
2 24 32.2962 19.4463 -25.5434 31.7784 20 -25.6464
2 24 32.2962 19.4463 -25.5434 34.2426 17.0544 -24.2426
2 24 34.2426 17.0544 -24.2426 35.5434 15.0901 -22.2962
2 24 35.5434 15.0901 -22.2962 36 13.8528 -20
3 16 27.7038 13.5305 -14.4566 30 13.5305 -14 27.7038 20 -14.4566
4 16 27.7038 20 -14.4566 30 13.5305 -14 30 17.8264 -14 27.9675 20 -14.4042
4 16 30 13.5305 -14 32.2962 13.5305 -14.4566 32.2962 15.681 -14.4566 30 17.8264 -14
4 16 32.2962 13.5305 -14.4566 34.2426 13.5305 -15.7574 34.2426 14.1727 -15.7574 32.2962 15.681 -14.4566
3 16 35.5434 13.5305 -17.7038 34.2426 14.1727 -15.7574 34.2426 13.5305 -15.7574
3 16 36 13.8528 -20 35.5434 13.5305 -17.7038 36 13.5305 -20
4 16 36 13.5305 -20 35.5434 13.5305 -22.2962 35.5434 15.0901 -22.2962 36 13.8528 -20
4 16 35.5434 13.5305 -22.2962 34.2426 13.5305 -24.2426 34.2426 17.0544 -24.2426 35.5434 15.0901 -22.2962
4 16 34.2426 13.5305 -24.2426 32.2962 13.5305 -25.5434 32.2962 19.4463 -25.5434 34.2426 17.0544 -24.2426
4 16 32.2962 13.5305 -25.5434 30 20 -26 31.7784 20 -25.6464 32.2962 19.4463 -25.5434
3 16 32.2962 13.5305 -25.5434 30 13.5305 -26 30 20 -26
5 24 30 17.8264 -14 30 13.5305 -14 32.2962 15.681 -14.4566 27.9675 20 -14.4042
5 24 32.2962 15.681 -14.4566 32.2962 13.5305 -14.4566 34.2426 14.1727 -15.7574 30 17.8264 -14
5 24 34.2426 14.1727 -15.7574 34.2426 13.5305 -15.7574 35.5434 13.5305 -17.7038 32.2962 15.681 -14.4566
5 24 36 13.8528 -20 36 13.5305 -20 35.5434 15.0901 -22.2962 35.5434 13.5305 -17.7038
5 24 35.5434 15.0901 -22.2962 35.5434 13.5305 -22.2962 34.2426 17.0544 -24.2426 36 13.8528 -20
5 24 34.2426 17.0544 -24.2426 34.2426 13.5305 -24.2426 32.2962 19.4463 -25.5434 35.5434 15.0901 -22.2962
5 24 32.2962 19.4463 -25.5434 32.2962 13.5305 -25.5434 31.7784 20 -25.6464 34.2426 17.0544 -24.2426
5 24 30 20 -26 30 13.5305 -26 27.7038 20 -25.5434 31.7784 20 -25.6464
5 24 27.7038 20 -14.4566 27.7038 13.5305 -14.4566 27.9675 20 -14.4042 25.7574 20 -15.7574
2 24 28.4692 20 -16.3044 28.6027 20 -16.2779
1 16 30 20 -20 0 0 -4 0 -1 0 -4 0 0 7-16edge.dat
0 BFC INVERTNEXT
1 16 30 20 -20 0 0 -4 0 -4.3583 0 -4 0 0 7-16cyli.dat
2 24 30 20 -24 31.1433 20 -23.7727
2 24 34 15.8566 -20 33.6956 15.6417 -18.4692
2 24 33.6956 15.6417 -18.4692 32.8284 16.0698 -17.1716
2 24 32.8284 16.0698 -17.1716 31.5308 17.0754 -16.3044
2 24 31.5308 17.0754 -16.3044 30 18.5057 -16
2 24 30 18.5057 -16 28.6027 20 -16.2779
2 24 31.5308 19.5856 -23.6956 31.1433 20 -23.7727
2 24 31.5308 19.5856 -23.6956 32.8284 17.991 -22.8284
2 24 32.8284 17.991 -22.8284 33.6956 16.6815 -21.5308
2 24 33.6956 16.6815 -21.5308 34 15.8566 -20
3 16 28.4692 20 -16.3044 30 15.6417 -16 28.4692 15.6417 -16.3044
4 16 28.6027 20 -16.2779 30 18.5057 -16 30 15.6417 -16 28.4692 20 -16.3044
4 16 30 18.5057 -16 31.5308 17.0754 -16.3044 31.5308 15.6417 -16.3044 30 15.6417 -16
4 16 31.5308 17.0754 -16.3044 32.8284 16.0698 -17.1716 32.8284 15.6417 -17.1716 31.5308 15.6417 -16.3044
3 16 33.6956 15.6417 -18.4692 32.8284 15.6417 -17.1716 32.8284 16.0698 -17.1716
3 16 34 15.8566 -20 34 15.6417 -20 33.6956 15.6417 -18.4692
4 16 34 15.8566 -20 33.6956 16.6815 -21.5308 33.6956 15.6417 -21.5308 34 15.6417 -20
4 16 33.6956 16.6815 -21.5308 32.8284 17.991 -22.8284 32.8284 15.6417 -22.8284 33.6956 15.6417 -21.5308
4 16 32.8284 17.991 -22.8284 31.5308 19.5856 -23.6956 31.5308 15.6417 -23.6956 32.8284 15.6417 -22.8284
4 16 31.5308 19.5856 -23.6956 31.1433 20 -23.7727 30 20 -24 31.5308 15.6417 -23.6956
3 16 31.5308 15.6417 -23.6956 30 20 -24 30 15.6417 -24
5 24 30 18.5057 -16 30 15.6417 -16 31.5308 17.0754 -16.3044 28.6027 20 -16.2779
5 24 31.5308 17.0754 -16.3044 31.5308 15.6417 -16.3044 32.8284 16.0698 -17.1716 30 18.5057 -16
5 24 32.8284 16.0698 -17.1716 32.8284 15.6417 -17.1716 33.6956 15.6417 -18.4692 31.5308 17.0754 -16.3044
5 24 34 15.8566 -20 34 15.6417 -20 33.6956 16.6815 -21.5308 33.6956 15.6417 -18.4692
5 24 33.6956 16.6815 -21.5308 33.6956 15.6417 -21.5308 32.8284 17.991 -22.8284 34 15.8566 -20
5 24 32.8284 17.991 -22.8284 32.8284 15.6417 -22.8284 31.5308 19.5856 -23.6956 33.6956 16.6815 -21.5308
5 24 31.5308 19.5856 -23.6956 31.5308 15.6417 -23.6956 31.1433 20 -23.7727 32.8284 17.991 -22.8284
5 24 30 20 -24 30 15.6417 -24 28.4692 20 -23.6956 31.1433 20 -23.7727
5 24 28.4692 20 -16.3044 28.4692 15.6417 -16.3044 28.6027 20 -16.2779 27.1716 20 -17.1716
0 BFC INVERTNEXT
1 16 30 0 -20 4 0 0 0 15.64168 0 0 0 4 4-4cyli.dat
1 16 30 0 -20 6 0 0 0 13.53045 0 0 0 6 4-4cyli.dat
1 16 30 0 -20 1 0 0 0 1 0 0 0 1 stud2a.dat

2 24 -27.7038 20 -14.4566 -27.9675 20 -14.4042
1 16 -30 20 -20 0 0 6 0 -1 0 -6 0 0 7-16edge.dat
1 16 -30 20 -20 0 0 6 0 -6.46955 0 -6 0 0 7-16cyli.dat
2 24 -30 20 -26 -31.7784 20 -25.6464
2 24 -36 13.8528 -20 -35.5434 13.5305 -17.7038
2 24 -35.5434 13.5305 -17.7038 -34.2426 14.1727 -15.7574
2 24 -34.2426 14.1727 -15.7574 -32.2962 15.681 -14.4566
2 24 -32.2962 15.681 -14.4566 -30 17.8264 -14
2 24 -30 17.8264 -14 -27.9675 20 -14.4042
2 24 -32.2962 19.4463 -25.5434 -31.7784 20 -25.6464
2 24 -32.2962 19.4463 -25.5434 -34.2426 17.0544 -24.2426
2 24 -34.2426 17.0544 -24.2426 -35.5434 15.0901 -22.2962
2 24 -35.5434 15.0901 -22.2962 -36 13.8528 -20
3 16 -27.7038 20 -14.4566 -30 13.5305 -14 -27.7038 13.5305 -14.4566
4 16 -27.9675 20 -14.4042 -30 17.8264 -14 -30 13.5305 -14 -27.7038 20 -14.4566
4 16 -30 17.8264 -14 -32.2962 15.681 -14.4566 -32.2962 13.5305 -14.4566 -30 13.5305 -14
4 16 -32.2962 15.681 -14.4566 -34.2426 14.1727 -15.7574 -34.2426 13.5305 -15.7574 -32.2962 13.5305 -14.4566
3 16 -34.2426 13.5305 -15.7574 -34.2426 14.1727 -15.7574 -35.5434 13.5305 -17.7038
3 16 -36 13.5305 -20 -35.5434 13.5305 -17.7038 -36 13.8528 -20
4 16 -36 13.8528 -20 -35.5434 15.0901 -22.2962 -35.5434 13.5305 -22.2962 -36 13.5305 -20
4 16 -35.5434 15.0901 -22.2962 -34.2426 17.0544 -24.2426 -34.2426 13.5305 -24.2426 -35.5434 13.5305 -22.2962
4 16 -34.2426 17.0544 -24.2426 -32.2962 19.4463 -25.5434 -32.2962 13.5305 -25.5434 -34.2426 13.5305 -24.2426
4 16 -32.2962 19.4463 -25.5434 -31.7784 20 -25.6464 -30 20 -26 -32.2962 13.5305 -25.5434
3 16 -30 20 -26 -30 13.5305 -26 -32.2962 13.5305 -25.5434
5 24 -30 17.8264 -14 -30 13.5305 -14 -32.2962 15.681 -14.4566 -27.9675 20 -14.4042
5 24 -32.2962 15.681 -14.4566 -32.2962 13.5305 -14.4566 -34.2426 14.1727 -15.7574 -30 17.8264 -14
5 24 -34.2426 14.1727 -15.7574 -34.2426 13.5305 -15.7574 -35.5434 13.5305 -17.7038 -32.2962 15.681 -14.4566
5 24 -36 13.8528 -20 -36 13.5305 -20 -35.5434 15.0901 -22.2962 -35.5434 13.5305 -17.7038
5 24 -35.5434 15.0901 -22.2962 -35.5434 13.5305 -22.2962 -34.2426 17.0544 -24.2426 -36 13.8528 -20
5 24 -34.2426 17.0544 -24.2426 -34.2426 13.5305 -24.2426 -32.2962 19.4463 -25.5434 -35.5434 15.0901 -22.2962
5 24 -32.2962 19.4463 -25.5434 -32.2962 13.5305 -25.5434 -31.7784 20 -25.6464 -34.2426 17.0544 -24.2426
5 24 -30 20 -26 -30 13.5305 -26 -27.7038 20 -25.5434 -31.7784 20 -25.6464
5 24 -27.7038 20 -14.4566 -27.7038 13.5305 -14.4566 -27.9675 20 -14.4042 -25.7574 20 -15.7574
2 24 -28.4692 20 -16.3044 -28.6027 20 -16.2779
1 16 -30 20 -20 0 0 4 0 -1 0 -4 0 0 7-16edge.dat
0 BFC INVERTNEXT
1 16 -30 20 -20 0 0 4 0 -4.3583 0 -4 0 0 7-16cyli.dat
2 24 -30 20 -24 -31.1433 20 -23.7727
2 24 -34 15.8566 -20 -33.6956 15.6417 -18.4692
2 24 -33.6956 15.6417 -18.4692 -32.8284 16.0698 -17.1716
2 24 -32.8284 16.0698 -17.1716 -31.5308 17.0754 -16.3044
2 24 -31.5308 17.0754 -16.3044 -30 18.5057 -16
2 24 -30 18.5057 -16 -28.6027 20 -16.2779
2 24 -31.5308 19.5856 -23.6956 -31.1433 20 -23.7727
2 24 -31.5308 19.5856 -23.6956 -32.8284 17.991 -22.8284
2 24 -32.8284 17.991 -22.8284 -33.6956 16.6815 -21.5308
2 24 -33.6956 16.6815 -21.5308 -34 15.8566 -20
3 16 -28.4692 15.6417 -16.3044 -30 15.6417 -16 -28.4692 20 -16.3044
4 16 -28.4692 20 -16.3044 -30 15.6417 -16 -30 18.5057 -16 -28.6027 20 -16.2779
4 16 -30 15.6417 -16 -31.5308 15.6417 -16.3044 -31.5308 17.0754 -16.3044 -30 18.5057 -16
4 16 -31.5308 15.6417 -16.3044 -32.8284 15.6417 -17.1716 -32.8284 16.0698 -17.1716 -31.5308 17.0754 -16.3044
3 16 -32.8284 16.0698 -17.1716 -32.8284 15.6417 -17.1716 -33.6956 15.6417 -18.4692
3 16 -33.6956 15.6417 -18.4692 -34 15.6417 -20 -34 15.8566 -20
4 16 -34 15.6417 -20 -33.6956 15.6417 -21.5308 -33.6956 16.6815 -21.5308 -34 15.8566 -20
4 16 -33.6956 15.6417 -21.5308 -32.8284 15.6417 -22.8284 -32.8284 17.991 -22.8284 -33.6956 16.6815 -21.5308
4 16 -32.8284 15.6417 -22.8284 -31.5308 15.6417 -23.6956 -31.5308 19.5856 -23.6956 -32.8284 17.991 -22.8284
4 16 -31.5308 15.6417 -23.6956 -30 20 -24 -31.1433 20 -23.7727 -31.5308 19.5856 -23.6956
3 16 -30 15.6417 -24 -30 20 -24 -31.5308 15.6417 -23.6956
5 24 -30 18.5057 -16 -30 15.6417 -16 -31.5308 17.0754 -16.3044 -28.6027 20 -16.2779
5 24 -31.5308 17.0754 -16.3044 -31.5308 15.6417 -16.3044 -32.8284 16.0698 -17.1716 -30 18.5057 -16
5 24 -32.8284 16.0698 -17.1716 -32.8284 15.6417 -17.1716 -33.6956 15.6417 -18.4692 -31.5308 17.0754 -16.3044
5 24 -34 15.8566 -20 -34 15.6417 -20 -33.6956 16.6815 -21.5308 -33.6956 15.6417 -18.4692
5 24 -33.6956 16.6815 -21.5308 -33.6956 15.6417 -21.5308 -32.8284 17.991 -22.8284 -34 15.8566 -20
5 24 -32.8284 17.991 -22.8284 -32.8284 15.6417 -22.8284 -31.5308 19.5856 -23.6956 -33.6956 16.6815 -21.5308
5 24 -31.5308 19.5856 -23.6956 -31.5308 15.6417 -23.6956 -31.1433 20 -23.7727 -32.8284 17.991 -22.8284
5 24 -30 20 -24 -30 15.6417 -24 -28.4692 20 -23.6956 -31.1433 20 -23.7727
5 24 -28.4692 20 -16.3044 -28.4692 15.6417 -16.3044 -28.6027 20 -16.2779 -27.1716 20 -17.1716
0 BFC INVERTNEXT
1 16 -30 0 -20 4 0 0 0 15.64168 0 0 0 4 4-4cyli.dat
1 16 -30 0 -20 6 0 0 0 13.53045 0 0 0 6 4-4cyli.dat
1 16 -30 0 -20 1 0 0 0 1 0 0 0 1 stud2a.dat

1 16 30 13.07 0 6 0 0 -6.01 1 -2.04 0 0 6 4-4edge.dat
3 16 34.2426 7.3802 4.2426 34.2426 6.738 4.2426 35.5434 6.738 2.2962
4 16 34.2426 7.3802 4.2426 32.2962 8.8885 5.5434 32.2962 6.738 5.5434 34.2426 6.738 4.2426
4 16 32.2962 8.8885 5.5434 30 11.034 6 30 6.738 6 32.2962 6.738 5.5434
4 16 30 11.034 6 27.7038 13.4894 5.5434 27.7038 6.738 5.5434 30 6.738 6
4 16 27.7038 13.4894 5.5434 25.7574 15.8814 4.2426 25.7574 6.738 4.2426 27.7038 6.738 5.5434
4 16 25.7574 15.8814 4.2426 24.4566 17.8457 2.2962 24.4566 6.738 2.2962 25.7574 6.738 4.2426
4 16 24.4566 17.8457 2.2962 24 19.083 0 24 6.738 0 24.4566 6.738 2.2962
4 16 24 19.083 0 24.4566 19.4054 -2.2962 24.4566 6.738 -2.2962 24 6.738 0
4 16 24.4566 19.4054 -2.2962 25.7574 18.7632 -4.2426 25.7574 6.738 -4.2426 24.4566 6.738 -2.2962
4 16 25.7574 18.7632 -4.2426 27.7038 17.2549 -5.5434 27.7038 6.738 -5.5434 25.7574 6.738 -4.2426
4 16 27.7038 17.2549 -5.5434 30 15.1094 -6 30 6.738 -6 27.7038 6.738 -5.5434
4 16 30 15.1094 -6 32.2962 12.6538 -5.5434 32.2962 6.738 -5.5434 30 6.738 -6
4 16 32.2962 12.6538 -5.5434 34.2426 10.262 -4.2426 34.2426 6.738 -4.2426 32.2962 6.738 -5.5434
4 16 34.2426 10.262 -4.2426 35.5434 8.2977 -2.2962 35.5434 6.738 -2.2962 34.2426 6.738 -4.2426
4 16 35.5434 8.2977 -2.2962 36 7.0604 0 36 6.738 0 35.5434 6.738 -2.2962
3 16 35.5434 6.738 2.2962 36 6.738 0 36 7.0604 0
5 24 34.2426 7.3802 4.2426 34.2426 6.738 4.2426 32.2962 8.8885 5.5434 35.5434 6.738 2.2962
5 24 32.2962 8.8885 5.5434 32.2962 6.738 5.5434 30 11.034 6 34.2426 7.3802 4.2426
5 24 30 11.034 6 30 6.738 6 27.7038 13.4894 5.5434 32.2962 8.8885 5.5434
5 24 27.7038 13.4894 5.5434 27.7038 6.738 5.5434 25.7574 15.8814 4.2426 30 11.034 6
5 24 25.7574 15.8814 4.2426 25.7574 6.738 4.2426 24.4566 17.8457 2.2962 27.7038 13.4894 5.5434
5 24 24.4566 17.8457 2.2962 24.4566 6.738 2.2962 24 19.083 0 25.7574 15.8814 4.2426
5 24 24 19.083 0 24 6.738 0 24.4566 19.4054 -2.2962 24.4566 17.8457 2.2962
5 24 24.4566 19.4054 -2.2962 24.4566 6.738 -2.2962 25.7574 18.7632 -4.2426 24 19.083 0
5 24 25.7574 18.7632 -4.2426 25.7574 6.738 -4.2426 27.7038 17.2549 -5.5434 24.4566 19.4054 -2.2962
5 24 27.7038 17.2549 -5.5434 27.7038 6.738 -5.5434 30 15.1094 -6 25.7574 18.7632 -4.2426
5 24 30 15.1094 -6 30 6.738 -6 32.2962 12.6538 -5.5434 27.7038 17.2549 -5.5434
5 24 32.2962 12.6538 -5.5434 32.2962 6.738 -5.5434 34.2426 10.262 -4.2426 30 15.1094 -6
5 24 34.2426 10.262 -4.2426 34.2426 6.738 -4.2426 35.5434 8.2977 -2.2962 32.2962 12.6538 -5.5434
5 24 35.5434 8.2977 -2.2962 35.5434 6.738 -2.2962 36 7.0604 0 34.2426 10.262 -4.2426
5 24 36 7.0604 0 36 6.738 0 35.5434 6.738 2.2962 35.5434 8.2977 -2.2962
1 16 30 13.07 0 4 0 0 -4.01 1 -1.349 0 0 4 4-4edge.dat
3 16 32.8284 9.2774 2.8284 33.6956 8.8492 1.5308 32.8284 8.8492 2.8284
4 16 32.8284 8.8492 2.8284 31.5308 8.8492 3.6956 31.5308 10.2829 3.6956 32.8284 9.2774 2.8284
4 16 31.5308 8.8492 3.6956 30 8.8492 4 30 11.7132 4 31.5308 10.2829 3.6956
4 16 30 8.8492 4 28.4692 8.8492 3.6956 28.4692 13.3503 3.6956 30 11.7132 4
4 16 28.4692 8.8492 3.6956 27.1716 8.8492 2.8284 27.1716 14.9449 2.8284 28.4692 13.3503 3.6956
4 16 27.1716 8.8492 2.8284 26.3044 8.8492 1.5308 26.3044 16.2544 1.5308 27.1716 14.9449 2.8284
4 16 26.3044 8.8492 1.5308 26 8.8492 0 26 17.0793 0 26.3044 16.2544 1.5308
4 16 26 8.8492 0 26.3044 8.8492 -1.5308 26.3044 17.2942 -1.5308 26 17.0793 0
4 16 26.3044 8.8492 -1.5308 27.1716 8.8492 -2.8284 27.1716 16.866 -2.8284 26.3044 17.2942 -1.5308
4 16 27.1716 8.8492 -2.8284 28.4692 8.8492 -3.6956 28.4692 15.8605 -3.6956 27.1716 16.866 -2.8284
4 16 28.4692 8.8492 -3.6956 30 8.8492 -4 30 14.4302 -4 28.4692 15.8605 -3.6956
4 16 30 8.8492 -4 31.5308 8.8492 -3.6956 31.5308 12.7931 -3.6956 30 14.4302 -4
4 16 31.5308 8.8492 -3.6956 32.8284 8.8492 -2.8284 32.8284 11.1986 -2.8284 31.5308 12.7931 -3.6956
4 16 32.8284 8.8492 -2.8284 33.6956 8.8492 -1.5308 33.6956 9.889 -1.5308 32.8284 11.1986 -2.8284
4 16 33.6956 8.8492 -1.5308 34 8.8492 0 34 9.0642 0 33.6956 9.889 -1.5308
3 16 33.6956 8.8492 1.5308 34 9.0642 0 34 8.8492 0
5 24 32.8284 9.2774 2.8284 32.8284 8.8492 2.8284 31.5308 10.2829 3.6956 33.6956 8.8492 1.5308
5 24 31.5308 10.2829 3.6956 31.5308 8.8492 3.6956 30 11.7132 4 32.8284 9.2774 2.8284
5 24 30 11.7132 4 30 8.8492 4 28.4692 13.3503 3.6956 31.5308 10.2829 3.6956
5 24 28.4692 13.3503 3.6956 28.4692 8.8492 3.6956 27.1716 14.9449 2.8284 30 11.7132 4
5 24 27.1716 14.9449 2.8284 27.1716 8.8492 2.8284 26.3044 16.2544 1.5308 28.4692 13.3503 3.6956
5 24 26.3044 16.2544 1.5308 26.3044 8.8492 1.5308 26 17.0793 0 27.1716 14.9449 2.8284
5 24 26 17.0793 0 26 8.8492 0 26.3044 17.2942 -1.5308 26.3044 16.2544 1.5308
5 24 26.3044 17.2942 -1.5308 26.3044 8.8492 -1.5308 27.1716 16.866 -2.8284 26 17.0793 0
5 24 27.1716 16.866 -2.8284 27.1716 8.8492 -2.8284 28.4692 15.8605 -3.6956 26.3044 17.2942 -1.5308
5 24 28.4692 15.8605 -3.6956 28.4692 8.8492 -3.6956 30 14.4302 -4 27.1716 16.866 -2.8284
5 24 30 14.4302 -4 30 8.8492 -4 31.5308 12.7931 -3.6956 28.4692 15.8605 -3.6956
5 24 31.5308 12.7931 -3.6956 31.5308 8.8492 -3.6956 32.8284 11.1986 -2.8284 30 14.4302 -4
5 24 32.8284 11.1986 -2.8284 32.8284 8.8492 -2.8284 33.6956 9.889 -1.5308 31.5308 12.7931 -3.6956
5 24 33.6956 9.889 -1.5308 33.6956 8.8492 -1.5308 34 9.0642 0 32.8284 11.1986 -2.8284
5 24 34 9.0642 0 34 8.8492 0 33.6956 8.8492 1.5308 33.6956 9.889 -1.5308
0 BFC INVERTNEXT
1 16 30 0 0 4 0 0 0 8.84923 0 0 0 4 4-4cyli.dat
1 16 30 0 0 6 0 0 0 6.738 0 0 0 6 4-4cyli.dat
1 16 30 0 0 1 0 0 0 1 0 0 0 1 stud2a.dat

1 16 -30 13.07 0 -6 0 0 -6.01 1 -2.04 0 0 6 4-4edge.dat
3 16 -34.2426 7.3802 4.2426 -35.5434 6.738 2.2962 -34.2426 6.738 4.2426
4 16 -34.2426 6.738 4.2426 -32.2962 6.738 5.5434 -32.2962 8.8885 5.5434 -34.2426 7.3802 4.2426
4 16 -32.2962 6.738 5.5434 -30 6.738 6 -30 11.034 6 -32.2962 8.8885 5.5434
4 16 -30 6.738 6 -27.7038 6.738 5.5434 -27.7038 13.4894 5.5434 -30 11.034 6
4 16 -27.7038 6.738 5.5434 -25.7574 6.738 4.2426 -25.7574 15.8814 4.2426 -27.7038 13.4894 5.5434
4 16 -25.7574 6.738 4.2426 -24.4566 6.738 2.2962 -24.4566 17.8457 2.2962 -25.7574 15.8814 4.2426
4 16 -24.4566 6.738 2.2962 -24 6.738 0 -24 19.083 0 -24.4566 17.8457 2.2962
4 16 -24 6.738 0 -24.4566 6.738 -2.2962 -24.4566 19.4054 -2.2962 -24 19.083 0
4 16 -24.4566 6.738 -2.2962 -25.7574 6.738 -4.2426 -25.7574 18.7632 -4.2426 -24.4566 19.4054 -2.2962
4 16 -25.7574 6.738 -4.2426 -27.7038 6.738 -5.5434 -27.7038 17.2549 -5.5434 -25.7574 18.7632 -4.2426
4 16 -27.7038 6.738 -5.5434 -30 6.738 -6 -30 15.1094 -6 -27.7038 17.2549 -5.5434
4 16 -30 6.738 -6 -32.2962 6.738 -5.5434 -32.2962 12.6538 -5.5434 -30 15.1094 -6
4 16 -32.2962 6.738 -5.5434 -34.2426 6.738 -4.2426 -34.2426 10.262 -4.2426 -32.2962 12.6538 -5.5434
4 16 -34.2426 6.738 -4.2426 -35.5434 6.738 -2.2962 -35.5434 8.2977 -2.2962 -34.2426 10.262 -4.2426
4 16 -35.5434 6.738 -2.2962 -36 6.738 0 -36 7.0604 0 -35.5434 8.2977 -2.2962
3 16 -35.5434 6.738 2.2962 -36 7.0604 0 -36 6.738 0
5 24 -34.2426 7.3802 4.2426 -34.2426 6.738 4.2426 -32.2962 8.8885 5.5434 -35.5434 6.738 2.2962
5 24 -32.2962 8.8885 5.5434 -32.2962 6.738 5.5434 -30 11.034 6 -34.2426 7.3802 4.2426
5 24 -30 11.034 6 -30 6.738 6 -27.7038 13.4894 5.5434 -32.2962 8.8885 5.5434
5 24 -27.7038 13.4894 5.5434 -27.7038 6.738 5.5434 -25.7574 15.8814 4.2426 -30 11.034 6
5 24 -25.7574 15.8814 4.2426 -25.7574 6.738 4.2426 -24.4566 17.8457 2.2962 -27.7038 13.4894 5.5434
5 24 -24.4566 17.8457 2.2962 -24.4566 6.738 2.2962 -24 19.083 0 -25.7574 15.8814 4.2426
5 24 -24 19.083 0 -24 6.738 0 -24.4566 19.4054 -2.2962 -24.4566 17.8457 2.2962
5 24 -24.4566 19.4054 -2.2962 -24.4566 6.738 -2.2962 -25.7574 18.7632 -4.2426 -24 19.083 0
5 24 -25.7574 18.7632 -4.2426 -25.7574 6.738 -4.2426 -27.7038 17.2549 -5.5434 -24.4566 19.4054 -2.2962
5 24 -27.7038 17.2549 -5.5434 -27.7038 6.738 -5.5434 -30 15.1094 -6 -25.7574 18.7632 -4.2426
5 24 -30 15.1094 -6 -30 6.738 -6 -32.2962 12.6538 -5.5434 -27.7038 17.2549 -5.5434
5 24 -32.2962 12.6538 -5.5434 -32.2962 6.738 -5.5434 -34.2426 10.262 -4.2426 -30 15.1094 -6
5 24 -34.2426 10.262 -4.2426 -34.2426 6.738 -4.2426 -35.5434 8.2977 -2.2962 -32.2962 12.6538 -5.5434
5 24 -35.5434 8.2977 -2.2962 -35.5434 6.738 -2.2962 -36 7.0604 0 -34.2426 10.262 -4.2426
5 24 -36 7.0604 0 -36 6.738 0 -35.5434 6.738 2.2962 -35.5434 8.2977 -2.2962
1 16 -30 13.07 0 -4 0 0 -4.01 1 -1.349 0 0 4 4-4edge.dat
3 16 -32.8284 9.2774 2.8284 -32.8284 8.8492 2.8284 -33.6956 8.8492 1.5308
4 16 -32.8284 9.2774 2.8284 -31.5308 10.2829 3.6956 -31.5308 8.8492 3.6956 -32.8284 8.8492 2.8284
4 16 -31.5308 10.2829 3.6956 -30 11.7132 4 -30 8.8492 4 -31.5308 8.8492 3.6956
4 16 -30 11.7132 4 -28.4692 13.3503 3.6956 -28.4692 8.8492 3.6956 -30 8.8492 4
4 16 -28.4692 13.3503 3.6956 -27.1716 14.9449 2.8284 -27.1716 8.8492 2.8284 -28.4692 8.8492 3.6956
4 16 -27.1716 14.9449 2.8284 -26.3044 16.2544 1.5308 -26.3044 8.8492 1.5308 -27.1716 8.8492 2.8284
4 16 -26.3044 16.2544 1.5308 -26 17.0793 0 -26 8.8492 0 -26.3044 8.8492 1.5308
4 16 -26 17.0793 0 -26.3044 17.2942 -1.5308 -26.3044 8.8492 -1.5308 -26 8.8492 0
4 16 -26.3044 17.2942 -1.5308 -27.1716 16.866 -2.8284 -27.1716 8.8492 -2.8284 -26.3044 8.8492 -1.5308
4 16 -27.1716 16.866 -2.8284 -28.4692 15.8605 -3.6956 -28.4692 8.8492 -3.6956 -27.1716 8.8492 -2.8284
4 16 -28.4692 15.8605 -3.6956 -30 14.4302 -4 -30 8.8492 -4 -28.4692 8.8492 -3.6956
4 16 -30 14.4302 -4 -31.5308 12.7931 -3.6956 -31.5308 8.8492 -3.6956 -30 8.8492 -4
4 16 -31.5308 12.7931 -3.6956 -32.8284 11.1986 -2.8284 -32.8284 8.8492 -2.8284 -31.5308 8.8492 -3.6956
4 16 -32.8284 11.1986 -2.8284 -33.6956 9.889 -1.5308 -33.6956 8.8492 -1.5308 -32.8284 8.8492 -2.8284
4 16 -33.6956 9.889 -1.5308 -34 9.0642 0 -34 8.8492 0 -33.6956 8.8492 -1.5308
3 16 -33.6956 8.8492 1.5308 -34 8.8492 0 -34 9.0642 0
5 24 -32.8284 9.2774 2.8284 -32.8284 8.8492 2.8284 -31.5308 10.2829 3.6956 -33.6956 8.8492 1.5308
5 24 -31.5308 10.2829 3.6956 -31.5308 8.8492 3.6956 -30 11.7132 4 -32.8284 9.2774 2.8284
5 24 -30 11.7132 4 -30 8.8492 4 -28.4692 13.3503 3.6956 -31.5308 10.2829 3.6956
5 24 -28.4692 13.3503 3.6956 -28.4692 8.8492 3.6956 -27.1716 14.9449 2.8284 -30 11.7132 4
5 24 -27.1716 14.9449 2.8284 -27.1716 8.8492 2.8284 -26.3044 16.2544 1.5308 -28.4692 13.3503 3.6956
5 24 -26.3044 16.2544 1.5308 -26.3044 8.8492 1.5308 -26 17.0793 0 -27.1716 14.9449 2.8284
5 24 -26 17.0793 0 -26 8.8492 0 -26.3044 17.2942 -1.5308 -26.3044 16.2544 1.5308
5 24 -26.3044 17.2942 -1.5308 -26.3044 8.8492 -1.5308 -27.1716 16.866 -2.8284 -26 17.0793 0
5 24 -27.1716 16.866 -2.8284 -27.1716 8.8492 -2.8284 -28.4692 15.8605 -3.6956 -26.3044 17.2942 -1.5308
5 24 -28.4692 15.8605 -3.6956 -28.4692 8.8492 -3.6956 -30 14.4302 -4 -27.1716 16.866 -2.8284
5 24 -30 14.4302 -4 -30 8.8492 -4 -31.5308 12.7931 -3.6956 -28.4692 15.8605 -3.6956
5 24 -31.5308 12.7931 -3.6956 -31.5308 8.8492 -3.6956 -32.8284 11.1986 -2.8284 -30 14.4302 -4
5 24 -32.8284 11.1986 -2.8284 -32.8284 8.8492 -2.8284 -33.6956 9.889 -1.5308 -31.5308 12.7931 -3.6956
5 24 -33.6956 9.889 -1.5308 -33.6956 8.8492 -1.5308 -34 9.0642 0 -32.8284 11.1986 -2.8284
5 24 -34 9.0642 0 -34 8.8492 0 -33.6956 8.8492 1.5308 -33.6956 9.889 -1.5308
0 BFC INVERTNEXT
1 16 -30 0 0 4 0 0 0 8.84923 0 0 0 4 4-4cyli.dat
1 16 -30 0 0 6 0 0 0 6.738 0 0 0 6 4-4cyli.dat
1 16 -30 0 0 1 0 0 0 1 0 0 0 1 stud2a.dat

1 16 10 16.268 20 0 0 -1 0 2.037 0 1 0 0 stud2s.dat
0 BFC INVERTNEXT
1 16 10 8 20 4 0 0 0 8.268 0 0 0 4 4-4cyli.dat
1 16 10 8 20 6 0 0 0 8.268 0 0 0 6 4-4cyli.dat
1 16 10 8 20 1 0 0 0 1 0 0 0 1 stud2a.dat

1 16 -10 16.268 20 0 0 -1 0 2.037 0 1 0 0 stud2s.dat
0 BFC INVERTNEXT
1 16 -10 8 20 4 0 0 0 8.268 0 0 0 4 4-4cyli.dat
1 16 -10 8 20 6 0 0 0 8.268 0 0 0 6 4-4cyli.dat
1 16 -10 8 20 1 0 0 0 1 0 0 0 1 stud2a.dat

1 16 10 9.455 40 0 0 -1 0 2.033 0 1 0 0 stud2s.dat
0 BFC INVERTNEXT
1 16 10 0 40 4 0 0 0 9.455 0 0 0 4 4-4cyli.dat
1 16 10 0 40 6 0 0 0 9.455 0 0 0 6 4-4cyli.dat
1 16 10 0 40 1 0 0 0 1 0 0 0 1 stud2a.dat

1 16 -10 9.455 40 0 0 -1 0 2.033 0 1 0 0 stud2s.dat
0 BFC INVERTNEXT
1 16 -10 0 40 4 0 0 0 9.455 0 0 0 4 4-4cyli.dat
1 16 -10 0 40 6 0 0 0 9.455 0 0 0 6 4-4cyli.dat
1 16 -10 0 40 1 0 0 0 1 0 0 0 1 stud2a.dat

1 16 10 2.677 60 0 0 -1 0 2.033 0 1 0 0 stud2s.dat
0 BFC INVERTNEXT
1 16 10 0 60 4 0 0 0 2.677 0 0 0 4 4-4cyli.dat
1 16 10 0 60 6 0 0 0 2.677 0 0 0 6 4-4cyli.dat
1 16 10 0 60 1 0 0 0 1 0 0 0 1 stud2a.dat

1 16 -10 2.677 60 0 0 -1 0 2.033 0 1 0 0 stud2s.dat
0 BFC INVERTNEXT
1 16 -10 0 60 4 0 0 0 2.677 0 0 0 4 4-4cyli.dat
1 16 -10 0 60 6 0 0 0 2.677 0 0 0 6 4-4cyli.dat
1 16 -10 0 60 1 0 0 0 1 0 0 0 1 stud2a.dat

0 // between studs
2 24 9 14.2 32 9 13.4548 34.1989
2 24 11 14.2 32 11 13.4548 34.1989
2 24 9 9.5229 45.8012 9 6.6771 54.1989
2 24 11 9.5229 45.8012 11 6.6771 54.1989
2 24 9 21.7 10 9 20.2745 14.1989
2 24 11 21.7 10 11 20.2745 14.1989
2 24 9 16.3355 25.8012 9 14.91 30
2 24 11 16.3355 25.8012 11 14.91 30
2 24 29 18.8958 -14.1989 29 16.0438 -5.8012
2 24 31 16.8921 -14.1989 31 14.04 -5.8012
4 16 9 0 32 9 0 34.1989 9 13.4548 34.1989 9 14.2 32
4 16 11 14.2 32 11 13.4548 34.1989 11 0 34.1989 11 0 32
4 16 9 0 45.8012 9 0 54.1989 9 6.6771 54.1989 9 9.5229 45.8012
4 16 11 9.5229 45.8012 11 6.6771 54.1989 11 0 54.1989 11 0 45.8012
4 16 9 8 10 9 8 14.1989 9 20.2745 14.1989 9 21.7 10
4 16 11 21.7 10 11 20.2745 14.1989 11 8 14.1989 11 8 10
4 16 9 8 25.8012 9 8 30 9 14.91 30 9 16.3355 25.8012
4 16 11 16.3355 25.8012 11 14.91 30 11 8 30 11 8 25.8012
4 16 29 0 -14.1989 29 0 -5.8012 29 16.0438 -5.8012 29 18.8958 -14.1989
4 16 31 16.8921 -14.1989 31 14.04 -5.8012 31 0 -5.8012 31 0 -14.1989
2 24 9 13.4548 34.1989 9 0 34.1989
2 24 11 13.4548 34.1989 11 0 34.1989
2 24 11 14.2 32 11 0 32
1 16 10 0 36.613 1 0 -2.41421 0 1 0 -2.41421 0 -1 1-8edge.dat
1 16 10 0 33.09945 0 0 1 0 1 0 -1.09945 0 0 rect2p.dat
2 24 9 6.6771 54.1989 9 0 54.1989
2 24 9 9.5229 45.8012 9 0 45.8012
2 24 11 6.6771 54.1989 11 0 54.1989
2 24 11 9.5229 45.8012 11 0 45.8012
1 16 10 0 43.387 1 0 -2.41421 0 1 0 2.41421 0 1 1-8edge.dat
1 16 10 0 56.613 1 0 -2.41421 0 1 0 -2.41421 0 -1 1-8edge.dat
1 16 10 0 50 0 0 1 0 1 0 -4.19885 0 0 rect2p.dat
2 24 9 20.2745 14.1989 9 8 14.1989
2 24 9 21.7 10 9 8 10
2 24 11 20.2745 14.1989 11 8 14.1989
2 24 11 21.7 10 11 8 10
1 16 10 8 16.613 1 0 -2.41421 0 1 0 -2.41421 0 -1 1-8edge.dat
1 16 10 8 12.09945 -1 0 0 0 1 0 0 0 -2.09945 rect3.dat
4 16 9 16 10 11 16 10 11 8 10 9 8 10
2 24 9 14.91 30 9 8 30
2 24 9 16.3355 25.8012 9 8 25.8012
2 24 11 14.91 30 11 8 30
2 24 11 16.3355 25.8012 11 8 25.8012
1 16 10 8 23.387 1 0 -2.41421 0 1 0 2.41421 0 1 1-8edge.dat
1 16 10 8 27.9 1 0 0 0 1 0 0 0 2.0994 rect3.dat
1 16 30 20 -30 0 0 -1 0 -20 0 -4.1987 0 0 box3u4p.dat
1 16 30 0 -36.613 1 0 -2.41421 0 1 0 2.41421 0 1 1-8edge.dat
1 16 30 0 -23.387 1 0 -2.41421 0 1 0 -2.41421 0 -1 1-8edge.dat
2 24 29 16.0438 -5.8012 29 0 -5.8012
2 24 29 18.8958 -14.1989 29 0 -14.1989
2 24 31 14.04 -5.8012 31 0 -5.8012
2 24 31 16.8921 -14.1989 31 0 -14.1989
1 16 30 0 -16.613 1 0 -2.41421 0 1 0 2.41421 0 1 1-8edge.dat
1 16 30 0 -3.387 1 0 -2.41421 0 1 0 -2.41421 0 -1 1-8edge.dat
1 16 30 0 -10 0 0 1 0 1 0 -4.19885 0 0 rect2p.dat
0 // other side
2 24 -9 14.2 32 -9 13.4548 34.1989
2 24 -11 14.2 32 -11 13.4548 34.1989
2 24 -9 9.5229 45.8012 -9 6.6771 54.1989
2 24 -11 9.5229 45.8012 -11 6.6771 54.1989
2 24 -9 21.7 10 -9 20.2745 14.1989
2 24 -11 21.7 10 -11 20.2745 14.1989
2 24 -9 16.3355 25.8012 -9 14.91 30
2 24 -11 16.3355 25.8012 -11 14.91 30
2 24 -29 18.8958 -14.1989 -29 16.0438 -5.8012
2 24 -31 16.8921 -14.1989 -31 14.04 -5.8012
4 16 -9 14.2 32 -9 13.4548 34.1989 -9 0 34.1989 -9 0 32
4 16 -11 0 32 -11 0 34.1989 -11 13.4548 34.1989 -11 14.2 32
4 16 -9 9.5229 45.8012 -9 6.6771 54.1989 -9 0 54.1989 -9 0 45.8012
4 16 -11 0 45.8012 -11 0 54.1989 -11 6.6771 54.1989 -11 9.5229 45.8012
4 16 -9 21.7 10 -9 20.2745 14.1989 -9 8 14.1989 -9 8 10
4 16 -11 8 10 -11 8 14.1989 -11 20.2745 14.1989 -11 21.7 10
4 16 -9 16.3355 25.8012 -9 14.91 30 -9 8 30 -9 8 25.8012
4 16 -11 8 25.8012 -11 8 30 -11 14.91 30 -11 16.3355 25.8012
4 16 -29 18.8958 -14.1989 -29 16.0438 -5.8012 -29 0 -5.8012 -29 0 -14.1989
4 16 -31 0 -14.1989 -31 0 -5.8012 -31 14.04 -5.8012 -31 16.8921 -14.1989
2 24 -9 13.4548 34.1989 -9 0 34.1989
2 24 -11 13.4548 34.1989 -11 0 34.1989
2 24 -11 14.2 32 -11 0 32
1 16 -10 0 36.613 -1 0 2.41421 0 1 0 -2.41421 0 -1 1-8edge.dat
1 16 -10 0 33.09945 0 0 1 0 1 0 -1.09945 0 0 rect2p.dat
2 24 -9 6.6771 54.1989 -9 0 54.1989
2 24 -9 9.5229 45.8012 -9 0 45.8012
2 24 -11 6.6771 54.1989 -11 0 54.1989
2 24 -11 9.5229 45.8012 -11 0 45.8012
1 16 -10 0 43.387 -1 0 2.41421 0 1 0 2.41421 0 1 1-8edge.dat
1 16 -10 0 56.613 -1 0 2.41421 0 1 0 -2.41421 0 -1 1-8edge.dat
1 16 -10 0 50 0 0 1 0 1 0 -4.19885 0 0 rect2p.dat
2 24 -9 20.2745 14.1989 -9 8 14.1989
2 24 -9 21.7 10 -9 8 10
2 24 -11 20.2745 14.1989 -11 8 14.1989
2 24 -11 21.7 10 -11 8 10
1 16 -10 8 16.613 -1 0 2.41421 0 1 0 -2.41421 0 -1 1-8edge.dat
1 16 -10 8 12.09945 -1 0 0 0 1 0 0 0 -2.09945 rect3.dat
4 16 -9 8 10 -11 8 10 -11 16 10 -9 16 10
2 24 -9 14.91 30 -9 8 30
2 24 -9 16.3355 25.8012 -9 8 25.8012
2 24 -11 14.91 30 -11 8 30
2 24 -11 16.3355 25.8012 -11 8 25.8012
1 16 -10 8 23.387 -1 0 2.41421 0 1 0 2.41421 0 1 1-8edge.dat
1 16 -10 8 27.9 1 0 0 0 1 0 0 0 2.0994 rect3.dat
1 16 -30 20 -30 0 0 1 0 -20 0 -4.1987 0 0 box3u4p.dat
1 16 -30 0 -36.613 -1 0 2.41421 0 1 0 2.41421 0 1 1-8edge.dat
1 16 -30 0 -23.387 -1 0 2.41421 0 1 0 -2.41421 0 -1 1-8edge.dat
2 24 -29 16.0438 -5.8012 -29 0 -5.8012
2 24 -29 18.8958 -14.1989 -29 0 -14.1989
2 24 -31 14.04 -5.8012 -31 0 -5.8012
2 24 -31 16.8921 -14.1989 -31 0 -14.1989
1 16 -30 0 -16.613 -1 0 2.41421 0 1 0 2.41421 0 1 1-8edge.dat
1 16 -30 0 -3.387 -1 0 2.41421 0 1 0 -2.41421 0 -1 1-8edge.dat
1 16 -30 0 -10 0 0 1 0 1 0 -4.19885 0 0 rect2p.dat
