0 Slope Brick Curved  3 x  1
0 Name: 50950.dat
0 Author: Orion Pobursky [OrionP]
0 !LDRAW_ORG Part UPDATE 2005-01
0 !LICENSE Redistributable under CCAL version 2.0 : see CAreadme.txt

0 BFC CERTIFY CCW

0 !HISTORY 2005-12-28 [PTadmin] Official Update 2005-01
0 !HISTORY 2007-07-09 [PTadmin] Header formatted for Contributor Agreement
0 !HISTORY 2008-07-01 [PTadmin] Official Update 2008-01

1 16 0 24 -10 -10 0 0 0 -4 0 0 0 20 box4o4a.dat
0 BFC INVERTNEXT
1 16 0 24 -10 -6 0 0 0 -4 0 0 0 16 box4o4a.dat
1 16 0 18 10.001 0 0 -10 2 0 0 0 -1 0 rect2p.dat
1 16 -3.5 10.896 10 2.5 0 0 0 0 -5.1035 0 -1 0 rect3.dat
1 16 3.5 10.896 10 2.5 0 0 0 0 -5.1035 0 -1 0 rect3.dat
1 16 0 13.294 6 6 0 0 0 0 6.706 0 1 0 rect3.dat
1 16 -10 14 20 0 1 0 2 0 0 0 0 -10 rect1.dat
1 16 10 14 20 0 -1 0 2 0 0 0 0 10 rect1.dat
1 16 0 8 30 0 0 -10 8 0 0 0 -1 0 rect.dat
1 16 0 10 26 0 0 6 6 0 0 0 1 0 rect.dat
1 16 0 20 -24 0 0 6 0 -1 0 2 0 0 rect.dat
4 16 6 4 26 6 4.688 15.56 -6 4.688 15.56 -6 4 26
4 16 6 4.688 15.56 6 4.998 14 -6 4.998 14 -6 4.688 15.56
4 16 6 4.998 14 6 5.793 10 1 5.793 10 1 4.998 14
4 16 -1 4.998 14 -1 5.793 10 -6 5.793 10 -6 4.998 14
4 16 6 6.588 6 6 6.728 5.296 -6 6.728 5.296 -6 6.588 6
4 16 6 6.728 5.296 6 10.088 -4.616 -6 10.088 -4.616 -6 6.728 5.296
4 16 6 10.088 -4.616 6 14.72 -14 -6 14.72 -14 -6 10.088 -4.616
4 16 6 14.72 -14 6 20 -22 -6 20 -22 -6 14.72 -14
5 24 -6 4.688 15.56 6 4.688 15.56 -6 4 26 -6 6.728 5.296
5 24 -6 6.728 5.296 6 6.728 5.296 -6 4.688 15.56 -6 10.088 -4.616
5 24 -6 10.088 -4.616 6 10.088 -4.616 -6 6.728 5.296 -6 14.72 -14
5 24 -6 14.72 -14 6 14.72 -14 -6 10.088 -4.616 -6 20 -22
2 24 6 4 26 6 4.688 15.56
2 24 6 4.688 15.56 6 5.793 10
2 24 6 6.588 6 6 6.728 5.296
2 24 6 6.728 5.296 6 10.088 -4.616
2 24 6 10.088 -4.616 6 14.72 -14
2 24 6 14.72 -14 6 20 -22
2 24 -6 4 26 -6 4.688 15.56
2 24 -6 4.688 15.56 -6 5.793 10
2 24 -6 6.588 6 -6 6.728 5.296
2 24 -6 6.728 5.296 -6 10.088 -4.616
2 24 -6 10.088 -4.616 -6 14.72 -14
2 24 -6 14.72 -14 -6 20 -22
4 16 -6 4 26 -6 4.688 15.56 -6 5.793 10 -6 16 26
3 16 -6 5.793 10 -6 16 10 -6 16 26
4 16 6 4 26 6 16 26 6 5.793 10 6 4.688 15.56
3 16 6 5.793 10 6 16 26 6 16 10
2 24 -6 16 26 -6 16 10
2 24 6 16 26 6 16 10
2 24 6 16 10 10 16 10
2 24 -6 16 10 -10 16 10
4 16 -6 16 10 -10 16 10 -10 16 30 -6 16 26
4 16 6 16 10 6 16 26 10 16 30 10 16 10
4 16 10 16 30 6 16 26 -6 16 26 -10 16 30
4 16 6 6.588 6 6 20 6 6 10.088 -4.616 6 6.728 5.296
4 16 6 10.088 -4.616 6 20 6 6 20 -22 6 14.72 -14
4 16 -6 6.588 6 -6 6.728 5.296 -6 10.088 -4.616 -6 20 6
4 16 -6 10.088 -4.616 -6 14.72 -14 -6 20 -22 -6 20 6
4 16 -6 24 -26 -10 24 -30 -10 24 10 -6 24 6
4 16 6 24 -26 6 24 6 10 24 10 10 24 -30
4 16 -6 24 -26 6 24 -26 10 24 -30 -10 24 -30
4 16 -6 24 6 -10 24 10 10 24 10 6 24 6
1 16 0 5.793 12 1 0 0 0 10.207 0 0 0 2 box4-7a.dat
2 24 1 16 10 -1 16 10
3 16 1 4.998 14 1 5.793 10 1 5.793 14
3 16 -1 4.998 14 -1 5.793 14 -1 5.793 10
1 16 0 5.396 14 -1 0 0 0 0 -0.3975 0 -1 0 rect3.dat
2 24 -1 4.998 14 -1 5.793 10
2 24 1 4.998 14 1 5.793 10
4 16 10 0 30 -10 0 30 -10 0.86 16.95 10 0.86 16.95
4 16 10 0.86 16.95 -10 0.86 16.95 -10 3.41 4.12 10 3.41 4.12
4 16 10 3.41 4.12 -10 3.41 4.12 -10 7.61 -8.27 10 7.61 -8.27
4 16 10 7.61 -8.27 -10 7.61 -8.27 -10 13.4 -20 10 13.4 -20
4 16 10 13.4 -20 -10 13.4 -20 -10 20 -30 10 20 -30
5 24 -10 0.86 16.95 10 0.86 16.95 -10 0 30 -10 3.41 4.12
5 24 -10 3.41 4.12 10 3.41 4.12 -10 0.86 16.95 -10 7.61 -8.27
5 24 -10 7.61 -8.27 10 7.61 -8.27 -10 3.41 4.12 -10 13.4 -20
5 24 -10 13.4 -20 10 13.4 -20 -10 7.61 -8.27 -10 20 -30
2 24 10 0 30 10 0.86 16.95
2 24 10 0.86 16.95 10 3.41 4.12
2 24 10 3.41 4.12 10 7.61 -8.27
2 24 10 7.61 -8.27 10 13.4 -20
2 24 10 13.4 -20 10 20 -30
2 24 -10 0 30 -10 0.86 16.95
2 24 -10 0.86 16.95 -10 3.41 4.12
2 24 -10 3.41 4.12 -10 7.61 -8.27
2 24 -10 7.61 -8.27 -10 13.4 -20
2 24 -10 13.4 -20 -10 20 -30
2 24 10 20 -30 -10 20 -30
3 16 10 12 10 10 20 -30 10 20 10
4 16 10 12 10 10 7.61 -8.27 10 13.4 -20 10 20 -30
4 16 10 12 10 10 0.86 16.95 10 3.41 4.12 10 7.61 -8.27
4 16 10 12 10 10 12 30 10 0 30 10 0.86 16.95
3 16 -10 12 10 -10 20 10 -10 20 -30
4 16 -10 12 10 -10 20 -30 -10 13.4 -20 -10 7.61 -8.27
4 16 -10 12 10 -10 7.61 -8.27 -10 3.41 4.12 -10 0.86 16.95
4 16 -10 12 10 -10 0.86 16.95 -10 0 30 -10 12 30
0
