0 Slope Brick 31  1 x  1 x  0.667 
0 Name: 54200.dat
0 Author: Orion Pobursky [OrionP]
0 !LDRAW_ORG Part UPDATE 2015-01
0 !LICENSE Redistributable under CCAL version 2.0 : see CAreadme.txt

0 BFC CERTIFY CCW

0 !HISTORY 2006-01-14 [cwdee] Rotated to match other slope bricks
0 !HISTORY 2009-09-03 [PTadmin] Official Update 2009-02
0 !HISTORY 2013-08-04 [cwdee] Description change
0 !HISTORY 2013-12-23 [PTadmin] Official Update 2013-02
0 !HISTORY 2014-11-21 [roland] Auto-corrected with libfix version of LDCad 1.4
0 !HISTORY 2015-10-11 [PTadmin] Official Update 2015-01

2 24 10 -16 10 10 -1 10
2 24 -10 -16 10 -10 -1 10
2 24 -10 -4 -10 -10 -1 -10
2 24 10 -4 -10 10 -1 -10
2 24 10 -1 10 -10 -1 10
2 24 10 -1 -10 -10 -1 -10
2 24 10 -16 10 -10 -16 10
2 24 10 -4 -10 -10 -4 -10
2 24 10 -1 10 10 -1 -10
2 24 -10 -1 10 -10 -1 -10
2 24 -10 -16 10 -10 -4 -10
2 24 10 -16 10 10 -4 -10
4 16 -10 -16 10 -10 -1 10 -10 -1 -10 -10 -4 -10
4 16 10 -16 10 10 -4 -10 10 -1 -10 10 -1 10
4 16 10 -16 10 10 -1 10 -10 -1 10 -10 -16 10
4 16 6 -10.6 6 -6 -10.6 6 -6 0 6 6 0 6
4 16 6 -3.4 -6 6 0 -6 -6 0 -6 -6 -3.4 -6
4 16 10 -4 -10 -10 -4 -10 -10 -1 -10 10 -1 -10
4 16 -10 -16 10 -10 -4 -10 10 -4 -10 10 -16 10
2 24 9 0 9 -9 0 9
2 24 9 0 -9 -9 0 -9
1 16 0 -1 0 0 0 9 0 1 0 -9 0 0 box4.dat
4 16 10 -1 -10 9 -1 -9 9 -1 9 10 -1 10
4 16 -10 -1 10 -9 -1 9 -9 -1 -9 -10 -1 -10
4 16 10 -1 10 9 -1 9 -9 -1 9 -10 -1 10
4 16 -10 -1 -10 -9 -1 -9 9 -1 -9 10 -1 -10
4 16 6 0 -6 6 0 6 9 0 9 9 0 -9
4 16 -6 0 6 -6 0 -6 -9 0 -9 -9 0 9
4 16 -6 0 -6 6 0 -6 9 0 -9 -9 0 -9
4 16 6 0 6 -6 0 6 -9 0 9 9 0 9
4 16 6 -10.6 6 6 0 6 6 0 -6 6 -3.4 -6
4 16 -6 -10.6 6 -6 -3.4 -6 -6 0 -6 -6 0 6
2 24 6 0 6 -6 0 6
2 24 6 0 -6 -6 0 -6
2 24 6 0 -6 6 0 6
2 24 -6 0 -6 -6 0 6
2 24 6 -10.6 6 -6 -10.6 6
2 24 6 -3.4 -6 -6 -3.4 -6
2 24 6 -3.4 -6 6 -10.6 6
2 24 -6 -3.4 -6 -6 -10.6 6
2 24 -6 -10.6 6 -6 0 6
2 24 6 -10.6 6 6 0 6
2 24 6 -3.4 -6 6 0 -6
2 24 -6 -3.4 -6 -6 0 -6
4 16 -6 -10.6 6 6 -10.6 6 6 -4 -5 -6 -4 -5
3 16 -3.1092 -4 -5 -2.2961 -4 -5.5434 -2.2961 -3.674 -5.5434
2 24 -2.2961 -4 -5.5434 -2.2961 -3.674 -5.5434
4 16 -2.2961 -4 -5.5434 0 -4 -6 0 -3.4 -6 -2.2961 -3.674 -5.5434
5 24 0 -4 -6 0 -3.4 -6 -2.2961 -4 -5.5434 2.2961 -4 -5.5434
4 16 0 -4 -6 2.2961 -4 -5.5434 2.2961 -3.674 -5.5434 0 -3.4 -6
2 24 2.2961 -4 -5.5434 2.2961 -3.674 -5.5434
3 16 3.1092 -4 -5 2.2961 -3.674 -5.5434 2.2961 -4 -5.5434
2 24 -3.1092 -4 -5 -2.2961 -4 -5.5434
2 24 -2.2961 -4 -5.5434 0 -4 -6
2 24 2.2961 -4 -5.5434 0 -4 -6
2 24 3.1092 -4 -5 2.2961 -4 -5.5434
2 24 -3.1092 -4 -5 -2.2961 -3.674 -5.5434
2 24 -2.2961 -3.674 -5.5434 0 -3.4 -6
2 24 2.2961 -3.674 -5.5434 0 -3.4 -6
2 24 3.1092 -4 -5 2.2961 -3.674 -5.5434
2 24 -3.1092 -4 -5 3.1092 -4 -5
4 16 -3.1092 -4 -5 0 -4 -5 0 -4 -6 -2.2961 -4 -5.5434
4 16 3.1092 -4 -5 2.2961 -4 -5.5434 0 -4 -6 0 -4 -5
4 16 -3.1092 -4 -5 -2.2961 -3.674 -5.5434 -6 -3.4 -6 -6 -4 -5
3 16 -6 -3.4 -6 -2.2961 -3.674 -5.5434 0 -3.4 -6
4 16 3.1092 -4 -5 6 -4 -5 6 -3.4 -6 2.2961 -3.674 -5.5434
3 16 6 -3.4 -6 0 -3.4 -6 2.2961 -3.674 -5.5434
0
