0 Minifig Tool Oilcan
0 Name: 55296.dat
0 Author: John Van Zwieten [jvan]
0 !LDRAW_ORG Part UPDATE 2010-01
0 !LICENSE Redistributable under CCAL version 2.0 : see CAreadme.txt

0 BFC CERTIFY CW
0 !CATEGORY Minifig Accessory

0 !HISTORY 2004-12-16 [unknown] fixed overlaping quads, missing edge, non-coplanar quads, regrouped, BFCed
0 !HISTORY 2005-12-28 [PTadmin] Official Update 2005-01
0 !HISTORY 2007-10-12 [PTadmin] Header formatted for Contributor Agreement
0 !HISTORY 2008-07-01 [PTadmin] Official Update 2008-01
0 !HISTORY 2010-03-17 [PTadmin] Moved from 6246f

0 !HELP 12.529 Degrees rotation on x-axis to make bottom of can level

0 !HISTORY 2010-04-05 [PTadmin] Official Update 2010-01

1 16 0 14.471 -21.259 8 0 0 0 0.976 1.736 0 -0.217 7.808 4-4edge.dat
1 16 0 10.567 -20.391 8 0 0 0 0.976 1.736 0 -0.217 7.808 4-4edge.dat
1 16 0 8.615 -19.957 9.5 0 0 0 0.976 2.062 0 -0.217 9.272 4-4edge.dat
1 16 0 11.003 0 4 0 0 0 0.976 0.868 0 -0.217 3.904 4-4edge.dat
1 16 0 -7.001 -16.485 6.333 0 0 0 0.976 1.374 0 -0.217 6.181 4-4edge.dat
1 16 0 -7.001 -16.485 -5.657 0 -5.657 1.228 0.976 -1.228 5.521 -0.217 -5.521 3-4edge.DAT
2 24 5.657 -5.773 -10.964 4 -5.533 -9.883
2 24 4 -5.533 -9.883 4 -3.336 0
1 16 0 -3.336 0 4 0 0 0 0.976 -0.868 0 -0.217 -3.904 2-4edge.dat
2 24 -4 -5.533 -9.883 -4 -3.336 0
2 24 -5.657 -5.773 -10.964 -4 -5.533 -9.883
2 24 4 -9.437 -9.015 4 -5.533 -9.883
2 24 -4 -9.437 -9.015 -4 -5.533 -9.883
1 16 0 -12.641 -23.425 1.723 -0.174 0 0.066 0.214 1.708 0.297 0.961 -0.38 1-4edge.dat
1 16 0 -12.641 -23.425 -1.723 0.174 0 0.066 0.214 1.708 0.297 0.961 -0.38 1-4edge.dat
1 16 0 -10.905 -15.617 -5.657 0 -5.657 1.228 0.976 -1.228 5.521 -0.217 -5.521 3-4edge.DAT
2 24 5.657 -9.677 -10.096 4 -9.437 -9.015
2 24 4 -9.437 -9.015 4 -7.433 0
1 16 0 -7.433 0 4 0 0 0 0.976 0.868 0 -0.217 3.904 2-4edge.dat
2 24 -4 -9.437 -9.015 -4 -7.433 0
2 24 -5.657 -9.677 -10.096 -4 -9.437 -9.015
1 16 0 -12.576 -23.132 1.75 0 0 0 1.003 -0.849 0 0.365 2.032 1-4edge.dat
1 16 0 -12.576 -23.132 -1.75 0 0 0 1.003 -0.849 0 0.365 2.032 1-4edge.dat
2 24 -7.776 -10.635 -14.405 7.776 -10.635 -14.405
2 24 -3.5 -10.706 -14.423 3.5 -10.706 -14.423
2 24 3.5 -12.739 -14.931 3.5 -10.706 -14.423
2 24 -3.5 -12.739 -14.931 3.5 -12.739 -14.931
2 24 -3.5 -12.739 -14.931 -3.5 -10.706 -14.423
2 24 3.5 -13.372 -9.435 3.5 -10.706 -14.423
2 24 3.5 -15.676 -9.435 3.5 -12.739 -14.931
2 24 -3.5 -15.676 -9.435 -3.5 -12.739 -14.931
2 24 -3.5 -13.372 -9.435 -3.5 -10.706 -14.423
2 24 0 -13.329 -15.078 -2.955 -12.991 -14.993
2 24 -2.955 -12.991 -14.993 -5.521 -12.087 -14.767
2 24 -5.521 -12.087 -14.767 -7.154 -11.117 -14.525
2 24 -7.154 -11.117 -14.525 -7.776 -10.635 -14.405
2 24 0 -13.329 -15.078 2.955 -12.991 -14.993
2 24 2.955 -12.991 -14.993 5.521 -12.087 -14.767
2 24 5.521 -12.087 -14.767 7.154 -11.117 -14.525
2 24 7.154 -11.117 -14.525 7.776 -10.635 -14.405
1 16 0 -19.776 -34.325 1.75 0 0 0 0.217 1.641 0 0.976 -0.681 4-4edge.dat
1 16 0 -20.711 -38.531 1.75 0 0 0 0.217 1.708 0 0.976 -0.38 4-4edge.dat
1 16 0 -20.711 -38.531 3 0 0 0 0.217 2.928 0 0.976 -0.651 4-4edge.dat
1 16 0 14.471 -21.259 8 0 0 0 -0.976 -1.736 0 0.217 -7.808 4-4disc.dat
1 16 0 14.471 -21.259 8 0 0 0 -3.904 1.736 0 0.868 7.808 4-4cyli.dat
1 16 0 10.079 -20.283 0.785 0 0 0 0.61 0.17 0 -0.136 0.766 1-4con10.DAT
1 16 0 10.079 -20.283 -0.785 0 0 0 0.61 0.17 0 -0.136 0.766 1-4con10.DAT
1 16 0 10.079 -20.283 -0.785 0 0 0 0.61 -0.17 0 -0.136 -0.766 1-4con10.DAT
1 16 0 10.079 -20.283 0.785 0 0 0 0.61 -0.17 0 -0.136 -0.766 1-4con10.DAT
1 16 0 8.615 -19.957 0.864 0 0 0 1.464 0.187 0 -0.326 0.843 1-4con10.DAT
1 16 0 8.615 -19.957 -0.864 0 0 0 1.464 0.187 0 -0.326 0.843 1-4con10.DAT
1 16 0 8.615 -19.957 -0.864 0 0 0 1.464 -0.187 0 -0.326 -0.843 1-4con10.DAT
1 16 0 8.615 -19.957 0.864 0 0 0 1.464 -0.187 0 -0.326 -0.843 1-4con10.DAT
1 16 0 8.615 -19.957 3.167 0 0 0 -15.616 0.687 0 3.472 3.091 1-4con2.DAT
1 16 0 8.615 -19.957 -3.167 0 0 0 -15.616 0.687 0 3.472 3.091 1-4con2.DAT
1 16 0 8.615 -19.957 -3.167 0 0 0 -15.616 -0.687 0 3.472 -3.091 1-4con2.DAT
1 16 0 8.615 -19.957 3.167 0 0 0 -15.616 -0.687 0 3.472 -3.091 1-4con2.DAT
1 16 0 -7.001 -16.485 2 0 0 0 -0.976 -0.434 0 0.217 -1.952 ring3.dat
1 16 0 -10.905 -15.617 8 0 0 0 3.904 1.736 0 -0.868 7.808 4-4cyli.dat
1 16 0 -10.905 -15.617 8 0 0 0 3.904 1.736 0 -0.868 7.808 2-4disc.dat
1 16 0 11.003 0 4 0 0 0 -18.436 0.868 0 0 3.904 2-4cyli.dat
1 16 0 11.003 0 4 0 0 0 -14.339 -0.868 0 0 -3.904 2-4cyli.dat
1 16 0 11.003 0 -4 0 0 0 -0.976 -0.868 0 0.217 -3.904 4-4disc.dat
1 16 0 -7.433 0 4 0 0 0 0.976 0.868 0 -0.217 3.904 2-4disc.dat
1 16 0 -3.336 0 -4 0 0 0 -0.976 -0.868 0 0.217 -3.904 2-4ndis.dat
3 16 4 -4.204 -3.904 3.062 -5.397 -9.271 4 -5.533 -9.883
3 16 3.062 -5.397 -9.271 4 -4.204 -3.904 0 -5.265 -8.677
3 16 -4 -4.204 -3.904 0 -5.265 -8.677 4 -4.204 -3.904
3 16 0 -5.265 -8.677 -4 -4.204 -3.904 -3.062 -5.397 -9.271
3 16 -4 -5.533 -9.883 -3.062 -5.397 -9.271 -4 -4.204 -3.904
3 16 3.062 -9.301 -8.403 4 -7.433 0 4 -9.437 -9.015
3 16 4 -7.433 0 3.062 -9.301 -8.403 0 -9.169 -7.809
3 16 -4 -7.433 0 4 -7.433 0 0 -9.169 -7.809
3 16 0 -9.169 -7.809 -3.062 -9.301 -8.403 -4 -7.433 0
3 16 -4 -9.437 -9.015 -4 -7.433 0 -3.062 -9.301 -8.403
4 16 4 -9.437 -9.015 4 -7.433 0 4 -3.336 0 4 -5.533 -9.883
4 16 -4 -5.533 -9.883 -4 -3.336 0 -4 -7.433 0 -4 -9.437 -9.015
4 16 -3.5 -13.372 -9.435 -3.5 -10.706 -14.423 3.5 -10.706 -14.423 3.5 -13.372 -9.435
3 16 0 -13.329 -15.078 2.955 -12.991 -14.993 3.04 -13.025 -15.146
5 24 2.955 -12.991 -14.993 3.04 -13.025 -15.146 0 -13.329 -15.078 5.521 -12.087 -14.767
5 24 3.04 -13.025 -15.146 0 -13.329 -15.078 2.955 -12.991 -14.993 0 -13.685 -18.113
3 16 2.955 -12.991 -14.993 5.521 -12.087 -14.767 3.04 -13.025 -15.146
5 24 5.521 -12.087 -14.767 3.04 -13.025 -15.146 2.955 -12.991 -14.993 5.68 -12.211 -15.327
3 16 5.521 -12.087 -14.767 5.68 -12.211 -15.327 3.04 -13.025 -15.146
5 24 5.521 -12.087 -14.767 5.68 -12.211 -15.327 3.04 -13.025 -15.146 7.154 -11.117 -14.525
5 24 5.68 -12.211 -15.327 3.04 -13.025 -15.146 5.521 -12.087 -14.767 3.04 -13.368 -18.183
3 16 5.521 -12.087 -14.767 7.154 -11.117 -14.525 5.68 -12.211 -15.327
5 24 7.154 -11.117 -14.525 5.68 -12.211 -15.327 5.521 -12.087 -14.767 7.36 -11.338 -15.521
3 16 7.154 -11.117 -14.525 7.36 -11.338 -15.521 5.68 -12.211 -15.327
5 24 7.154 -11.117 -14.525 7.36 -11.338 -15.521 5.68 -12.211 -15.327 7.776 -10.635 -14.405
5 24 7.36 -11.338 -15.521 5.68 -12.211 -15.327 7.154 -11.117 -14.525 5.2 -12.718 -18.328
3 16 7.154 -11.117 -14.525 7.776 -10.635 -14.405 7.36 -11.338 -15.521
5 24 7.776 -10.635 -14.405 7.36 -11.338 -15.521 7.154 -11.117 -14.525 8 -10.905 -15.617
3 16 7.776 -10.635 -14.405 8 -10.905 -15.617 7.36 -11.338 -15.521
5 24 8 -10.905 -15.617 7.36 -11.338 -15.521 7.776 -10.635 -14.405 6.72 -11.986 -18.49
3 16 0 -13.329 -15.078 3.04 -13.025 -15.146 0 -13.685 -18.113
5 24 3.04 -13.025 -15.146 0 -13.685 -18.113 0 -13.329 -15.078 3.04 -13.368 -18.183
3 16 3.04 -13.025 -15.146 3.04 -13.368 -18.183 0 -13.685 -18.113
5 24 3.04 -13.025 -15.146 3.04 -13.368 -18.183 0 -13.685 -18.113 5.68 -12.211 -15.327
5 24 3.04 -13.368 -18.183 0 -13.685 -18.113 3.04 -13.025 -15.146 0 -13.443 -20.87
3 16 3.04 -13.025 -15.146 5.68 -12.211 -15.327 3.04 -13.368 -18.183
5 24 5.68 -12.211 -15.327 3.04 -13.368 -18.183 3.04 -13.025 -15.146 5.2 -12.718 -18.328
3 16 5.68 -12.211 -15.327 5.2 -12.718 -18.328 3.04 -13.368 -18.183
5 24 5.68 -12.211 -15.327 5.2 -12.718 -18.328 3.04 -13.368 -18.183 7.36 -11.338 -15.521
5 24 5.2 -12.718 -18.328 3.04 -13.368 -18.183 5.68 -12.211 -15.327 3.04 -13.187 -20.436
3 16 5.68 -12.211 -15.327 7.36 -11.338 -15.521 5.2 -12.718 -18.328
5 24 7.36 -11.338 -15.521 5.2 -12.718 -18.328 5.68 -12.211 -15.327 6.72 -11.986 -18.49
3 16 7.36 -11.338 -15.521 6.72 -11.986 -18.49 5.2 -12.718 -18.328
5 24 7.36 -11.338 -15.521 6.72 -11.986 -18.49 5.2 -12.718 -18.328 8 -10.905 -15.617
5 24 6.72 -11.986 -18.49 5.2 -12.718 -18.328 7.36 -11.338 -15.521 5.2 -12.473 -20.595
3 16 7.36 -11.338 -15.521 8 -10.905 -15.617 6.72 -11.986 -18.49
5 24 8 -10.905 -15.617 6.72 -11.986 -18.49 7.36 -11.338 -15.521 7.36 -11.565 -18.584
3 16 8 -10.905 -15.617 7.36 -11.565 -18.584 6.72 -11.986 -18.49
5 24 7.36 -11.565 -18.584 6.72 -11.986 -18.49 8 -10.905 -15.617 5.2 -12.473 -20.595
3 16 0 -13.685 -18.113 3.04 -13.368 -18.183 0 -13.443 -20.87
5 24 3.04 -13.368 -18.183 0 -13.443 -20.87 0 -13.685 -18.113 3.04 -13.187 -20.436
3 16 3.04 -13.368 -18.183 3.04 -13.187 -20.436 0 -13.443 -20.87
5 24 3.04 -13.368 -18.183 3.04 -13.187 -20.436 0 -13.443 -20.87 5.2 -12.718 -18.328
5 24 3.04 -13.187 -20.436 0 -13.443 -20.87 3.04 -13.368 -18.183 0 -12.935 -22.704
3 16 5.2 -12.718 -18.328 3.04 -13.187 -20.436 3.04 -13.368 -18.183
5 24 5.2 -12.718 -18.328 3.04 -13.187 -20.436 3.04 -13.368 -18.183 5.2 -12.473 -20.595
3 16 5.2 -12.473 -20.595 3.04 -13.187 -20.436 5.2 -12.718 -18.328
5 24 5.2 -12.718 -18.328 5.2 -12.473 -20.595 3.04 -13.187 -20.436 6.72 -11.986 -18.49
5 24 5.2 -12.473 -20.595 3.04 -13.187 -20.436 5.2 -12.718 -18.328 3.04 -12.785 -22.082
3 16 6.72 -11.986 -18.49 5.2 -12.473 -20.595 5.2 -12.718 -18.328
5 24 6.72 -11.986 -18.49 5.2 -12.473 -20.595 5.2 -12.718 -18.328 7.36 -11.565 -18.584
3 16 5.2 -12.473 -20.595 6.72 -11.986 -18.49 7.36 -11.565 -18.584
5 24 7.36 -11.565 -18.584 5.2 -12.473 -20.595 6.72 -11.986 -18.49 5.68 -12.138 -21.161
3 16 5.68 -12.138 -21.161 5.2 -12.473 -20.595 7.36 -11.565 -18.584
5 24 5.68 -12.138 -21.161 5.2 -12.473 -20.595 7.36 -11.565 -18.584 3.04 -12.785 -22.082
3 16 0 -13.443 -20.87 3.04 -13.187 -20.436 0 -12.935 -22.704
5 24 3.04 -13.187 -20.436 0 -12.935 -22.704 0 -13.443 -20.87 3.04 -12.785 -22.082
3 16 3.04 -13.187 -20.436 3.04 -12.785 -22.082 0 -12.935 -22.704
5 24 3.04 -13.187 -20.436 3.04 -12.785 -22.082 0 -12.935 -22.704 5.2 -12.473 -20.595
5 24 3.04 -12.785 -22.082 0 -12.935 -22.704 3.04 -13.187 -20.436 0 -12.641 -23.425
3 16 5.2 -12.473 -20.595 3.04 -12.785 -22.082 3.04 -13.187 -20.436
5 24 5.2 -12.473 -20.595 3.04 -12.785 -22.082 3.04 -13.187 -20.436 5.68 -12.138 -21.161
3 16 3.04 -12.785 -22.082 5.2 -12.473 -20.595 5.68 -12.138 -21.161
5 24 5.68 -12.138 -21.161 3.04 -12.785 -22.082 5.2 -12.473 -20.595 3.04 -12.502 -22.8
3 16 3.04 -12.502 -22.8 3.04 -12.785 -22.082 5.68 -12.138 -21.161
5 24 3.04 -12.502 -22.8 3.04 -12.785 -22.082 5.68 -12.138 -21.161 0 -12.641 -23.425
3 16 0 -12.935 -22.704 3.04 -12.785 -22.082 0 -12.641 -23.425
5 24 3.04 -12.785 -22.082 0 -12.641 -23.425 0 -12.935 -22.704 3.04 -12.502 -22.8
3 16 3.04 -12.785 -22.082 3.04 -12.502 -22.8 0 -12.641 -23.425
3 16 0 -10.635 -14.405 2.955 -12.991 -14.993 0 -13.329 -15.078
5 24 0 -10.635 -14.405 2.955 -12.991 -14.993 0 -13.329 -15.078 5.521 -12.087 -14.767
3 16 0 -10.635 -14.405 5.521 -12.087 -14.767 2.955 -12.991 -14.993
5 24 0 -10.635 -14.405 5.521 -12.087 -14.767 2.955 -12.991 -14.993 7.154 -11.117 -14.525
3 16 0 -10.635 -14.405 7.154 -11.117 -14.525 5.521 -12.087 -14.767
5 24 0 -10.635 -14.405 7.154 -11.117 -14.525 5.521 -12.087 -14.767 7.776 -10.635 -14.405
3 16 0 -10.635 -14.405 7.776 -10.635 -14.405 7.154 -11.117 -14.525
3 16 -3.04 -13.025 -15.146 -2.955 -12.991 -14.993 0 -13.329 -15.078 
5 24 -2.955 -12.991 -14.993 -3.04 -13.025 -15.146 0 -13.329 -15.078 -5.521 -12.087 -14.767 
5 24 -3.04 -13.025 -15.146 0 -13.329 -15.078 -2.955 -12.991 -14.993 0 -13.685 -18.113 
3 16 -3.04 -13.025 -15.146 -5.521 -12.087 -14.767 -2.955 -12.991 -14.993 
5 24 -5.521 -12.087 -14.767 -3.04 -13.025 -15.146 -2.955 -12.991 -14.993 -5.68 -12.211 -15.327 
3 16 -3.04 -13.025 -15.146 -5.68 -12.211 -15.327 -5.521 -12.087 -14.767 
5 24 -5.521 -12.087 -14.767 -5.68 -12.211 -15.327 -3.04 -13.025 -15.146 -7.154 -11.117 -14.525 
5 24 -5.68 -12.211 -15.327 -3.04 -13.025 -15.146 -5.521 -12.087 -14.767 -3.04 -13.368 -18.183 
3 16 -5.68 -12.211 -15.327 -7.154 -11.117 -14.525 -5.521 -12.087 -14.767 
5 24 -7.154 -11.117 -14.525 -5.68 -12.211 -15.327 -5.521 -12.087 -14.767 -7.36 -11.338 -15.521 
3 16 -5.68 -12.211 -15.327 -7.36 -11.338 -15.521 -7.154 -11.117 -14.525 
5 24 -7.154 -11.117 -14.525 -7.36 -11.338 -15.521 -5.68 -12.211 -15.327 -7.776 -10.635 -14.405 
5 24 -7.36 -11.338 -15.521 -5.68 -12.211 -15.327 -7.154 -11.117 -14.525 -5.2 -12.718 -18.328 
3 16 -7.36 -11.338 -15.521 -7.776 -10.635 -14.405 -7.154 -11.117 -14.525 
5 24 -7.776 -10.635 -14.405 -7.36 -11.338 -15.521 -7.154 -11.117 -14.525 -8 -10.905 -15.617 
3 16 -7.36 -11.338 -15.521 -8 -10.905 -15.617 -7.776 -10.635 -14.405 
5 24 -8 -10.905 -15.617 -7.36 -11.338 -15.521 -7.776 -10.635 -14.405 -6.72 -11.986 -18.49 
3 16 0 -13.685 -18.113 -3.04 -13.025 -15.146 0 -13.329 -15.078 
5 24 -3.04 -13.025 -15.146 0 -13.685 -18.113 0 -13.329 -15.078 -3.04 -13.368 -18.183 
3 16 0 -13.685 -18.113 -3.04 -13.368 -18.183 -3.04 -13.025 -15.146 
5 24 -3.04 -13.025 -15.146 -3.04 -13.368 -18.183 0 -13.685 -18.113 -5.68 -12.211 -15.327 
5 24 -3.04 -13.368 -18.183 0 -13.685 -18.113 -3.04 -13.025 -15.146 0 -13.443 -20.87 
3 16 -3.04 -13.368 -18.183 -5.68 -12.211 -15.327 -3.04 -13.025 -15.146 
5 24 -5.68 -12.211 -15.327 -3.04 -13.368 -18.183 -3.04 -13.025 -15.146 -5.2 -12.718 -18.328 
3 16 -3.04 -13.368 -18.183 -5.2 -12.718 -18.328 -5.68 -12.211 -15.327 
5 24 -5.68 -12.211 -15.327 -5.2 -12.718 -18.328 -3.04 -13.368 -18.183 -7.36 -11.338 -15.521 
5 24 -5.2 -12.718 -18.328 -3.04 -13.368 -18.183 -5.68 -12.211 -15.327 -3.04 -13.187 -20.436 
3 16 -5.2 -12.718 -18.328 -7.36 -11.338 -15.521 -5.68 -12.211 -15.327 
5 24 -7.36 -11.338 -15.521 -5.2 -12.718 -18.328 -5.68 -12.211 -15.327 -6.72 -11.986 -18.49 
3 16 -5.2 -12.718 -18.328 -6.72 -11.986 -18.49 -7.36 -11.338 -15.521 
5 24 -7.36 -11.338 -15.521 -6.72 -11.986 -18.49 -5.2 -12.718 -18.328 -8 -10.905 -15.617 
5 24 -6.72 -11.986 -18.49 -5.2 -12.718 -18.328 -7.36 -11.338 -15.521 -5.2 -12.473 -20.595 
3 16 -6.72 -11.986 -18.49 -8 -10.905 -15.617 -7.36 -11.338 -15.521 
5 24 -8 -10.905 -15.617 -6.72 -11.986 -18.49 -7.36 -11.338 -15.521 -7.36 -11.565 -18.584 
3 16 -6.72 -11.986 -18.49 -7.36 -11.565 -18.584 -8 -10.905 -15.617 
5 24 -7.36 -11.565 -18.584 -6.72 -11.986 -18.49 -8 -10.905 -15.617 -5.2 -12.473 -20.595 
3 16 0 -13.443 -20.87 -3.04 -13.368 -18.183 0 -13.685 -18.113 
5 24 -3.04 -13.368 -18.183 0 -13.443 -20.87 0 -13.685 -18.113 -3.04 -13.187 -20.436 
3 16 0 -13.443 -20.87 -3.04 -13.187 -20.436 -3.04 -13.368 -18.183 
5 24 -3.04 -13.368 -18.183 -3.04 -13.187 -20.436 0 -13.443 -20.87 -5.2 -12.718 -18.328 
5 24 -3.04 -13.187 -20.436 0 -13.443 -20.87 -3.04 -13.368 -18.183 0 -12.935 -22.704 
3 16 -3.04 -13.368 -18.183 -3.04 -13.187 -20.436 -5.2 -12.718 -18.328 
5 24 -5.2 -12.718 -18.328 -3.04 -13.187 -20.436 -3.04 -13.368 -18.183 -5.2 -12.473 -20.595 
3 16 -5.2 -12.718 -18.328 -3.04 -13.187 -20.436 -5.2 -12.473 -20.595 
5 24 -5.2 -12.718 -18.328 -5.2 -12.473 -20.595 -3.04 -13.187 -20.436 -6.72 -11.986 -18.49 
5 24 -5.2 -12.473 -20.595 -3.04 -13.187 -20.436 -5.2 -12.718 -18.328 -3.04 -12.785 -22.082 
3 16 -5.2 -12.718 -18.328 -5.2 -12.473 -20.595 -6.72 -11.986 -18.49 
5 24 -6.72 -11.986 -18.49 -5.2 -12.473 -20.595 -5.2 -12.718 -18.328 -7.36 -11.565 -18.584 
3 16 -7.36 -11.565 -18.584 -6.72 -11.986 -18.49 -5.2 -12.473 -20.595 
5 24 -7.36 -11.565 -18.584 -5.2 -12.473 -20.595 -6.72 -11.986 -18.49 -5.68 -12.138 -21.161 
3 16 -7.36 -11.565 -18.584 -5.2 -12.473 -20.595 -5.68 -12.138 -21.161 
5 24 -5.68 -12.138 -21.161 -5.2 -12.473 -20.595 -7.36 -11.565 -18.584 -3.04 -12.785 -22.082 
3 16 0 -12.935 -22.704 -3.04 -13.187 -20.436 0 -13.443 -20.87 
5 24 -3.04 -13.187 -20.436 0 -12.935 -22.704 0 -13.443 -20.87 -3.04 -12.785 -22.082 
3 16 0 -12.935 -22.704 -3.04 -12.785 -22.082 -3.04 -13.187 -20.436 
5 24 -3.04 -13.187 -20.436 -3.04 -12.785 -22.082 0 -12.935 -22.704 -5.2 -12.473 -20.595 
5 24 -3.04 -12.785 -22.082 0 -12.935 -22.704 -3.04 -13.187 -20.436 0 -12.641 -23.425 
3 16 -3.04 -13.187 -20.436 -3.04 -12.785 -22.082 -5.2 -12.473 -20.595 
5 24 -5.2 -12.473 -20.595 -3.04 -12.785 -22.082 -3.04 -13.187 -20.436 -5.68 -12.138 -21.161 
3 16 -5.68 -12.138 -21.161 -5.2 -12.473 -20.595 -3.04 -12.785 -22.082 
5 24 -5.68 -12.138 -21.161 -3.04 -12.785 -22.082 -5.2 -12.473 -20.595 -3.04 -12.502 -22.8 
3 16 -5.68 -12.138 -21.161 -3.04 -12.785 -22.082 -3.04 -12.502 -22.8 
5 24 -3.04 -12.502 -22.8 -3.04 -12.785 -22.082 -5.68 -12.138 -21.161 0 -12.641 -23.425 
3 16 0 -12.641 -23.425 -3.04 -12.785 -22.082 0 -12.935 -22.704 
5 24 -3.04 -12.785 -22.082 0 -12.641 -23.425 0 -12.935 -22.704 -3.04 -12.502 -22.8 
3 16 0 -12.641 -23.425 -3.04 -12.502 -22.8 -3.04 -12.785 -22.082 
3 16 0 -13.329 -15.078 -2.955 -12.991 -14.993 0 -10.635 -14.405 
5 24 0 -10.635 -14.405 -2.955 -12.991 -14.993 0 -13.329 -15.078 -5.521 -12.087 -14.767 
3 16 -2.955 -12.991 -14.993 -5.521 -12.087 -14.767 0 -10.635 -14.405 
5 24 0 -10.635 -14.405 -5.521 -12.087 -14.767 -2.955 -12.991 -14.993 -7.154 -11.117 -14.525 
3 16 -5.521 -12.087 -14.767 -7.154 -11.117 -14.525 0 -10.635 -14.405 
5 24 0 -10.635 -14.405 -7.154 -11.117 -14.525 -5.521 -12.087 -14.767 -7.776 -10.635 -14.405 
3 16 -7.154 -11.117 -14.525 -7.776 -10.635 -14.405 0 -10.635 -14.405 
5 24 0 -10.635 -14.405 0 -13.329 -15.078 -2.955 -12.991 -14.993 2.955 -12.991 -14.993
5 24 0 -13.685 -18.113 0 -13.329 -15.078 3.04 -13.025 -15.146 -3.04 -13.025 -15.146
5 24 0 -13.443 -20.87 0 -13.685 -18.113 3.04 -13.368 -18.183 -3.04 -13.368 -18.183
5 24 0 -12.935 -22.704 0 -13.443 -20.87 3.04 -13.187 -20.436 -3.04 -13.187 -20.436
5 24 0 -12.641 -23.425 0 -12.935 -22.704 3.04 -12.785 -22.082 -3.04 -12.785 -22.082
1 16 0 -12.341 -4.799 3.5 0 0 0 -0.976 -1.031 0 0.217 -4.636 rect.dat
1 16 0 -12.408 0.081 3.5 0 0 0 -0.217 -1.098 0 -0.976 0.244 rect.dat
1 16 0 -14.591 -4.555 3.5 0 0 0 0.976 1.085 0 -0.217 4.88 rect.dat
4 16 3.5 -12.739 -14.931 -3.5 -12.739 -14.931 -3.5 -15.676 -9.435 3.5 -15.676 -9.435
4 16 3.5 -13.372 -9.435 3.5 -10.706 -14.423 3.5 -12.739 -14.931 3.5 -15.676 -9.435
4 16 3.5 -15.676 -9.435 3.5 -13.506 0.325 3.5 -11.31 -0.163 3.5 -13.372 -9.435
4 16 -3.5 -15.676 -9.435 -3.5 -12.739 -14.931 -3.5 -10.706 -14.423 -3.5 -13.372 -9.435
4 16 -3.5 -13.372 -9.435 -3.5 -11.31 -0.163 -3.5 -13.506 0.325 -3.5 -15.676 -9.435
1 16 0 -19.61 -34.065 1.75 0 0 0 8.603 1.475 0 13.487 -0.941 4-4cyli.dat
1 16 0 -19.61 -34.065 0 0 1.75 1.475 -0.166 0 -0.941 -0.26 0 2-4cyls.DAT
1 16 0 -19.61 -34.065 0 0 -1.75 1.475 -0.166 0 -0.941 -0.26 0 2-4cyls.DAT
1 16 0 -19.843 -34.627 0 0 1.75 1.708 0.067 0 -0.38 0.302 0 2-4cyls.DAT
1 16 0 -19.843 -34.627 0 0 -1.75 1.708 0.067 0 -0.38 0.302 0 2-4cyls.DAT
1 16 0 -19.843 -34.627 1.75 0 0 0 -0.868 1.708 0 -3.904 -0.38 4-4cyli.dat
1 16 0 -20.711 -38.531 3 0 0 0 -0.217 -2.928 0 -0.976 0.651 4-4disc.dat
1 16 0 -20.711 -38.531 3 0 0 0 -0.543 2.928 0 -2.44 -0.651 4-4cyli.dat
1 16 0 -21.254 -40.971 3 0 0 0 -0.651 2.928 0 -2.928 -0.651 4-8sphe.DAT
0
