0 Minifig Tool Power Drill
0 Name: 55297.dat
0 Author: Steve Bliss [sbliss]
0 !LDRAW_ORG Part UPDATE 2011-01
0 !LICENSE Redistributable under CCAL version 2.0 : see CAreadme.txt

0 BFC CERTIFY CCW

0 !CATEGORY Minifig Accessory
0 !KEYWORDS tools, town

0 !HISTORY 1998-10-15 [PTadmin] Official Update 1998-09
0 !HISTORY 1999-07-05 [PTadmin] Official Update 1999-05
0 !HISTORY 2000-05-07 [PTadmin] Official Update 2000-01
0 !HISTORY 2007-07-16 [PTadmin] Header formatted for Contributor Agreement
0 !HISTORY 2008-07-01 [PTadmin] Official Update 2008-01
0 !HISTORY 2010-03-17 [PTadmin] Renamed from 6246c
0 !HISTORY 2010-03-20 [Philo] BFCed, corrected errors, carved sides
0 !HISTORY 2011-07-25 [PTadmin] Official Update 2011-01

1 16 0 -18.128 -35.777 1.5 0 0 0 -0.38823 -1.44889 0 -1.44889 0.38823 4-8sphe.dat
1 16 0 -18.128 -35.777 1.5 0 0 0 1.68232 -1.44889 0 6.27852 0.38823 4-4cyli.dat
1 16 0 -16.446 -29.498 1.5 0 0 0 0.96593 -1.44889 0 -0.25882 0.38823 4-4edge.dat
1 16 0 -16.446 -29.498 2 0 0 0 0.96593 -1.93185 0 -0.25882 0.51764 4-4disc.dat
1 16 0 -16.446 -29.498 2 0 0 0 0.96593 -1.93185 0 -0.25882 0.51764 4-4edge.dat
1 16 0 -15.928 -27.567 2 0 0 0 -0.51764 -1.93185 0 -1.93185 0.51764 4-4con1.dat
1 16 0 -15.928 -27.567 4 0 0 0 0.96593 -3.8637 0 -0.25882 1.03528 4-4edge.dat
1 16 0 -15.928 -27.567 4 0 0 0 1.03528 -3.8637 0 3.8637 1.03528 4-4cyli.dat
1 16 0 -14.893 -23.703 4 0 0 0 0.96593 -3.8637 0 -0.25882 1.03528 4-4edge.dat
1 16 0 -14.893 -23.703 2 0 0 0 0.96593 -1.93185 0 -0.25882 0.51764 4-4ring2.dat
1 16 0 -14.893 -23.703 6 0 0 0 0.96593 -5.79556 0 -0.25882 1.55291 4-4edge.dat
1 16 0 -14.893 -23.703 6 0 0 0 1.81173 -5.79556 0 6.76148 1.55291 4-4cyli.dat
1 16 0 -13.081 -16.941 6 0 0 0 0.96593 -5.79556 0 -0.25882 1.55291 4-4edge.dat
0 BFC INVERTNEXT
1 16 5.5 -13.839 -4.315 0 0.5 0 -0.72444 0 0.19411 0.19411 0 0.72444 2-4cylc.dat
0 BFC INVERTNEXT
1 16 6 -14.939 -8.42 0 -0.5 0 1.09998 0 -0.72444 4.10519 0 0.19411 box3u8p.dat
1 16 6 -13.839 -4.315 0 -1 0 -0.72444 0 0.19411 0.19411 0 0.72444 2-4ndis.dat
0 BFC INVERTNEXT
1 16 5.5 -16.039 -12.525 0 0.5 0 0.72444 0 -0.19411 -0.19411 0 -0.72444 2-4cylc.dat
1 16 6 -16.039 -12.525 0 -1 0 0.72444 0 -0.19411 -0.19411 0 -0.72444 2-4ndis.dat
0 BFC INVERTNEXT
1 16 5.5 -10.941 -5.092 0 0.5 0 -0.72444 0 0.19411 0.19411 0 0.72444 2-4cylc.dat
0 BFC INVERTNEXT
1 16 6 -12.041 -9.197 0 -0.5 0 1.09998 0 -0.72444 4.10519 0 0.19411 box3u8p.dat
1 16 6 -10.941 -5.092 0 -1 0 -0.72444 0 0.19411 0.19411 0 0.72444 2-4ndis.dat
0 BFC INVERTNEXT
1 16 5.5 -13.141 -13.302 0 0.5 0 0.72444 0 -0.19411 -0.19411 0 -0.72444 2-4cylc.dat
1 16 6 -13.141 -13.302 0 -1 0 0.72444 0 -0.19411 -0.19411 0 -0.72444 2-4ndis.dat
4 16 6 -17.911 -15.647 6 -16.957 -13.056 6 -14.369 -3.397 6 -12.734 3.671
4 16 6 -1.143 0.565 6 -10.023 -4.561 6 -12.611 -14.22 6 -6.32 -18.753
4 16 6 -11.472 -4.173 6 -12.92 -3.785 6 -15.509 -13.444 6 -14.06 -13.832
4 16 6 -6.32 -18.753 6 -12.611 -14.22 6 -16.957 -13.056 6 -17.911 -15.647
4 16 6 -12.734 3.671 6 -14.369 -3.397 6 -10.023 -4.561 6 -1.143 0.565
0 BFC INVERTNEXT
1 16 -5.5 -13.839 -4.315 0 -0.5 0 -0.72444 0 0.19411 0.19411 0 0.72444 2-4cylc.dat
0 BFC INVERTNEXT
1 16 -6 -14.939 -8.42 0 0.5 0 1.09998 0 -0.72444 4.10519 0 0.19411 box3u8p.dat
1 16 -6 -13.839 -4.315 0 1 0 -0.72444 0 0.19411 0.19411 0 0.72444 2-4ndis.dat
0 BFC INVERTNEXT
1 16 -5.5 -16.039 -12.525 0 -0.5 0 0.72444 0 -0.19411 -0.19411 0 -0.72444 2-4cylc.dat
1 16 -6 -16.039 -12.525 0 1 0 0.72444 0 -0.19411 -0.19411 0 -0.72444 2-4ndis.dat
0 BFC INVERTNEXT
1 16 -5.5 -10.941 -5.092 0 -0.5 0 -0.72444 0 0.19411 0.19411 0 0.72444 2-4cylc.dat
0 BFC INVERTNEXT
1 16 -6 -12.041 -9.197 0 0.5 0 1.09998 0 -0.72444 4.10519 0 0.19411 box3u8p.dat
1 16 -6 -10.941 -5.092 0 1 0 -0.72444 0 0.19411 0.19411 0 0.72444 2-4ndis.dat
0 BFC INVERTNEXT
1 16 -5.5 -13.141 -13.302 0 -0.5 0 0.72444 0 -0.19411 -0.19411 0 -0.72444 2-4cylc.dat
1 16 -6 -13.141 -13.302 0 1 0 0.72444 0 -0.19411 -0.19411 0 -0.72444 2-4ndis.dat
4 16 -6 -12.734 3.671 -6 -14.369 -3.397 -6 -16.957 -13.056 -6 -17.911 -15.647
4 16 -6 -6.32 -18.753 -6 -12.611 -14.22 -6 -10.023 -4.561 -6 -1.143 0.565
4 16 -6 -14.06 -13.832 -6 -15.509 -13.444 -6 -12.92 -3.785 -6 -11.472 -4.173
4 16 -6 -17.911 -15.647 -6 -16.957 -13.056 -6 -12.611 -14.22 -6 -6.32 -18.753
4 16 -6 -1.143 0.565 -6 -10.023 -4.561 -6 -14.369 -3.397 -6 -12.734 3.671
2 24 6 -6.32 -18.753 6 -17.911 -15.647
2 24 5 -18.877 -15.389 -5 -18.877 -15.389
2 24 -6 -17.911 -15.647 -6 -6.32 -18.753
4 16 -6 -6.32 -18.753 6 -6.32 -18.753 6 -17.911 -15.647 -6 -17.911 -15.647
4 16 6 -17.911 -15.647 5 -18.877 -15.389 -5 -18.877 -15.389 -6 -17.911 -15.647
1 16 -5 -6.061 -17.787 0 10 0 -0.25882 0 0.96593 -0.96593 0 -0.25882 1-4cyli.dat
1 16 -5 -17.911 -15.647 -1 0 0 0 5.17638 -0.96593 0 19.3185 0.25882 1-4cyli.dat
1 16 5 -17.911 -15.647 1 0 0 0 5.17638 -0.96593 0 19.3185 0.25882 1-4cyli.dat
1 16 5 -17.911 -15.647 1 0 0 0 5.17638 -0.96593 0 19.3185 0.25882 1-4edge.dat
1 16 5 -17.911 -15.647 1 0 0 0 5.17638 -0.96593 0 19.3185 0.25882 1-4chrd.dat
1 16 -5 -17.911 -15.647 -1 0 0 0 5.17638 -0.96593 0 19.3185 0.25882 1-4edge.dat
1 16 -5 -17.911 -15.647 -1 0 0 0 5.17638 -0.96593 0 19.3185 0.25882 1-4chrd.dat
4 16 -5 -18.877 -15.389 5 -18.877 -15.389 5 -13.7 3.93 -5 -13.7 3.93
1 16 -5 -6.061 -17.787 -1 0 0 0 4.91756 0.96593 0 18.3526 -0.25882 1-4cyli.dat
1 16 -5 -12.734 3.671 -1 0 0 0 0.25882 -0.96593 0 0.96593 0.25882 1-8sphe.dat
1 16 5 -12.734 3.671 1 0 0 0 0.25882 -0.96593 0 0.96593 0.25882 1-8sphe.dat
1 16 -5 -12.734 3.671 0 10 0 0.25882 0 -0.96593 0.96593 0 0.25882 1-4cyli.dat
1 16 -5 -1.143 0.565 -1 0 0 0 -11.5911 0.25882 0 3.10583 0.96593 1-4cyli.dat
1 16 -5 -1.143 0.565 -1 0 0 0 0.25882 0.96593 0 0.96593 -0.25882 1-8sphe.dat
1 16 5 -1.143 0.565 1 0 0 0 -11.5911 0.25882 0 3.10583 0.96593 1-4cyli.dat
1 16 5 -1.143 0.565 1 0 0 0 0.25882 0.96593 0 0.96593 -0.25882 1-8sphe.dat
1 16 -5 -1.143 0.565 0 10 0 0.25882 0 0.96593 0.96593 0 -0.25882 1-4cyli.dat
4 16 -5 -0.884 1.531 -5 -12.476 4.637 5 -12.476 4.637 5 -0.884 1.531
1 16 5 -6.061 -17.787 1 0 0 0 4.91756 0.96593 0 18.3526 -0.25882 1-4cyli.dat
1 16 5 -6.061 -17.787 -1 0 0 0 -0.25882 0.96593 0 -0.96593 -0.25882 1-4cyls2.dat
1 16 5 -6.061 -17.787 0 1 0 0.25882 0 0.96593 0.96593 0 -0.25882 1-4cyls2.dat
1 16 5 -6.061 -17.787 1 1 0 -0.25882 0 0.96593 -0.96593 0 -0.25882 1-4edge.dat
1 16 -5 -6.061 -17.787 1 0 0 0 -0.25882 0.96593 0 -0.96593 -0.25882 1-4cyls2.dat
1 16 -5 -6.061 -17.787 0 -1 0 0.25882 0 0.96593 0.96593 0 -0.25882 1-4cyls2.dat
1 16 -5 -6.061 -17.787 -1 -1 0 -0.25882 0 0.96593 -0.96593 0 -0.25882 1-4edge.dat
4 16 -5 -0.177 0.307 5 -0.177 0.307 5 -5.095 -18.046 -5 -5.095 -18.046
1 16 0 12 0 4 0 0 0 -24 1.03528 0 0 4 4-4cyli.dat
1 16 0 12 0 4 0 0 0 -1 1.03528 0 0 4 4-4edge.dat
1 16 0 12 0 4 0 0 0 -1 1.03528 0 0 4 4-4disc.dat
2 24 3.696 -0.884 1.531 3.73 -0.534 1.358
2 24 -3.696 -0.884 1.531 -3.73 -0.534 1.358
2 24 3.788 -0.277 1.065 3.73 -0.534 1.358
2 24 -3.788 -0.277 1.065 -3.73 -0.534 1.358
2 24 3.862 -0.152 0.696 3.788 -0.277 1.065
2 24 -3.862 -0.152 0.696 -3.788 -0.277 1.065
2 24 3.939 -0.177 0.306 3.862 -0.152 0.696
2 24 -3.939 -0.177 0.306 -3.862 -0.152 0.696
2 24 1.531 -8.962 3.696 2.828 -5.725 2.828
2 24 0 -10.098 4 1.531 -8.962 3.696
2 24 -1.531 -8.962 3.696 0 -10.098 4
2 24 -1.531 -8.962 3.696 -2.828 -5.725 2.828
2 24 -2.828 -5.725 2.828 -3.695 -0.884 1.531
2 24 2.828 -5.725 2.828 3.695 -0.884 1.531
2 24 4 -0.259 0 3.939 -0.177 0.307
2 24 -4 -0.259 0 -3.939 -0.177 0.307
2 24 -3.696 -0.67 -1.531 -4 -0.259 0
2 24 -2.828 -1.017 -2.828 -3.696 -0.67 -1.531
2 24 -2.828 -1.017 -2.828 -1.531 -1.25 -3.696
2 24 -1.531 -1.25 -3.696 0 -1.331 -4
2 24 0 -1.331 -4 1.531 -1.25 -3.696
2 24 1.531 -1.25 -3.696 2.828 -1.017 -2.828
2 24 2.828 -1.017 -2.828 3.696 -0.67 -1.531
2 24 3.696 -0.67 -1.531 4 -0.259 0
