0 Minifig Tool Box Wrench
0 Name: 55300.dat
0 Author: Steve Bliss [sbliss]
0 !LDRAW_ORG Part UPDATE 2012-02
0 !LICENSE Redistributable under CCAL version 2.0 : see CAreadme.txt

0 BFC CERTIFY CW

0 !CATEGORY Minifig Accessory
0 !KEYWORDS Town, Space, Star Wars, closed-end wrench, toolbox
0 !KEYWORDS mechanic, engine, engineering, garage

0 !HISTORY 1998-07-15 [PTadmin] Official Update 1998-07
0 !HISTORY 1999-07-05 [PTadmin] Official Update 1999-05
0 !HISTORY 1999-08-19 [sbliss] changed 4-4con12.dat to 4-4con1.dat
0 !HISTORY 2000-05-07 [PTadmin] Official Update 2000-01
0 !HISTORY 2003-06-22 [Steffen] added 2 ring primitives to remove rendering artifacts, removed 1 duplicate line, fixed null matrices, BFCed.
0 !HISTORY 2003-07-28 [Steffen] fixed orientation of 4-4ring8 primitives: the primitive's BFC orientation has changed!
0 !HISTORY 2003-11-25 [OrionP] added ridges
0 !HISTORY 2003-11-26 [fwcain] added more keywords
0 !HISTORY 2003-12-19 [PTadmin] Official Update 2003-03
0 !HISTORY 2007-07-16 [PTadmin] Header formatted for Contributor Agreement
0 !HISTORY 2008-07-01 [PTadmin] Official Update 2008-01
0 !HISTORY 2010-03-17 [arezey] Fixed intersection
0 !HISTORY 2010-03-17 [PTadmin] Renamed from 6246d
0 !HISTORY 2010-03-20 [Philo] Subparted handle, put origin in handle
0 !HISTORY 2012-08-09 [PTadmin] Official Update 2012-02

1 16 0 -13 0 2 0 0 0 -6 0 0 0 2 4-4cyli.dat
1 16 0 -27 -4 9 0 0 0 0 9 0 9 0 4-4edge.dat
1 16 0 -27 4 9 0 0 0 0 9 0 9 0 4-4edge.dat
1 16 0 -27 4 1 0 0 0 0 1 0 -1 0 4-4ring8.dat
1 16 0 -27 -4 1 0 0 0 0 1 0 1 0 4-4ring8.dat
1 16 0 -27 -4 9 0 0 0 0 9 0 8 0 4-4cyli.dat
2 24 2 -18.398 0 1.848 -18.368 0.765
2 24 1.848 -18.368 0.765 1.414 -18.281 1.414
2 24 0.765 -18.152 1.848 1.414 -18.281 1.414
2 24 0 -18 2 0.765 -18.152 1.848
2 24 -0.765 -18.152 1.848 0 -18 2
2 24 -1.414 -18.281 1.414 -0.765 -18.152 1.848
2 24 -1.848 -18.368 0.765 -1.414 -18.281 1.414
2 24 -2 -18.398 0 -1.848 -18.368 0.765
2 24 -1.848 -18.368 -0.765 -2 -18.398 0
2 24 -1.414 -18.281 -1.414 -1.848 -18.368 -0.765
2 24 -1.414 -18.281 -1.414 -0.765 -18.152 -1.848
2 24 -0.765 -18.152 -1.848 0 -18 -2
2 24 0 -18 -2 0.765 -18.152 -1.848
2 24 0.765 -18.152 -1.848 1.414 -18.281 -1.414
2 24 1.414 -18.281 -1.414 1.848 -18.368 -0.765
2 24 1.848 -18.368 -0.765 2 -18.398 0
1 16 3 -21.804 0 0 9.2373 3 0 16 -1.732 4 0 0 rect.dat
1 16 6 -27.09 0 0 1.0154 0 0 0 -3.554 4 0 0 rect3.dat
1 16 3 -32.286 0 0 13.136 -3 0 -24 -1.642 4 0 0 rect3.dat
1 16 -3 -32.286 0 0 -0.4801 -3 0 -1 1.642 4 0 0 rect3.dat
1 16 -6 -27.09 0 0 -1 0 0 0 3.554 4 0 0 rect3.dat
1 16 -3 -21.804 0 3 -0.5 0 1.732 1 0 0 0 -4 rect2p.dat
4 16 0 -33.928 -4 -3.42 -35.28 -4 0 -36 -4 3.42 -35.28 -4
4 16 -3.42 -35.28 -4 0 -33.928 -4 -6 -30.644 -4 -6.3 -33.3 -4
4 16 -8.28 -30.42 -4 -6.3 -33.3 -4 -6 -30.644 -4 -9 -27 -4
3 16 -6 -30.644 -4 -6 -23.536 -4 -9 -27 -4
4 16 -8.28 -23.58 -4 -9 -27 -4 -6 -23.536 -4 -6.3 -20.7 -4
4 16 -6 -23.536 -4 0 -20.072 -4 -3.42 -18.72 -4 -6.3 -20.7 -4
4 16 0 -18 -4 -3.42 -18.72 -4 0 -20.072 -4 3.42 -18.72 -4
4 16 3.42 -18.72 -4 0 -20.072 -4 6 -23.536 -4 6.3 -20.7 -4
4 16 6 -23.536 -4 9 -27 -4 8.28 -23.58 -4 6.3 -20.7 -4
3 16 9 -27 -4 6 -23.536 -4 6 -30.644 -4
4 16 6 -30.644 -4 6.3 -33.3 -4 8.28 -30.42 -4 9 -27 -4
4 16 6 -30.644 -4 0 -33.928 -4 3.42 -35.28 -4 6.3 -33.3 -4
4 16 0 -36 4 -3.42 -35.28 4 0 -33.928 4 3.42 -35.28 4
4 16 -6 -30.644 4 0 -33.928 4 -3.42 -35.28 4 -6.3 -33.3 4
4 16 -6 -30.644 4 -6.3 -33.3 4 -8.28 -30.42 4 -9 -27 4
3 16 -9 -27 4 -6 -23.536 4 -6 -30.644 4
4 16 -6 -23.536 4 -9 -27 4 -8.28 -23.58 4 -6.3 -20.7 4
4 16 -3.42 -18.72 4 0 -20.072 4 -6 -23.536 4 -6.3 -20.7 4
4 16 0 -20.072 4 -3.42 -18.72 4 0 -18 4 3.42 -18.72 4
4 16 6 -23.536 4 0 -20.072 4 3.42 -18.72 4 6.3 -20.7 4
4 16 8.28 -23.58 4 9 -27 4 6 -23.536 4 6.3 -20.7 4
3 16 6 -30.644 4 6 -23.536 4 9 -27 4
4 16 8.28 -30.42 4 6.3 -33.3 4 6 -30.644 4 9 -27 4
4 16 3.42 -35.28 4 0 -33.928 4 6 -30.644 4 6.3 -33.3 4
1 16 0 -10 0 4 0 0 0 4 0 0 0 4 4-4edge.dat
1 16 0 -10 0 2 0 0 0 -3 0 0 0 2 4-4con1.dat
1 16 0 -13 0 2 0 0 0 2 0 0 0 2 4-4edge.dat
1 16 0 -36 0 1 0 0 0 1 0 0 0 1 s\6246s01.dat
