0 Plate  1 x  2 with Handle on End
0 Name: 60478.dat
0 Author: Michael Heidemann [mikeheide]
0 !LDRAW_ORG Part UPDATE 2009-02
0 !LICENSE Redistributable under CCAL version 2.0 : see CAreadme.txt

0 BFC CERTIFY CCW

0 !HISTORY 2009-09-03 [PTadmin] Official Update 2009-02

1 16 0 4 0 0 0 -1 0 -1 0 1 0 0 stud3.dat
0 BFC INVERTNEXT
1 16 0 8 0 -16 0 0 0 -4 0 0 0 -6 box5.dat
4 16 -20 8 10 -16 8 6 -16 8 -6 -20 8 -10
4 16 -20 8 -10 -16 8 -6 16 8 -6 20 8 -10
4 16 20 8 -10 16 8 -6 16 8 6 20 8 10
4 16 20 8 10 16 8 6 -16 8 6 -20 8 10
2 24 -20 8 10 30 8 10
2 24 30 8 -10 -20 8 -10
2 24 -20 0 10 24.397 0 10
2 24 24.397 0 -10 -20 0 -10
2 24 24.39 0 10 24.39 0 4
2 24 24.39 0 -10 24.39 0 -4
1 16 30 2 10 0 0 6 6 0 0 0 1 0 2-4edge.dat
1 16 30 2 10 0 0 -6 -6 0 0 0 1 0 3-16edge.dat
2 24 24.456 -0.298 10 24.397 0 10
2 24 20 8 4 30 8 4
1 16 30 2 4 0 0 6 6 0 0 0 1 0 2-4edge.dat
1 16 30 2 4 0 0 -6 -6 0 0 0 1 0 3-16edge.dat
2 24 24.456 -0.298 4 24.397 0 4
2 24 24.397 0 4 20 0 4
2 24 20 8 -4 30 8 -4
1 16 30 2 -4 0 0 6 6 0 0 0 1 0 2-4edge.dat
1 16 30 2 -4 0 0 -6 -6 0 0 0 1 0 3-16edge.dat
2 24 24.456 -0.298 -4 24.397 0 -4
2 24 24.397 0 -4 20 0 -4
1 16 30 2 -10 0 0 6 6 0 0 0 1 0 2-4edge.dat
1 16 30 2 -10 0 0 -6 -6 0 0 0 1 0 3-16edge.dat
2 24 24.456 -0.298 -10 24.397 0 -10
1 16 30 2 4 0 0 -4 4 0 0 0 1 0 4-4edge.dat
1 16 30 2 -4 0 0 -4 4 0 0 0 1 0 4-4edge.dat
4 16 -20 8 10 -20 0 10 24.456 0 10 24.456 8 10
4 16 24.456 8 -10 24.456 0 -10 -20 0 -10 -20 8 -10
1 16 20 4 0 0 -1 0 4 0 0 0 0 -4 rect.dat
1 16 -20 4 0 0 1 0 4 0 0 0 0 10 rect.dat
4 16 20 0 10 -20 0 10 -20 0 -10 20 0 -10
1 16 30 2 10 0 0 6 6 0 0 0 -1 0 4-4disc.dat
1 16 30 2 -10 0 0 -6 6 0 0 0 1 0 4-4disc.dat
1 16 30 2 -10 0 0 -6 6 0 0 0 1 0 1-4ndis.dat
1 16 30 2 -4 0 0 -6 6 0 0 0 -1 0 1-4ndis.dat
1 16 30 2 4 0 0 -6 6 0 0 0 1 0 1-4ndis.dat
1 16 30 2 10 0 0 -6 6 0 0 0 -1 0 1-4ndis.dat
1 16 30 2 4 0 0 -2 2 0 0 0 1 0 4-4ring2.dat
1 16 30 2 -4 0 0 2 2 0 0 0 -1 0 4-4ring2.dat
4 16 24.456 8 4 24.456 0 4 20 0 4 20 8 4
4 16 20 8 -4 20 0 -4 24.456 0 -4 24.456 8 -4
4 16 20 8 10 30 8 10 30 8 4 20 8 4
1 16 30 2 10 0 0 6 6 0 0 0 -6 0 2-4cyli.dat
1 16 30 2 10 0 0 -6 -6 0 0 0 -6 0 3-16cyli.dat
4 16 24.456 -0.298 10 24.397 0 10 24.397 0 4 24.456 -0.298 4
4 16 24.397 0 10 20 0 10 20 0 4 24.397 0 4
4 16 30 8 -10 20 8 -10 20 8 -4 30 8 -4
1 16 30 2 -10 0 0 6 6 0 0 0 6 0 2-4cyli.dat
1 16 30 2 -4 0 0 -6 -6 0 0 0 -6 0 3-16cyli.dat
4 16 24.456 -0.298 -10 24.456 -0.298 -4 24.397 0 -4 24.397 0 -10
4 16 20 0 -10 24.397 0 -10 24.397 0 -4 20 0 -4
1 16 30 2 4 0 0 -4 4 0 0 0 -8 0 4-4cyli.dat
1 16 -10 0 0 0 0 -1 0 1 0 1 0 0 STUD.DAT
1 16 10 0 0 0 0 -1 0 1 0 1 0 0 STUD.DAT
0
0
