0 Minifig Ski 4L with Hinge
0 Name: 6120.dat
0 Author: Luis E. Fernandez [lfernand]
0 !LDRAW_ORG Part UPDATE 2012-03
0 !LICENSE Redistributable under CCAL version 2.0 : see CAreadme.txt

0 BFC CERTIFY CCW
0 !CATEGORY Minifig Footwear

0 !HISTORY 1998-06-20 [PTadmin] Official Update 1998-06
0 !HISTORY 2007-07-16 [PTadmin] Header formatted for Contributor Agreement
0 !HISTORY 2008-07-01 [PTadmin] Official Update 2008-01
0 !HISTORY 2008-07-07 [guyvivan] Re-written and improved (2006-09-17)
0 !HISTORY 2010-01-19 [mikeheide] restored old (bad) origin
0 !HISTORY 2010-04-05 [PTadmin] Official Update 2010-01
0 !HISTORY 2010-07-15 [MMR1988] Added bumps
0 !HISTORY 2010-07-16 [MagFors] Rectified
0 !HISTORY 2010-12-31 [PTadmin] Official Update 2010-03
0 !HISTORY 2012-12-24 [cwdee] Update category
0 !HISTORY 2012-12-28 [PTadmin] Official Update 2012-03

1 16 0 0 29 5 0 0 0 3 0 0 0 9 box4-7a.dat
2 24 5 0 38 -5 0 38
4 16 5 3 20 10 3 12 -10 3 12 -5 3 20
1 16 7.5 1.5 16 2.5 -1 0 0 0 1.5 -4 0 0 rect.dat
1 16 -7.5 1.5 16 -2.5 1 0 0 0 1.5 -4 0 0 rect.dat
4 16 -10 3 12 10 3 12 4 3 2 -4 3 2
1 16 0 3 -2 4 0 0 0 1 0 0 0 4 4-4edge.dat
1 16 0 0 -2 6 0 0 0 1 0 0 0 6 4-4edge.dat
1 16 0 3 -2 4 0 0 0 -1 0 0 0 4 4-4ndis.dat
4 16 10 3 -26 4 3 -6 4 3 2 10 3 12
4 16 -10 3 12 -4 3 2 -4 3 -6 -10 3 -26
2 24 -10 3 12 -10 3 -26
4 16 -10 3 12 -10 3 -26 -10 0 -25.5312 -10 0 12
2 24 10 3 12 10 3 -26
4 16 -4 3 -6 4 3 -6 10 3 -26 -10 3 -26
1 16 0 1.28125 -31.5 0 0 -10 -1.71875 -4 0 -5.5 1.25 0 rect2p.dat
5 24 10 3 -26 -10 3 -26 0 -0.4375 -37 0 3 -6
4 16 10 0 12 10 0 -25.5312 10 3 -26 10 3 12
4 16 -10 3 -26 -10 -0.4375 -37 -10 -3.2894 -36.1088 -10 0 -25.5312
4 16 10 0 -25.5312 10 -3.2894 -36.1088 10 -0.4375 -37 10 3 -26
1 16 0 0 21 0 0 3 0 1 0 5 0 0 rect2p.dat
1 16 0 0 32 0 0 5 0 1 0 6 0 0 rect2p.dat
4 16 -2 0 16 -2 0 8 2 0 8 2 0 16
2 24 -5 -4 16 -5 0 16
2 24 -5 0 16 -5 0 20
3 16 -5 0 26 -5 0 16 -5 -4 16
2 24 -3 -4 16 -3 0 16
3 16 -3 -4 16 -3 0 16 -3 0 26
2 24 -6 0 16 -5 0 16
2 24 -3 0 16 -2 0 16
2 24 3 -4 16 3 0 16
3 16 3 0 26 3 0 16 3 -4 16
2 24 5 -4 16 5 0 16
2 24 5 0 16 5 0 20
3 16 5 -4 16 5 0 16 5 0 26
1 16 4 -2 21 1 0 0 0 1 2 0 0 5 rect.dat
1 16 -4 -2 21 1 0 0 0 1 2 0 0 5 rect.dat
2 24 2 0 16 3 0 16
2 24 5 0 16 6 0 16
2 24 -6 0 16 -6 -9 16
4 16 -5 -4 16 -6 -9 16 -2 -9 16 -3 -4 16
4 16 -5 0 16 -6 0 16 -6 -9 16 -5 -4 16
4 16 -3 -4 16 -2 -9 16 -2 0 16 -3 0 16
4 16 3 -4 16 2 -9 16 6 -9 16 5 -4 16
4 16 3 0 16 2 0 16 2 -9 16 3 -4 16
4 16 5 -4 16 6 -9 16 6 0 16 5 0 16
2 24 6 0 16 6 -9 16
4 16 -5 0 20 -10 0 12 -10 0 8 -6 0 16
4 16 6 0 16 10 0 8 10 0 12 5 0 20
3 16 6 0 16 5 0 20 5 0 16
3 16 -5 0 16 -5 0 20 -6 0 16
2 24 -10 -2 8 -10 0 8
2 24 -10 0 8 -6 0 16
2 24 -2 0 8 -10 0 8
2 24 -6 -3 8 -6 -9 8
4 16 -6 -3 16 -6 0 16 -10 0 8 -10 -2 8
1 16 -6 -4 12 0 1 0 1 0 0 0 0 -4 rect1.dat
1 16 2 -4.5 12 0 1 0 0 0 4.5 4 0 0 rect3.dat
1 16 -2 -4.5 12 0 -1 0 0 0 4.5 -4 0 0 rect3.dat
4 16 6 -3 8 6 -9 8 2 -9 8 2 0 8
4 16 -2 0 8 -2 -9 8 -6 -9 8 -6 -3 8
2 24 6 -3 8 6 -9 8
1 16 6 -4 12 0 -1 0 1 0 0 0 0 4 rect1.dat
2 24 10 -2 8 10 0 8
2 24 10 0 8 6 0 16
2 24 2 0 8 10 0 8
4 16 10 -2 8 10 0 8 6 0 16 6 -3 16
4 16 6 -3 8 2 0 8 10 0 8 10 -2 8
4 16 -10 -2 8 -10 0 8 -2 0 8 -6 -3 8
4 16 -6 0 4 6 0 4 10 0 8 -10 0 8
1 16 0 0 -2 -1 0 0 0 1 0 0 0 -1 stud2a.dat
0 BFC INVERTNEXT
1 16 0 0 -2 4 0 0 0 3 0 0 0 4 4-4cyli.dat
1 16 0 0 -2 6 0 0 0 1 0 0 0 6 4-4ndis.dat
4 16 -10 0 -12 -6 0 -8 -6 0 4 -10 0 8
4 16 10 0 8 6 0 4 6 0 -8 10 0 -12
2 24 -10 0 -12 -9 -5 -12
2 24 10 0 -12 -10 0 -12
2 24 10 0 -12 9 -5 -12
4 16 10 0 -12 -10 0 -12 -9 -5 -12 9 -5 -12
2 24 -9 -5 -14 -10 0 -15
4 16 -10 0 -15 -9 -5 -14 -9 -5 -12 -10 0 -12
2 24 -1 -5 -14 -1 0 -15
2 24 1 -5 -14 1 0 -15
2 24 9 -5 -14 10 0 -15
4 16 10 0 -12 9 -5 -12 9 -5 -14 10 0 -15
4 16 9 -5 -14 1 -5 -14 1 0 -15 10 0 -15
4 16 -10 0 -15 -1 0 -15 -1 -5 -14 -9 -5 -14
2 24 -10 0 12 -10 0 -25.5312
2 24 10 0 12 10 0 -25.5312
4 16 -10 0 -12 10 0 -12 6 0 -8 -6 0 -8
1 16 5.5 0 -20.2656 0 0 -4.5 0 1 0 5.2656 0 0 rect2a.dat
1 16 -5.5 0 -20.2656 4.5 0 0 0 1 0 0 0 5.2656 rect2a.dat
5 24 1 0 -25.5312 10 0 -25.5312 10 0 -15 10 -3.2894 -36.1088
5 24 -1 0 -25.5312 -10 0 -25.5312 -10 0 -15 -10 -3.2894 -36.1088
1 16 5.5 -1.6447 -30.82 4.5 0 0 0 0.954893 1.6447 0 -1 5.2888 rect1.dat
1 16 -5.5 -1.6447 -30.82 -4.5 0 0 0 0.954893 -1.6447 0 -1 -5.2888 rect1.dat
2 24 -1 0 -25.5312 -1 -4 -38.3312
4 16 -1 0 -15 -1 0 -25.5312 -1 -4 -38.3312 -1 -5 -14
2 24 1 0 -25.5312 1 -4 -38.3312
4 16 1 -5 -14 1 -4 -38.3312 1 0 -25.5312 1 0 -15
4 16 10 -0.4375 -37 5 -2 -42 -5 -2 -42 -10 -0.4375 -37
1 16 7.5 -2.6484 -39.0535 0 -0.723316 2.5 1.4333 0.298271 0.7886 -0.4479 1 2.4972 rect.dat
1 16 -7.5 -2.6484 -39.0535 0 0.723316 2.5 1.42595 0.297964 -0.7886 -0.4451 1 -2.4972 rect.dat
2 24 -10 -2 8 -6 -3 16
2 24 -6 -3 8 -10 -2 8
3 16 -10 -2 8 -6 -3 8 -6 -3 16
2 24 10 -2 8 6 -3 16
2 24 6 -3 8 10 -2 8
3 16 6 -3 16 6 -3 8 10 -2 8
4 16 -10 -3.2894 -36.1088 -5 -4.8666 -41.1042 5 -4.8666 -41.1042 10 -3.2894 -36.1088
1 16 0 -3.4333 -41.5521 -5 0 0 0 0.2982712 1.4333 0 1 -0.4479 rect2p.dat
2 24 -1 -5 -14 -9 -5 -14
2 24 9 -5 -14 1 -5 -14
1 16 0 -5 -13 9 0 0 0 1 0 0 0 1 rect3.dat
1 16 0 -4.5 -26.1656 -1 0 0 0 1 0.5 0 1 -12.1656 rect3.dat

0 BFC INVERTNEXT
1 16 -6 -9 12 0 -1.5 0 0 0 -3.5 -3.5 0 0 bump5000.dat
1 16 -6 -9 12 0 1 0 0 0 -0.5 0.5 0 0 4-4ring7.dat
1 16 -6 -9 12 0 1 0 0 0 4 4 0 0 2-4ndis.dat

0 BFC INVERTNEXT
1 16 6 -9 12 0 1.5 0 0 0 -3.5 3.5 0 0 bump5000.dat
1 16 6 -9 12 0 -1 0 0 0 -0.5 0.5 0 0 4-4ring7.dat
1 16 6 -9 12 0 -1 0 0 0 4 -4 0 0 2-4ndis.DAT

1 16 -2 -9 12 0 -4 0 0 0 -4 -4 0 0 2-4cylc.dat
1 16 2 -9 12 0 4 0 0 0 -4 4 0 0 2-4cylc.dat
