0 Technic Cross Block 1 x 2 (Axle/Pin)
0 Name: 6536.dat
0 Author: James Jessiman
0 !LDRAW_ORG Part UPDATE 2009-03
0 !LICENSE Redistributable under CCAL version 2.0 : see CAreadme.txt

0 BFC CERTIFY CW

0 !HISTORY 2002-07-12 [Philo] Fixed bad quad, added 2 missing ones, added BFC
0 !HISTORY 2002-10-07 [OrionP] Made some primitive subtitutions
0 !HISTORY 2002-11-30 [PTadmin] Official Update 2002-05
0 !HISTORY 2007-07-16 [PTadmin] Header formatted for Contributor Agreement
0 !HISTORY 2008-07-01 [PTadmin] Official Update 2008-01
0 !HISTORY 2008-07-07 [guyvivan] Use more primitive bush0.dat and improved cones (2005-05-17)
0 !HISTORY 2009-12-29 [PTadmin] Official Update 2009-03

1 16 0 0 0 0 0 -1 0 1 0 1 0 0 bush0.dat
1 16 10 0 0 0 1 0 9 0 0 0 0 9 4-4edge.dat
1 16 -10 0 0 0 1 0 9 0 0 0 0 9 4-4edge.dat
1 16 7 0 0 0 1 0 9 0 0 0 0 9 4-4edge.dat
1 16 -7 0 0 0 1 0 9 0 0 0 0 9 4-4edge.dat
1 16 10 0 0 0 -3 0 9 0 0 0 0 9 4-4cyli.dat
1 16 -10 0 0 0 3 0 9 0 0 0 0 9 4-4cyli.dat
1 16 9 0 0 0 1 0 0 0 9 9 0 0 2-4edge.dat
1 16 -9 0 0 0 1 0 0 0 9 9 0 0 2-4edge.dat
1 16 9 0 0 0 -1 0 0 0 9 9 0 0 2-4ndis.dat
1 16 7 0 0 0 1 0 0 0 9 9 0 0 2-4ndis.dat
1 16 -7 0 0 0 -1 0 0 0 9 9 0 0 2-4ndis.dat
1 16 -9 0 0 0 1 0 0 0 9 9 0 0 2-4ndis.dat
0 BFC INVERTNEXT
1 16 0 20 8 6 0 0 0 0 6 0 -16 0 4-4cyli.dat
1 16 0 20 10 1 0 0 0 0 1 0 -1 0 peghole.dat
1 16 0 20 -10 1 0 0 0 0 1 0 1 0 peghole.dat
1 16 0 20 10 9 0 0 0 0 9 0 1 0 4-4edge.dat
1 16 0 20 -10 9 0 0 0 0 9 0 1 0 4-4edge.dat
1 16 0 20 10 9 0 0 0 0 9 0 -20 0 4-4cyli.dat
2 24 9 0 9 9 20 9
2 24 -9 0 9 -9 20 9
2 24 9 0 -9 9 20 -9
2 24 -9 0 -9 -9 20 -9
4 16 9 9 9 9 20 9 9 20 -9 9 9 -9
4 16 7 14.588 -9 7 14.588 9 7 9 9 7 9 -9
4 16 -9 20 -9 -9 20 9 -9 9 9 -9 9 -9
4 16 -7 9 9 -7 14.588 9 -7 14.588 -9 -7 9 -9
2 24 6 6.58 2 7 8.58 2
2 24 -6 6.58 2 -7 8.58 2
2 24 -6 6.58 2 6 6.58 2
2 24 -6 6.58 -2 6 6.58 -2
2 24 6 6.58 -2 7 8.58 -2
2 24 -6 6.58 -2 -7 8.58 -2
2 24 7 8.58 2 7 14.588 2
2 24 -7 8.58 2 -7 14.588 2
2 24 7 8.58 -2 7 14.588 -2
2 24 -7 8.58 -2 -7 14.588 -2
2 24 7 0 9 7 14.588 9
2 24 -7 0 9 -7 14.588 9
2 24 7 0 -9 7 14.588 -9
2 24 -7 0 -9 -7 14.588 -9
1 16 0 20 2 6.36 0 -6.36 -6.36 0 -6.36 0 1 0 1-4edge.dat
1 16 0 20 -2 6.36 0 -6.36 -6.36 0 -6.36 0 1 0 1-4edge.dat
2 24 6.36 13.64 2 7 14.588 2
2 24 -6.36 13.64 2 -7 14.588 2
2 24 6.36 13.64 -2 7 14.588 -2
2 24 -6.36 13.64 -2 -7 14.588 -2
2 24 7 14.588 2 7 14.588 9
2 24 -7 14.588 2 -7 14.588 9
2 24 7 14.588 -2 7 14.588 -9
2 24 -7 14.588 -2 -7 14.588 -9
2 24 7 14.588 9 8.316 16.553 9
2 24 -7 14.588 9 -8.316 16.553 9
2 24 7 14.588 -9 8.316 16.553 -9
2 24 -7 14.588 -9 -8.316 16.553 -9
2 24 8.316 16.553 9 9 20 9
2 24 -8.316 16.553 9 -9 20 9
2 24 8.316 16.553 -9 9 20 -9
2 24 -8.316 16.553 -9 -9 20 -9
4 16 7 11 2 7 6.58 2 -7 6.58 2 -7 11 2
4 16 -7 6.58 -2 7 6.58 -2 7 11 -2 -7 11 -2
4 16 9 0 9 7 0 9 7 14.588 9 9 20 9
4 16 -7 14.588 9 -7 0 9 -9 0 9 -9 20 9
4 16 7 14.588 -9 7 0 -9 9 0 -9 9 20 -9
4 16 -9 0 -9 -7 0 -9 -7 14.588 -9 -9 20 -9
1 16 7 0 0 0 -0.5 0 0 0 1 -1 0 0 4-4CON8.DAT
1 16 -7 0 0 0 0.5 0 0 0 1 1 0 0 4-4CON8.DAT
1 16 -6.5 0 0 0 0.5 0 1 0 0 0 0 -1 4-4con7.dat
1 16 6.5 0 0 0 -0.5 0 1 0 0 0 0 1 4-4con7.dat
1 16 10 0 0 0 -1 0 0 0 3 -3 0 0 4-4ring2.dat
1 16 -10 0 0 0 1 0 0 0 3 3 0 0 4-4ring2.dat
1 16 0 20 10 0 0 1 -1 0 0 0 -1 0 4-4ring8.dat
1 16 0 20 -10 0 0 1 -1 0 0 0 1 0 4-4ring8.dat
3 16 0 11 -2 7 11 -2 3.45 11.68 -2
3 16 -7 11 -2 0 11 -2 -3.45 11.68 -2
3 16 3.45 11.68 -2 7 11 -2 7 14.588 -2
3 16 -3.45 11.68 -2 -7 14.588 -2 -7 11 -2
3 16 0 11 2 -7 11 2 -3.45 11.68 2
3 16 7 11 2 0 11 2 3.45 11.68 2
3 16 -3.45 11.68 2 -7 11 2 -7 14.588 2
3 16 3.45 11.68 2 7 14.588 2 7 11 2
0
