0 Hose Flexible End  1 x  1 x  0.667 with Tabs
0 Name: 750.dat
0 Author: Steve Bliss [sbliss]
0 !LDRAW_ORG Part UPDATE 2016-01
0 !LICENSE Redistributable under CCAL version 2.0 : see CAreadme.txt

0 !HELP This file, the End piece, forms each end of a flexible hose.
0 !HELP Use this file in conjuction with the files:
0 !HELP 754.dat Link Section
0 !HELP 755.dat End Section
0 !HELP 756.dat Center Section
0 !HELP to manually construct complete flexible tubes.
0 !HELP Example:
0 !HELP Start with a 750.dat End piece,
0 !HELP Next comes a 755.dat End Section,
0 !HELP Then a string of approximately 25 754.dat Link Sections,
0 !HELP Place a 756.dat Center Section,
0 !HELP Then another string of 754.dat's facing the opposite way,
0 !HELP Then a 755.dat End Section,
0 !HELP Finish with a 750.dat End piece.

0 BFC CERTIFY CCW

0 !KEYWORDS gizmo, space, tube, cap

0 !HISTORY 1998-07-15 [PTadmin] Official Update 1998-07
0 !HISTORY 1998-10-15 [PTadmin] Official Update 1998-09
0 !HISTORY 1999-02-01 [PTadmin] Official Update 1999-01
0 !HISTORY 1999-07-05 [PTadmin] Official Update 1999-05
0 !HISTORY 2007-12-30 [PTadmin] Header formatted for Contributor Agreement
0 !HISTORY 2008-07-01 [PTadmin] Official Update 2008-01
0 !HISTORY 2014-11-21 [roland]  Auto-corrected with libfix version of LDCad 1.4
0 !HISTORY 2016-11-27 [MagFors] Made BFC, closed mesh, used stud, removed keywords
0 !HISTORY 2016-12-31 [PTadmin] Official Update 2016-01

1 16 0 7 0 6 0 0 0 1 0 0 0 6 4-4edge.dat
1 16 0 7 0 -2 0 0 0 -1 0 0 0 2 4-4ring2.dat
0 BFC INVERTNEXT
1 16 0 0 0 4 0 0 0 7 0 0 0 4 4-4cylo.dat
1 16 0 0 0 2 0 0 0 1 0 0 0 2 4-4ring2.dat
1 16 0 7 0 1 0 0 0 -2.25 0 0 0 1 stud4a.dat

2 24 -2 7 7.6023 -3.0616 7 7.3912
2 24 -2 0 5.6023 -2.296 0 5.543
1 16 1 3.5 6.80115 1 0 0 0 0 -3.5 -0.19885 1 0 box2-9.dat
1 16 -1 3.5 6.80115 -1 0 0 0 0 -3.5 -0.19885 1 0 box2-9.dat
3 16 2 7 7.6023 2 0 7.6023 2 0 5.6023
3 16 -2 0 7.6023 -2 7 7.6023 -2 0 5.6023
2 24 2 0 5.6023 2 7 7.6023
2 24 -2 0 5.6023 -2 7 7.6023
2 24 3.062 7 7.391 2 7 7.6023
2 24 2.2962 0 5.5434 2 0 5.6023
5 24 0 0 8 0 7 8 2 7 7.6023 -2 7 7.6023
4 16 2 7 7.6023 2 0 5.6023 2.2962 0 5.5434 3.0616 7 7.3912
4 16 -2 0 5.6023 -2 7 7.6023 -3.0616 7 7.3912 -2.2962 0 5.5434
1 16 0 0 0 5.54328 0 -2.2961 0 1 0 2.2961 0 5.54328 1-8edge.dat
1 16 0 7 0 1.84776 0 -0.76537 0 -7 0 0.76537 0 1.84776 1-8con3.dat
1 16 0 7 0 7.39104 0 -3.06147 0 1 0 3.06147 0 7.39104 1-8edge.dat

2 24 7.6023 7 2 7.3912 7 3.0616
2 24 5.6023 0 2 5.5434 0 2.2962
1 16 6.80115 3.5 -1 -0.19885 1 0 0 0 -3.5 -1 0 0 box2-9.dat
1 16 6.80115 3.5 1 -0.19885 1 0 0 0 -3.5 1 0 0 box2-9.dat
3 16 7.6023 7 -2 7.6023 0 -2 5.6023 0 -2
3 16 7.6023 0 2 7.6023 7 2 5.6023 0 2
2 24 5.6023 0 -2 7.6023 7 -2
2 24 5.6023 0 2 7.6023 7 2
2 24 7.3912 7 -3.0616 7.6023 7 -2
2 24 5.5434 0 -2.2962 5.6023 0 -2
5 24 8 0 0 8 7 0 7.6023 7 -2 7.6023 7 2
4 16 5.5434 0 -2.2962 7.3912 7 -3.0616 7.6023 7 -2 5.6023 0 -2
4 16 7.3912 7 3.0616 5.5434 0 2.2962 5.6023 0 2 7.6023 7 2
1 16 0 0 0 2.2961 0 5.54328 0 1 0 -5.54328 0 2.2961 1-8edge.dat
1 16 0 7 0 0.76537 0 1.84776 0 -7 0 -1.84776 0 0.76537 1-8con3.dat
1 16 0 7 0 3.06147 0 7.39104 0 1 0 -7.39104 0 3.06147 1-8edge.dat

2 24 2 7 -7.6023 3.062 7 -7.391
2 24 2 0 -5.6023 2.2962 0 -5.5434
1 16 -1 3.5 -6.80115 -1 0 0 0 0 -3.5 0.19885 -1 0 box2-9.dat
1 16 1 3.5 -6.80115 1 0 0 0 0 -3.5 0.19885 -1 0 box2-9.dat
3 16 -2 7 -7.6023 -2 0 -7.6023 -2 0 -5.6023
3 16 2 0 -7.6023 2 7 -7.6023 2 0 -5.6023
2 24 -2 0 -5.6023 -2 7 -7.6023
2 24 2 0 -5.6023 2 7 -7.6023
2 24 -3.0616 7 -7.3912 -2 7 -7.6023
2 24 -2.296 0 -5.543 -2 0 -5.6023
5 24 0 0 -8 0 7 -8 -2 7 -7.6023 2 7 -7.6023
4 16 -2 0 -5.6023 -2.2962 0 -5.5434 -3.0616 7 -7.3912 -2 7 -7.6023
4 16 2.2962 0 -5.5434 2 0 -5.6023 2 7 -7.6023 3.0616 7 -7.3912
1 16 0 0 0 -5.54328 0 2.2961 0 1 0 -2.2961 0 -5.54328 1-8edge.dat
1 16 0 7 0 -1.84776 0 0.76537 0 -7 0 -0.76537 0 -1.84776 1-8con3.dat
1 16 0 7 0 -7.39104 0 3.06147 0 1 0 -3.06147 0 -7.39104 1-8edge.dat

2 24 -7.6023 7 -2 -7.391 7 -3.062
2 24 -5.6023 0 -2 -5.543 0 -2.296
1 16 -6.80115 3.5 1 0.19885 -1 0 0 0 -3.5 1 0 0 box2-9.dat
1 16 -6.80115 3.5 -1 0.19885 -1 0 0 0 -3.5 -1 0 0 box2-9.dat
3 16 -7.6023 7 2 -7.6023 0 2 -5.6023 0 2
3 16 -7.6023 0 -2 -7.6023 7 -2 -5.6023 0 -2
2 24 -5.6023 0 2 -7.6023 7 2
2 24 -5.6023 0 -2 -7.6023 7 -2
2 24 -7.391 7 3.062 -7.6023 7 2
2 24 -5.543 0 2.296 -5.6023 0 2
5 24 -8 0 0 -8 7 0 -7.6023 7 -2 -7.6023 7 2
4 16 -7.6023 7 2 -5.6023 0 2 -5.5434 0 2.2962 -7.3912 7 3.0616
4 16 -5.5434 0 -2.2962 -5.6023 0 -2 -7.6023 7 -2 -7.3912 7 -3.0616
1 16 0 0 0 -2.2961 0 -5.54328 0 1 0 5.54328 0 -2.2961 1-8edge.dat
1 16 0 7 0 -0.76537 0 -1.84776 0 -7 0 1.84776 0 -0.76537 1-8con3.dat
1 16 0 7 0 -3.06147 0 -7.39104 0 1 0 7.39104 0 -3.06147 1-8edge.dat
