0 Minifig Torso with Jacket, White Shirt, and Necklace Pattern
0 Name: 973pa8.dat
0 Author: George Barnes [glbarnes]
0 !LDRAW_ORG Part UPDATE 2012-02
0 !LICENSE Redistributable under CCAL version 2.0 : see CAreadme.txt

0 BFC CERTIFY CCW
0 !KEYWORDS Adventurers, amazon, jungle, Pippen Read, Gail Storm
0 !KEYWORDS compass, pen, belt, id badge

0 !HISTORY 2002-08-18 [PTadmin] Official Update 2002-04
0 !HISTORY 2007-07-29 [PTadmin] Header formatted for Contributor Agreement
0 !HISTORY 2008-07-01 [PTadmin] Official Update 2008-01
0 !HISTORY 2012-04-08 [BlackBrick89] Colour cleanup
0 !HISTORY 2012-08-09 [PTadmin] Official Update 2012-02

1 16 0 0 0 1 0 0 0 1 0 0 0 1 s\973s01.dat
4 16 19 29 10 19 32 10 -19 32 10 -19 29 10
4 16 -14.345 2 10 14.345 2 10 19 29 10 -19 29 10
4 16 -14.345 2 10 -12 0 10 12 0 10 14.345 2 10
1 0 0 -4 0 4.243 0 -4.243 0 -8 0 -4.243 0 -4.243 1-4cyli.dat

1 14 0.8 15.7 -10 0.5 0 0 0 0 0.5 0 1 0 4-4ring3.dat
1 0 1.4 22 -10 0.7 0 0 0 0 0.7 0 1 0 4-4disc.dat
1 0 1.1 26 -10 0.7 0 0 0 0 0.7 0 1 0 4-4disc.dat
1 0 1.6 10.9 -10 0.7 0 0 0 0 0.7 0 1 0 4-4disc.dat
1 15 1.6 10.9 -10 0.7 0 0 0 0 0.7 0 1 0 4-4ndis.dat
1 15 1.4 22 -10 0.7 0 0 0 0 0.7 0 1 0 4-4ndis.dat
1 15 1.1 26 -10 0.7 0 0 0 0 0.7 0 1 0 4-4ndis.dat
1 0 0.5 29.4 -10 0.7 0 0 0 0 0.5 0 1 0 4-4ring4.dat
1 0 -9.6 10.8 -10 1 0 0 0 0 0.6 0 1 0 4-4disc.dat
1 16 -9.6 10.8 -10 1 0 0 0 0 0.6 0 1 0 4-4ndis.dat
1 0 -9.8 15.9 -10 1 0 0 0 0 0.6 0 1 0 4-4disc.dat
1 0 -10 20.9 -10 1 0 0 0 0 0.6 0 1 0 4-4disc.dat
1 0 -9.6 25.6 -10 1 0 0 0 0 0.6 0 1 0 4-4disc.dat
1 0 -10 30.1 -10 1 0 0 0 0 0.6 0 1 0 4-4disc.dat
1 16 -10 30.1 -10 1 0 0 0 0 0.6 0 1 0 4-4ndis.dat
1 16 -9.6 25.6 -10 1 0 0 0 0 0.6 0 1 0 4-4ndis.dat
1 16 -10 20.9 -10 1 0 0 0 0 0.6 0 1 0 4-4ndis.dat
1 16 -9.8 15.9 -10 1 0 0 0 0 0.6 0 1 0 4-4ndis.dat
1 0 9.7 15.9 -10 0.4 0 0 0 0 0.4 0 1 0 4-4ring1.dat
1 0 9.4 20.6 -10 0.4 0 0 0 0 0.4 0 1 0 4-4ring1.dat
1 0 10.2 25.1 -10 0.4 0 0 0 0 0.4 0 1 0 4-4ring1.dat
1 0 9.9 29.6 -10 0.4 0 0 0 0 0.4 0 1 0 4-4ring1.dat
1 0 9.9 11 -10 0.4 0 0 0 0 0.4 0 1 0 4-4ring1.dat
4 80 1.3 16.2 -10 1.86065 14.63935 -10 0.4 15.4 -10 -0.26065 16.76065 -10
3 80 3.6 13.5 -10 2.8 15.7 -10 2.6478 16.4654 -10
3 80 3.6 13.5 -10 2.6478 14.9346 -10 2.8 15.7 -10
3 80 3.6 13.5 -10 2.2142 14.2858 -10 2.6478 14.9346 -10
4 80 1.5654 13.8522 -10 2.2142 14.2858 -10 3.6 13.5 -10 2.3 13.1 -10
3 80 2.3 13.1 -10 1.5 13.5 -10 1.5654 13.8522 -10
4 80 1.5654 13.8522 -10 1.5 13.5 -10 1.1 13.5 -10 0.8 13.7 -10
4 80 0.8 13.7 -10 1.1 13.5 -10 0.7666 12.6193 -10 -0.1 12.3 -10
3 80 -0.1 12.3 -10 0.0346 13.8522 -10 0.8 13.7 -10
3 80 -0.1 12.3 -10 -0.6142 14.2858 -10 0.0346 13.8522 -10
3 80 -0.1 12.3 -10 -1.0478 14.9346 -10 -0.6142 14.2858 -10
3 80 -1.0478 14.9346 -10 -2 18.1 -10 -1.2 15.7 -10
3 80 -1.2 15.7 -10 -2 18.1 -10 -1.0478 16.4654 -10
3 80 -1.0478 16.4654 -10 -2 18.1 -10 -0.6142 17.1142 -10
4 80 0.0346 17.5478 -10 -0.6142 17.1142 -10 -2 18.1 -10 1.7 19.4 -10
3 80 0.0346 17.5478 -10 1.7 19.4 -10 0.8 17.7 -10
3 80 1.5654 17.5478 -10 0.8 17.7 -10 1.7 19.4 -10
3 80 2.2142 17.1142 -10 1.5654 17.5478 -10 1.7 19.4 -10
3 80 2.6478 16.4654 -10 2.2142 17.1142 -10 1.7 19.4 -10
4 80 7.2 31.5 -10 7.2 27.8 -10 6.2 27.8 -10 6.2 31.5 -10
4 80 -5.4 31.5 -10 -5.4 27.8 -10 -6.4 27.8 -10 -6.4 31.5 -10
4 80 2.5 29.9 -10 2.5 29.2 -10 1.3 29.2 -10 1.3 29.9 -10
4 80 1.4 28.4 -10 1.5715 27.5522 -10 0.5 27.4 -10 0.6 28.2 -10
4 80 2.1 28.6 -10 2.4799 27.9858 -10 1.5715 27.5522 -10 1.4 28.4 -10
4 80 2.5 29.2 -10 3.0869 28.6346 -10 2.4799 27.9858 -10 2.1 28.6 -10
4 80 3.3 29.4 -10 3.0869 28.6346 -10 2.5 29.2 -10 3.0869 30.1654 -10
3 80 2.5 29.2 -10 2.5 29.9 -10 3.0869 30.1654 -10
4 80 2.4799 30.8142 -10 3.0869 30.1654 -10 2.5 29.9 -10 2.2 30.4 -10
4 80 1.5715 31.2478 -10 2.4799 30.8142 -10 2.2 30.4 -10 1.4 30.7 -10
4 80 0.5 31.4 -10 1.5715 31.2478 -10 1.4 30.7 -10 0.5 30.9 -10
4 80 -0.5715 31.2478 -10 0.5 31.4 -10 0.5 30.9 -10 -0.3 30.7 -10
4 80 -1.4799 30.8142 -10 -0.5715 31.2478 -10 -0.3 30.7 -10 -0.9 30.5 -10
4 80 -2.0869 30.1654 -10 -1.4799 30.8142 -10 -0.9 30.5 -10 -1.3 30 -10
4 80 -2.3 29.4 -10 -2.0869 30.1654 -10 -1.3 30 -10 -1.5 29.5 -10
4 80 -2.0869 28.6346 -10 -2.3 29.4 -10 -1.5 29.5 -10 -1 28.7 -10
4 80 -1.4799 27.9858 -10 -2.0869 28.6346 -10 -1 28.7 -10 -0.3 28.4 -10
4 80 -0.5715 27.5522 -10 -1.4799 27.9858 -10 -0.3 28.4 -10 0.6 28.2 -10
3 80 0.5 27.4 -10 -0.5715 27.5522 -10 0.6 28.2 -10
4 80 0 4.6 -10 -0.5 4.5 -10 -0.7 4.8 -10 -0.3 4.8 -10
4 80 -0.4 5.3 -10 0.1 5.1 -10 0 4.6 -10 -0.3 4.8 -10
3 80 0.1 5.1 -10 -0.4 5.3 -10 -0.1 5.6 -10
4 0 0.4 15.4 -10 1.86065 14.63935 -10 1.37405 14.31415 -10 0.8 14.2 -10
4 0 0.4 15.4 -10 0.8 14.2 -10 0.22595 14.31415 -10 -0.26065 14.63935 -10
4 0 0.4 15.4 -10 -0.26065 14.63935 -10 -0.58585 15.12595 -10 -0.7 15.7 -10
4 0 0.4 15.4 -10 -0.7 15.7 -10 -0.58585 16.27405 -10 -0.26065 16.76065 -10
4 0 2.18585 15.12595 -10 1.86065 14.63935 -10 1.3 16.2 -10 2.3 15.7 -10
4 0 2.18585 16.27405 -10 2.3 15.7 -10 1.3 16.2 -10 1.86065 16.76065 -10
4 0 1.37405 17.08585 -10 1.86065 16.76065 -10 1.3 16.2 -10 0.8 17.2 -10
4 0 0.22595 17.08585 -10 0.8 17.2 -10 1.3 16.2 -10 -0.26065 16.76065 -10
4 0 -1.6 14.7 -10 -1.0478 14.9346 -10 -0.1 12.3 -10 -0.7 11.8 -10
4 0 -2.8 18.4 -10 -2 18.1 -10 -1.0478 14.9346 -10 -1.6 14.7 -10
4 0 -0.4 11.2 -10 -0.7 11.8 -10 -0.1 12.3 -10 -0.2 11.4 -10
4 0 -0.2 11.4 -10 -0.1 12.3 -10 0.4 11.7 -10 0.6 10.3 -10
4 0 2.4 12.5 -10 0.4 11.7 -10 -0.1 12.3 -10 1.8 13 -10
4 0 2.3 13.1 -10 2.9 12.7 -10 2.4 12.5 -10 1.8 13 -10
4 0 3.6 13.5 -10 4 13 -10 2.9 12.7 -10 2.3 13.1 -10
4 0 4 14.1 -10 4 13 -10 3.6 13.5 -10 3.1 16.7 -10
4 0 3.1 16.7 -10 3.6 13.5 -10 2.6478 16.4654 -10 2 20.2 -10
3 0 2.6478 16.4654 -10 1.7 19.4 -10 2 20.2 -10
4 0 2 20.2 -10 1.7 19.4 -10 -2 18.1 -10 -2.8 18.4 -10
3 0 1.8 13 -10 1.5 13.5 -10 2.3 13.1 -10
4 0 1.5 13.5 -10 1.8 13 -10 0.7666 12.6193 -10 1.1 13.5 -10
4 0 1.3 29.2 -10 1.4 28.4 -10 0.6 28.2 -10 0.6 29.2 -10
4 0 1.9 29.2 -10 2.1 28.6 -10 1.4 28.4 -10 1.3 29.2 -10
3 0 2.1 28.6 -10 1.9 29.2 -10 2.5 29.2 -10
4 0 -0.1 29.2 -10 0.6 29.2 -10 0.6 28.2 -10 -0.3 28.4 -10
4 0 -0.6 29.2 -10 -0.1 29.2 -10 -0.3 28.4 -10 -1 28.7 -10
4 0 -0.8 29.6 -10 -0.6 29.2 -10 -1 28.7 -10 -1.5 29.5 -10
4 0 2.2 30.4 -10 2.5 29.9 -10 1.3 29.9 -10 1.4 30.7 -10
4 0 0.5 30.9 -10 1.4 30.7 -10 1.3 29.9 -10 -0.6 30 -10
4 0 1.3 29.9 -10 1.3 29.2 -10 -0.6 29.2 -10 -0.6 30 -10
4 0 -0.3 30.7 -10 0.5 30.9 -10 -0.6 30 -10 -1.3 30 -10
3 0 -0.6 29.2 -10 -0.8 29.6 -10 -0.6 30 -10
4 0 -1.3 30 -10 -0.6 30 -10 -0.8 29.6 -10 -1.5 29.5 -10
3 0 -1.3 30 -10 -0.9 30.5 -10 -0.3 30.7 -10
4 0 -6.4 31.3 -10 -6.4 28.3 -10 -7.5 28.3 -10 -7.6 31.3 -10
4 0 -3 29.4 -10 -3 28.3 -10 -5.4 28.3 -10 -5.4 29.4 -10
4 0 -3 31.3 -10 -3 29.4 -10 -5.4 29.4 -10 -5.4 31.3 -10
3 0 -3 28.3 -10 -3 29.4 -10 -2.73365 28.44325 -10
3 0 -3 28.3 -10 -2.73365 28.44325 -10 -2.603 28.3037 -10
3 0 -3 29.4 -10 -3 31.3 -10 -2.73365 30.35675 -10
3 0 -2.73365 30.35675 -10 -3 31.3 -10 -1.97485 31.16775 -10
3 0 -1.97485 31.16775 -10 -3 31.3 -10 -1.7459 31.2771 -10
4 15 -0.8 32 -10 -0.83945 31.70975 -10 -1.7459 31.2771 -10 -1.7 32 -10
4 15 -1.7 32 -10 -1.7459 31.2771 -10 -3 31.3 -10 -3 32 -10
4 15 0.5 32 -10 0.5 31.9 -10 -0.83945 31.70975 -10 -0.8 32 -10
4 15 -5.4 32 -10 -3 32 -10 -3 31.3 -10 -5.4 31.3 -10
4 15 -6.4 32 -10 -5.4 32 -10 -5.4 31.5 -10 -6.4 31.5 -10
4 15 -7.6 32 -10 -6.4 32 -10 -6.4 31.3 -10 -7.6 31.3 -10
4 0 6.2 29.4 -10 4 29.4 -10 4 31.3 -10 6.2 31.3 -10
4 0 6.2 29.4 -10 6.2 28.3 -10 4 28.3 -10 4 29.4 -10
3 0 4 28.3 -10 3.73365 28.44325 -10 4 29.4 -10
3 0 4 29.4 -10 3.73365 30.35675 -10 4 31.3 -10
3 0 3.73365 30.35675 -10 2.97485 31.16775 -10 4 31.3 -10
3 0 2.97485 31.16775 -10 2.707 31.2956 -10 4 31.3 -10
4 15 2.7 32 -10 4 32 -10 4 31.3 -10 2.707 31.2956 -10
4 15 1.8 32 -10 2.7 32 -10 2.707 31.2956 -10 1.83945 31.70975 -10
4 15 0.5 32 -10 1.8 32 -10 1.83945 31.70975 -10 0.5 31.9 -10
4 15 6.2 32 -10 6.2 31.3 -10 4 31.3 -10 4 32 -10
4 15 7.2 32 -10 7.2 31.5 -10 6.2 31.5 -10 6.2 32 -10
4 15 8.1 32 -10 8.1 31.3 -10 7.2 31.3 -10 7.2 32 -10
4 0 8.1 31.3 -10 8.1 28.3 -10 7.2 28.3 -10 7.2 31.3 -10
4 0 0.1 20.3 -10 0.2795 19.5548 -10 -0.3452 19.3206 -10 -0.5 20.2 -10
4 0 -0.4 21.2 -10 0.2 21.2 -10 0.1 20.3 -10 -0.5 20.2 -10
4 0 -0.4 21.2 -10 -0.2 22 -10 0.4 22 -10 0.2 21.2 -10
4 0 -0.1 23 -10 0.6 23 -10 0.4 22 -10 -0.2 22 -10
4 0 0.5 24 -10 0.6 23 -10 -0.1 23 -10 -0.2 24 -10
4 0 0.3 25 -10 0.5 24 -10 -0.2 24 -10 -0.4 25 -10
4 0 -0.1 26.2 -10 0.3 25 -10 -0.4 25 -10 -0.7 26.2 -10
4 0 -0.2001 26.9995 -10 -0.1 26.2 -10 -0.7 26.2 -10 -0.83945 27.09025 -10
4 0 -7.6 32 -10 -7.6 31.3 -10 -8 31.3 -10 -8 32 -10
4 0 -7.6 31.3 -10 -7.5 28.3 -10 -8 28 -10 -8 31.3 -10
4 0 -7.5 28.3 -10 -7.5 24.3 -10 -8 24.2 -10 -8 28 -10
4 0 -7.5 24.3 -10 -7.6 20.4 -10 -8 20.3 -10 -8 24.2 -10
4 0 -8 19.8 -10 -8 20.3 -10 -7.6 20.4 -10 -7.6 19.8 -10
4 0 -7.6 19.8 -10 -7.6 19.4 -10 -8 19.2 -10 -8 19.8 -10
4 0 -7.6 19.4 -10 -7.6 18.8 -10 -8 18.7 -10 -8 19.2 -10
4 0 -7 20.5 -10 -7 19.9 -10 -7.6 19.8 -10 -7.6 20.4 -10
4 0 -6.3 20.4 -10 -6.4 19.8 -10 -7 19.9 -10 -7 20.5 -10
4 0 -5.4 20.1 -10 -5.6 19.5 -10 -6.4 19.8 -10 -6.3 20.4 -10
4 0 -4.5 19.5 -10 -4.9 19.1 -10 -5.6 19.5 -10 -5.4 20.1 -10
3 0 -4.2 18.4 -10 -4.9 19.1 -10 -3.6 18.5 -10
3 0 -3.6 18.5 -10 -4.9 19.1 -10 -4.5 19.5 -10
4 0 -3.6 18.5 -10 -3.6 15.4 -10 -4.2 15.4 -10 -4.2 18.4 -10
4 0 -7 19.4 -10 -7 18.9 -10 -7.6 18.8 -10 -7.6 19.4 -10
4 0 -6.4 19.3 -10 -6.5 18.7 -10 -7 18.9 -10 -7 19.4 -10
4 0 -5.8 18.9 -10 -5.9 18.2 -10 -6.5 18.7 -10 -6.4 19.3 -10
4 0 -5.2 18.3 -10 -5.3 17.6 -10 -5.9 18.2 -10 -5.8 18.9 -10
4 0 -4.7 17.5 -10 -4.9 17.2 -10 -5.3 17.6 -10 -5.2 18.3 -10
4 0 -7.7 15.5 -10 -8.2 15.4 -10 -8 18.7 -10 -7.6 18.8 -10
4 0 -7.8 15 -10 -8.2 15 -10 -8.2 15.4 -10 -7.7 15.5 -10
4 0 -4.2 15.4 -10 -4.2 15 -10 -7.8 15 -10 -7.7 15.5 -10
4 0 -7.8 15 -10 -7.8 13.7 -10 -8.3 13.6 -10 -8.2 15 -10
4 0 -7.4 12.7 -10 -7.8 12.5 -10 -8.3 13.6 -10 -7.8 13.7 -10
4 0 -5.4 12.7 -10 -5.4 12.2 -10 -7.2 12.2 -10 -7.4 12.7 -10
4 0 -4.9 12.2 -10 -4.9 12.7 -10 -4.2 12.7 -10 -3.6 12.2 -10
4 0 -4.2 15 -10 -3.6 15.4 -10 -3.6 12.2 -10 -4.2 12.7 -10
3 0 -4.2 15 -10 -4.2 15.4 -10 -3.6 15.4 -10
4 0 -7.8 12.5 -10 -7.4 12.7 -10 -7.2 12.2 -10 -8.1 11.1 -10
4 0 -5.4 11.8 -10 -4.9 11.3 -10 -5.7 11.3 -10 -5.7 11.8 -10
4 0 -4.9 11.3 -10 -5.4 11.8 -10 -5.4 14.6 -10 -4.9 14.8 -10
4 0 -5.7 10.2 -10 -6.3 10.2 -10 -6.3 11.1 -10 -5.7 11.1 -10
3 16 -5.7 11.1 -10 -6.9 11.1 -10 -5.7 12.2 -10
3 16 -6.9 11.1 -10 -6.9 12.2 -10 -5.7 12.2 -10
4 15 -5.4 12.2 -10 -5.4 11.8 -10 -5.7 11.8 -10 -5.7 12.2 -10
4 15 -5.4 14.6 -10 -5.4 12.7 -10 -7.8 13.7 -10 -7.8 15 -10
3 15 -5.4 14.6 -10 -7.8 15 -10 -4.9 14.8 -10
3 15 -4.9 14.8 -10 -7.8 15 -10 -4.2 15 -10
4 15 -4.2 15 -10 -4.2 12.7 -10 -4.9 12.7 -10 -4.9 14.8 -10
3 15 -5.4 12.7 -10 -7.4 12.7 -10 -7.8 13.7 -10
4 15 -4.9 17.2 -10 -4.2 15.4 -10 -7.7 15.5 -10 -5.3 17.6 -10
3 15 -4.2 15.4 -10 -4.9 17.2 -10 -4.7 17.5 -10
3 15 -4.2 15.4 -10 -4.7 17.5 -10 -4.2 18.4 -10
4 15 -5.9 18.2 -10 -5.3 17.6 -10 -7.7 15.5 -10 -6.5 18.7 -10
4 15 -7 18.9 -10 -6.5 18.7 -10 -7.7 15.5 -10 -7.6 18.8 -10
4 15 -4.2 18.4 -10 -4.7 17.5 -10 -5.2 18.3 -10 -4.9 19.1 -10
4 15 -4.9 19.1 -10 -5.2 18.3 -10 -5.8 18.9 -10 -5.6 19.5 -10
4 15 -5.6 19.5 -10 -5.8 18.9 -10 -6.4 19.3 -10 -6.4 19.8 -10
4 15 -6.4 19.8 -10 -6.4 19.3 -10 -7 19.4 -10 -7 19.9 -10
4 15 -7 19.9 -10 -7 19.4 -10 -7.6 19.4 -10 -7.6 19.8 -10
4 15 -0.5 20.2 -10 -0.3452 19.3206 -10 -3.6 18.5 -10 -4.5 19.5 -10
3 15 -2.8 18.4 -10 -3.6 18.5 -10 -0.3452 19.3206 -10
4 15 -0.5 20.2 -10 -4.5 19.5 -10 -5.4 20.1 -10 -7.5 24.3 -10
3 15 -0.5 20.2 -10 -7.5 24.3 -10 -0.4 21.2 -10
3 15 -5.4 20.1 -10 -6.3 20.4 -10 -7.5 24.3 -10
3 15 -6.3 20.4 -10 -7 20.5 -10 -7.5 24.3 -10
3 15 -7.6 20.4 -10 -7.5 24.3 -10 -7 20.5 -10
4 15 -0.2 22 -10 -0.4 21.2 -10 -7.5 24.3 -10 -0.1 23 -10
4 15 -0.2 24 -10 -0.1 23 -10 -7.5 24.3 -10 -0.4 25 -10
3 15 -7.5 24.3 -10 -0.7 26.2 -10 -0.4 25 -10
4 15 -0.83945 27.09025 -10 -0.7 26.2 -10 -7.5 24.3 -10 -1.97485 27.63225 -10
4 15 -2.603 28.3037 -10 -1.97485 27.63225 -10 -7.5 24.3 -10 -3 28.3 -10
3 15 -5.4 27.8 -10 -5.4 28.3 -10 -3 28.3 -10
3 15 -7.5 24.3 -10 -5.4 27.8 -10 -3 28.3 -10
3 15 -7.5 24.3 -10 -6.4 27.8 -10 -5.4 27.8 -10
4 15 -6.4 27.8 -10 -7.5 24.3 -10 -7.5 28.3 -10 -6.4 28.3 -10
4 15 -2.8 18.4 -10 -1.6 14.7 -10 -3.6 15.4 -10 -3.6 18.5 -10
4 15 -1.6 14.7 -10 -0.7 11.8 -10 -3.6 12.2 -10 -3.6 15.4 -10
4 15 0.7 22.7 -10 0.7 21.3 -10 0.4 22 -10 0.6 23 -10
4 15 2.1 22.7 -10 0.7 22.7 -10 0.6 23 -10 0.5 24 -10
4 15 0.5 24 -10 0.3 25 -10 0.4 25.3 -10 1.8 25.3 -10
4 15 2.1 22.7 -10 0.5 24 -10 1.8 25.3 -10 6.2 27.8 -10
4 15 0.4 25.3 -10 0.3 25 -10 -0.1 26.2 -10 0.4 26.7 -10
4 15 0.4 26.7 -10 -0.1 26.2 -10 -0.2001 26.9995 -10 0.5 26.9 -10
4 15 1.8 26.7 -10 0.4 26.7 -10 0.5 26.9 -10 1.83945 27.09025 -10
4 15 1.8 26.7 -10 1.83945 27.09025 -10 2.97485 27.63225 -10 6.2 27.8 -10
4 15 0.2 21.2 -10 0.4 22 -10 0.7 21.3 -10 0.1 20.3 -10
4 15 0.2795 19.5548 -10 0.1 20.3 -10 0.7 21.3 -10 2 20.2 -10
4 15 2 20.2 -10 0.7 21.3 -10 2.1 21.3 -10 4 18.8 -10
3 0 4 28.3 -10 3.6062 28.3071 -10 3.73365 28.44325 -10
3 15 2.97485 27.63225 -10 3.6062 28.3071 -10 4 28.3 -10
4 15 6.2 28.3 -10 6.2 27.8 -10 2.97485 27.63225 -10 4 28.3 -10
3 15 1.8 25.3 -10 1.8 26.7 -10 6.2 27.8 -10
4 15 7.2 27.8 -10 7.2 28.3 -10 8.1 28.3 -10 8.2 26.5 -10
4 16 -8 28 -10 -8 24.2 -10 -8.6 25 -10 -8.6 26.2 -10
4 16 -11 30.7 -10 -11 29.5 -10 -19 29 -10 -19 32 -10
4 16 -8 32 -10 -9 30.7 -10 -11 30.7 -10 -19 32 -10
4 16 -8 32 -10 -8 28 -10 -9 29.5 -10 -9 30.7 -10
4 16 -8.6 26.2 -10 -10.6 26.2 -10 -19 29 -10 -8 28 -10
4 16 -8 28 -10 -19 29 -10 -11 29.5 -10 -9 29.5 -10
4 16 -10.6 25 -10 -8.6 25 -10 -8 24.2 -10 -11 21.5 -10
3 16 -9 21.5 -10 -11 21.5 -10 -8 24.2 -10
4 16 -9 21.5 -10 -8 24.2 -10 -8 20.3 -10 -9 20.3 -10
4 16 -9 20.3 -10 -8 20.3 -10 -8 18.7 -10 -8.8 16.5 -10
4 16 -9 20.3 -10 -8.8 16.5 -10 -10.8 16.5 -10 -11 20.3 -10
4 16 -8 18.7 -10 -8.2 15.4 -10 -8.8 15.3 -10 -8.8 16.5 -10
4 16 -8.8 15.3 -10 -8.2 15.4 -10 -8.2 15 -10 -8.3 13.6 -10
4 16 -8.8 15.3 -10 -8.3 13.6 -10 -8.6 11.4 -10 -10.6 11.4 -10
4 16 -8.6 11.4 -10 -8.3 13.6 -10 -7.8 12.5 -10 -8.1 11.1 -10
3 16 -10.6 11.4 -10 -10.8 15.3 -10 -8.8 15.3 -10
4 16 -10.8 15.3 -10 -14.345 2 -10 -19 29 -10 -10.8 16.5 -10
3 16 -10.8 16.5 -10 -19 29 -10 -11 20.3 -10
3 16 -11 20.3 -10 -19 29 -10 -11 21.5 -10
4 16 -10.6 25 -10 -10.9 21.4 -10 -19 29 -10 -10.6 26.2 -10
4 0 4.5 15.2 -10 4.5 14.1 -10 4 14.1 -10 4 15.2 -10
4 0 4.5 15.7 -10 4.5 15.2 -10 4 15.2 -10 4 15.7 -10
4 0 4 15.7 -10 4 18.8 -10 4.6 18.4 -10 4.5 15.7 -10
4 0 4.7 19.6 -10 5 19.1 -10 4.6 18.4 -10 4 18.8 -10
4 0 5.6 20.3 -10 5.8 19.6 -10 5 19.1 -10 4.7 19.6 -10
4 0 6.8 20.8 -10 6.7 20 -10 5.8 19.6 -10 5.6 20.3 -10
4 0 7.8 20.8 -10 7.8 20.1 -10 6.7 20 -10 6.8 20.8 -10
4 0 8.4 22 -10 8.3 21.1 -10 7.8 20.8 -10 7.7 22 -10
4 0 8.7 23 -10 8.4 22 -10 7.7 22 -10 8.1 23.1 -10
4 0 9.1 24 -10 8.7 23 -10 8.1 23.1 -10 8.4 24 -10
4 0 9 25 -10 9.1 24 -10 8.4 24 -10 8.3 25 -10
4 0 9 26.6 -10 9 25 -10 8.3 25 -10 8.2 26.5 -10
4 0 8.9 28.4 -10 9 26.6 -10 8.2 26.5 -10 8.1 28.3 -10
4 0 8.8 32 -10 8.9 28.4 -10 8.1 28.3 -10 8.1 32 -10
4 0 8.3 21.1 -10 8.4 20.2 -10 7.8 20.1 -10 7.8 20.8 -10
4 0 7.9 15.8 -10 8 15.3 -10 4.5 15.2 -10 4.5 15.7 -10
4 0 8.6 18.8 -10 8.5 16 -10 7.9 15.8 -10 7.9 18.7 -10
4 0 8.5 19.4 -10 8.6 18.8 -10 7.9 18.7 -10 8 19.3 -10
4 0 8.4 20.2 -10 8.5 19.4 -10 8 19.3 -10 7.8 20.1 -10
4 0 8 19.3 -10 7.9 18.7 -10 7.1 18.4 -10 7 19 -10
4 0 7 19 -10 7.1 18.4 -10 6.4 17.8 -10 6.2 18.5 -10
4 0 6.4 17.8 -10 5.6 17.3 -10 5.3 17.6 -10 6.2 18.5 -10
3 0 8 15.3 -10 8.5 16 -10 8.5 15.4 -10
3 0 8 15.3 -10 7.9 15.8 -10 8.5 16 -10
4 0 9.1 14.6 -10 8.5 14.5 -10 8 15.3 -10 8.5 15.4 -10
4 0 9.1 14.6 -10 9 12.9 -10 8.4 12.9 -10 8.5 14.5 -10
4 0 4.5 14.1 -10 4.6 13.1 -10 4 13 -10 4 14.1 -10
3 0 8.4 12.4 -10 4 12.4 -10 4 13 -10
4 0 8.4 12.9 -10 8.4 12.4 -10 4 13 -10 4.6 13.1 -10
3 15 8.4 12.9 -10 4.6 13.1 -10 8.5 14.5 -10
4 15 8.5 14.5 -10 4.6 13.1 -10 4.5 14.1 -10 8 15.3 -10
3 15 4.5 14.1 -10 4.5 15.2 -10 8 15.3 -10
4 15 7.8 20.1 -10 8 19.3 -10 7 19 -10 6.7 20 -10
4 15 6.7 20 -10 7 19 -10 6.2 18.5 -10 5.8 19.6 -10
4 15 5.8 19.6 -10 6.2 18.5 -10 5.3 17.6 -10 5 19.1 -10
4 15 4.6 18.4 -10 5 19.1 -10 5.3 17.6 -10 4.5 15.7 -10
3 15 4.5 15.7 -10 5.3 17.6 -10 5.6 17.3 -10
4 15 7.9 15.8 -10 4.5 15.7 -10 5.6 17.3 -10 6.4 17.8 -10
4 15 7.9 15.8 -10 6.4 17.8 -10 7.1 18.4 -10 7.9 18.7 -10
4 15 4 18.8 -10 4 14.1 -10 3.1 16.7 -10 2 20.2 -10
3 15 4 18.8 -10 2.1 21.3 -10 4.7 19.6 -10
4 15 8.1 23.1 -10 7.7 22 -10 2.1 22.7 -10 6.2 27.8 -10
4 15 2.1 21.3 -10 2.1 22.7 -10 7.7 22 -10 4.7 19.6 -10
3 15 4.7 19.6 -10 7.7 22 -10 5.6 20.3 -10
3 15 5.6 20.3 -10 7.7 22 -10 6.8 20.8 -10
3 15 7.8 20.8 -10 6.8 20.8 -10 7.7 22 -10
4 15 8.4 24 -10 8.1 23.1 -10 6.2 27.8 -10 8.3 25 -10
4 15 8.3 25 -10 6.2 27.8 -10 7.2 27.8 -10 8.2 26.5 -10
4 0 0.1 10.2 -10 -0.2 11.4 -10 0.6 10.3 -10 0.4 9.7 -10
4 0 -1 9.3 -10 0.1 10.2 -10 0.4 9.7 -10 -0.6 8.9 -10
3 0 0.9 9 -10 0.4 9.7 -10 0.6 10.3 -10
4 0 0.9 9 -10 0.6 10.3 -10 1.4 9.5 -10 1.9 8.6 -10
4 0 1.5 7.9 -10 0.9 9 -10 1.9 8.6 -10 2.6 8.3 -10
3 0 2.2 7.7 -10 1.5 7.9 -10 2.6 8.3 -10
4 0 3.1 6.1 -10 2.5 5.8 -10 2.2 7.7 -10 2.6 8.3 -10
4 0 -2.4 7.7 -10 -1 9.3 -10 -0.6 8.9 -10 -1.8 7.6 -10
4 0 -2.9 6.1 -10 -2.4 7.7 -10 -1.8 7.6 -10 -2.5 5.7 -10
4 0 -2.5 5.7 -10 -3.9 4.6 -10 -4.3 5 -10 -2.9 6.1 -10
4 0 -4.4 7.4 -10 -3.8 6.9 -10 -5.3 4.9 -10 -5.9 5.2 -10
4 0 -3.4 8.7 -10 -2.9 8.1 -10 -3.8 6.9 -10 -4.4 7.4 -10
4 0 -2 10.5 -10 -1.4 10 -10 -2.9 8.1 -10 -3.4 8.7 -10
4 0 -0.7 11.8 -10 -0.4 11.2 -10 -1.4 10 -10 -2 10.5 -10
4 0 -8.1 11.1 -10 -7.2 12.2 -10 -7.5 11.1 -10 -8.3 8.7 -10
4 0 -8.3 8.7 -10 -7.5 11.1 -10 -7.7 9.2 -10 -8.5 6.7 -10
4 0 -5.3 4.9 -10 -5.5 4.4 -10 -6.1 4.8 -10 -5.9 5.2 -10
4 0 -4.3 5 -10 -4.4 4.4 -10 -5.5 4.4 -10 -5.3 4.9 -10
4 0 -4.1 3.5 -10 -4.7 3.3 -10 -4.4 4.4 -10 -3.9 4.6 -10
4 0 -4.1 3.5 -10 -4.6 1.9 -10 -5.5 0.8 -10 -4.7 3.3 -10
4 0 -4 1.7 -10 -4.9 0.8 -10 -5.5 0.8 -10 -4.6 1.9 -10
4 0 -1.9 3.9 -10 -1.8 3.3 -10 -4 1.7 -10 -4.6 1.9 -10
4 0 -6.5 6.2 -10 -6.9 5.6 -10 -7.4 7.2 -10 -6.9 8 -10
4 0 -6.5 6.2 -10 -5.9 5.2 -10 -6.1 4.8 -10 -6.9 5.6 -10
4 0 -7.2 9.6 -10 -6.9 8 -10 -7.4 7.2 -10 -7.7 9.2 -10
4 0 -8.5 6.7 -10 -7.7 9.2 -10 -7.4 7.2 -10 -8.2 5.9 -10
3 0 -8.2 5.9 -10 -7.4 7.2 -10 -7.7 6.3 -10
4 0 -7.2 4.1 -10 -7.6 3.3 -10 -8.2 5.9 -10 -7.7 6.3 -10
4 0 -6.5 0.8 -10 -7 0.8 -10 -7.6 3.3 -10 -7.2 4.1 -10
4 0 -8.2 5.9 -10 -8.8 4.9 -10 -9.1 5.7 -10 -8.5 6.7 -10
3 0 -8.8 4.9 -10 -9.7 4.9 -10 -9.1 5.7 -10
3 0 -9.7 4.9 -10 -9.7 5.7 -10 -9.1 5.7 -10
4 0 -9.7 5.7 -10 -9.7 4.9 -10 -11.2 5.8 -10 -12 7.1 -10
4 0 -11.6 4.8 -10 -12.1 5.7 -10 -12 7.1 -10 -11.2 5.8 -10
4 0 -10.6 4.3 -10 -10.9 3.3 -10 -11.6 4.8 -10 -11.2 5.8 -10
4 0 -8.9 0.8 -10 -9.6 0.8 -10 -10.9 3.3 -10 -10.6 4.3 -10
4 16 -11.6 4.8 -10 -12 0 -10 -14.345 2 -10 -12.1 5.7 -10
3 16 -14.345 2 -10 -12 7.1 -10 -12.1 5.7 -10
4 16 -12 7.1 -10 -14.345 2 -10 -10.8 15.3 -10 -10.6 11.4 -10
3 16 -12 7.1 -10 -10.6 11.4 -10 -10.6 10.2 -10
4 16 -10.6 10.2 -10 -8.6 10.2 -10 -9.7 5.7 -10 -12 7.1 -10
4 16 -9.1 5.7 -10 -9.7 5.7 -10 -8.6 10.2 -10 -8.5 6.7 -10
4 16 -8.3 8.7 -10 -8.5 6.7 -10 -8.6 10.2 -10 -8.1 11.1 -10
3 16 -8.6 10.2 -10 -8.6 11.4 -10 -8.1 11.1 -10
3 16 -12 0 -10 -11.6 4.8 -10 -10.9 3.3 -10
3 16 -12 0 -10 -10.9 3.3 -10 -9.6 0.8 -10
4 16 -7.6 3.3 -10 -7 0.8 -10 -8.9 0.8 -10 -10.6 4.3 -10
4 16 -10.6 4.3 -10 -11.2 5.8 -10 -9.7 4.9 -10 -7.6 3.3 -10
3 16 -7.6 3.3 -10 -9.7 4.9 -10 -8.8 4.9 -10
3 16 -7.6 3.3 -10 -8.8 4.9 -10 -8.2 5.9 -10
4 15 -4.7 3.3 -10 -5.5 0.8 -10 -6.5 0.8 -10 -7.2 4.1 -10
4 15 -5.5 4.4 -10 -4.4 4.4 -10 -4.7 3.3 -10 -7.2 4.1 -10
4 15 -6.9 5.6 -10 -6.1 4.8 -10 -7.2 4.1 -10 -7.7 6.3 -10
3 15 -6.9 5.6 -10 -7.7 6.3 -10 -7.4 7.2 -10
3 15 -7.2 4.1 -10 -6.1 4.8 -10 -5.5 4.4 -10
4 15 -2.9 6.1 -10 -4.3 5 -10 -5.3 4.9 -10 -3.8 6.9 -10
4 15 -2.9 8.1 -10 -2.4 7.7 -10 -2.9 6.1 -10 -3.8 6.9 -10
4 15 -1.4 10 -10 -1 9.3 -10 -2.4 7.7 -10 -2.9 8.1 -10
4 15 -0.4 11.2 -10 0.1 10.2 -10 -1 9.3 -10 -1.4 10 -10
3 15 0.1 10.2 -10 -0.4 11.2 -10 -0.2 11.4 -10
4 15 -3.6 12.2 -10 -0.7 11.8 -10 -2 10.5 -10 -4.9 11.3 -10
3 15 -4.9 11.3 -10 -4.9 12.2 -10 -3.6 12.2 -10
4 15 -4.9 11.3 -10 -2 10.5 -10 -3.4 8.7 -10 -5.7 10.2 -10
3 15 -5.7 10.2 -10 -5.7 11.3 -10 -4.9 11.3 -10
4 15 -5.7 10.2 -10 -3.4 8.7 -10 -4.4 7.4 -10 -6.5 6.2 -10
4 15 -5.7 10.2 -10 -6.5 6.2 -10 -6.9 8 -10 -6.3 10.2 -10
3 15 -5.9 5.2 -10 -6.5 6.2 -10 -4.4 7.4 -10
3 15 -6.9 8 -10 -7.2 9.6 -10 -6.3 10.2 -10
3 15 -7.7 9.2 -10 -7.5 11.1 -10 -7.2 9.6 -10
3 15 -7.2 9.6 -10 -7.5 11.1 -10 -6.3 10.2 -10
3 15 -6.3 10.2 -10 -6.9 11.1 -10 -6.3 11.1 -10
3 15 -6.3 10.2 -10 -7.5 11.1 -10 -6.9 11.1 -10
4 15 -6.9 12.2 -10 -6.9 11.1 -10 -7.5 11.1 -10 -7.2 12.2 -10
4 0 3.1 6.1 -10 4.4 5 -10 3.6 4.5 -10 2.5 5.8 -10
4 0 3.6 11.7 -10 3 11.6 -10 2.4 12.5 -10 2.9 12.7 -10
4 0 4.6 9.3 -10 4 9.3 -10 3 11.6 -10 3.6 11.7 -10
4 0 5.8 5.3 -10 5.3 5 -10 4 9.3 -10 4.6 9.3 -10
4 0 5.1 1.7 -10 4.3 2 -10 3.6 4.5 -10 4.4 4.4 -10
4 0 5.3 5 -10 5.8 4.4 -10 4.4 4.4 -10 4.4 5 -10
4 0 5.8 5.3 -10 6.4 5 -10 5.8 4.4 -10 5.3 5 -10
4 0 7 7.8 -10 7.5 7.4 -10 6.4 5 -10 5.8 5.3 -10
4 0 7.8 9 -10 7.5 7.4 -10 7 7.8 -10 7.4 9.1 -10
4 0 8.4 6.9 -10 8 5.8 -10 7.5 7.4 -10 7.8 9 -10
4 0 4.3 2 -10 5.1 1.7 -10 5.2 0.8 -10 4.2 1.5 -10
4 0 7.9 2.7 -10 7.4 0.8 -10 6.7 0.8 -10 7.2 2.8 -10
4 0 8.6 5.8 -10 7.9 2.7 -10 7.2 2.8 -10 8 5.8 -10
4 0 9 12.9 -10 8.9 12.4 -10 8.4 12.4 -10 8.4 12.9 -10
4 0 8.9 12.4 -10 9 7.5 -10 8.4 6.9 -10 8.4 12.4 -10
4 0 8.4 6.9 -10 9 6.8 -10 8.6 5.8 -10 8 5.8 -10
3 0 9 6.8 -10 8.4 6.9 -10 9 7.5 -10
4 0 10 5.9 -10 9.8 5 -10 8.6 5.8 -10 9 6.8 -10
4 0 10.5 5.9 -10 10.6 5.1 -10 9.8 5 -10 10 5.9 -10
4 0 12.7 7.1 -10 11.8 5.8 -10 10.6 5.1 -10 10.5 5.9 -10
4 0 13.2 6.7 -10 12.3 4.9 -10 11.8 5.8 -10 12.7 7.1 -10
4 0 12.3 4.9 -10 10.2 0.8 -10 9.3 0.8 -10 11.8 5.8 -10
4 0 4.3 2 -10 4.2 1.5 -10 1.9 3.2 -10 2.1 3.9 -10
4 16 12.3 4.9 -10 14.345 2 -10 12 0 -10 10.2 0.8 -10
3 16 14.345 2 -10 12.3 4.9 -10 13.2 6.7 -10
3 16 9.3 0.8 -10 7.4 0.8 -10 7.9 2.7 -10
4 16 9.3 0.8 -10 7.9 2.7 -10 8.6 5.8 -10 9.8 5 -10
3 16 9.3 0.8 -10 9.8 5 -10 10.6 5.1 -10
3 16 9.3 0.8 -10 10.6 5.1 -10 11.8 5.8 -10
4 15 4 13 -10 4 12.4 -10 3.6 11.7 -10 2.9 12.7 -10
4 15 4.6 9.3 -10 3.6 11.7 -10 4 12.4 -10 8.4 12.4 -10
4 15 4.6 9.3 -10 8.4 12.4 -10 7.4 9.1 -10 7 7.8 -10
3 15 7.8 9 -10 7.4 9.1 -10 8.4 12.4 -10
3 15 8.4 6.9 -10 7.8 9 -10 8.4 12.4 -10
3 15 5.8 5.3 -10 4.6 9.3 -10 7 7.8 -10
4 15 6.7 0.8 -10 5.2 0.8 -10 5.1 1.7 -10 7.2 2.8 -10
4 15 5.8 4.4 -10 7.2 2.8 -10 5.1 1.7 -10 4.4 4.4 -10
3 15 7.2 2.8 -10 5.8 4.4 -10 6.4 5 -10
4 15 7.2 2.8 -10 6.4 5 -10 7.5 7.4 -10 8 5.8 -10
3 0 4.4 4.4 -10 3.6 4.5 -10 4.4 5 -10
4 15 5.3 5 -10 4.4 5 -10 3.1 6.1 -10 4 9.3 -10
3 15 3.1 6.1 -10 2.6 8.3 -10 4 9.3 -10
4 15 4 9.3 -10 2.6 8.3 -10 1.9 8.6 -10 2.3 10.2 -10
3 15 1.9 8.6 -10 1.4 9.5 -10 2.3 10.2 -10
3 15 1.4 9.5 -10 0.9 10.2 -10 2.3 10.2 -10
3 15 1.4 9.5 -10 0.6 10.3 -10 0.9 10.2 -10
4 15 0.9 11.6 -10 0.9 10.2 -10 0.6 10.3 -10 0.4 11.7 -10
4 15 0.9 11.6 -10 0.4 11.7 -10 2.4 12.5 -10 2.3 11.6 -10
4 15 2.3 11.6 -10 2.4 12.5 -10 3 11.6 -10 2.3 10.2 -10
3 15 4 9.3 -10 2.3 10.2 -10 3 11.6 -10
4 0 1.5 3.6 -10 1.9 2.5 -10 1.3 2.3 -10 1.1 3.4 -10
4 0 1.1 3.4 -10 0.9 2.3 -10 0.3 2.2 -10 0.4 3.3 -10
4 0 0.4 3.3 -10 -0.1 2.1 -10 -0.6 2.3 -10 -0.2 3.5 -10
4 0 -0.2 3.5 -10 -0.9 2.4 -10 -1.4 2.8 -10 -0.7 3.8 -10
4 0 -0.8 4.3 -10 -0.7 3.8 -10 -1.8 3.3 -10 -1.9 3.9 -10
4 0 -1 4.7 -10 -0.8 4.3 -10 -1.8 4.2 -10 -1.9 4.8 -10
4 0 -0.9 5.3 -10 -1 4.7 -10 -1.7 5.1 -10 -1.5 5.8 -10
4 0 -0.5 5.9 -10 -0.9 5.3 -10 -1.3 6.1 -10 -0.9 6.7 -10
4 0 2.1 3.9 -10 1.9 3.2 -10 1.5 3.6 -10 1.5 4.3 -10
4 14 4.2 1.5 -10 5.2 0.8 -10 -4.9 0.8 -10 -4 1.7 -10
3 14 -0.6 2.3 -10 -0.9 2.4 -10 -0.2 3.5 -10
3 14 -0.1 2.1 -10 0.4 3.3 -10 0.3 2.2 -10
3 14 1.3 2.3 -10 0.9 2.3 -10 1.1 3.4 -10
3 14 1.9 2.5 -10 1.5 3.6 -10 1.9 3.2 -10
3 14 4.2 1.5 -10 1.9 2.5 -10 1.9 3.2 -10
3 14 4.2 1.5 -10 1.3 2.3 -10 1.9 2.5 -10
3 14 4.2 1.5 -10 -4 1.7 -10 -0.1 2.1 -10
4 14 4.2 1.5 -10 -0.1 2.1 -10 0.3 2.2 -10 0.9 2.3 -10
3 14 4.2 1.5 -10 0.9 2.3 -10 1.3 2.3 -10
4 14 -0.6 2.3 -10 -0.1 2.1 -10 -4 1.7 -10 -0.9 2.4 -10
3 14 -4 1.7 -10 -1.4 2.8 -10 -0.9 2.4 -10
4 14 -1.4 2.8 -10 -4 1.7 -10 -1.8 3.3 -10 -0.7 3.8 -10
3 14 -1.9 3.9 -10 -1.8 4.2 -10 -0.8 4.3 -10
4 14 -1.9 4.8 -10 -1.8 4.2 -10 -1.9 3.9 -10 -4.1 3.5 -10
3 14 -4.6 1.9 -10 -4.1 3.5 -10 -1.9 3.9 -10
4 14 -1.9 4.8 -10 -4.1 3.5 -10 -3.9 4.6 -10 -2.5 5.7 -10
3 0 -4.4 4.4 -10 -4.3 5 -10 -3.9 4.6 -10
3 14 -1 4.7 -10 -1.9 4.8 -10 -1.7 5.1 -10
4 14 -1.7 5.1 -10 -1.9 4.8 -10 -2.5 5.7 -10 -1.5 5.8 -10
3 14 -0.9 5.3 -10 -1.5 5.8 -10 -1.3 6.1 -10
4 14 -1.8 7.6 -10 -0.9 6.7 -10 -1.3 6.1 -10 -2.5 5.7 -10
3 14 -2.5 5.7 -10 -1.3 6.1 -10 -1.5 5.8 -10
4 14 3.6 4.5 -10 4.3 2 -10 2.1 3.9 -10 2.4 4.7 -10
4 0 -0.4 5.3 -10 -0.3 4.8 -10 -0.7 4.8 -10 -0.7 5.2 -10
3 0 1.1 3.4 -10 0.7 3.9 -10 1.2 4.2 -10
4 16 0 4.6 -10 0.8 4.5 -10 -0.2 3.5 -10 -0.7 3.8 -10
4 16 1.5 4.9 -10 1.2 4.2 -10 0.8 4.5 -10 1 5.5 -10
4 16 1 5.5 -10 0.8 4.5 -10 0 4.6 -10 0.1 5.1 -10
3 16 0.1 5.1 -10 -0.1 5.6 -10 1 5.5 -10
4 16 2 5.6 -10 2.4 4.7 -10 1.5 4.9 -10 1 5.5 -10
4 14 1.5 4.9 -10 2.4 4.7 -10 2.1 3.9 -10 1.5 4.3 -10
4 14 1.5 3.6 -10 1.1 3.4 -10 1.2 4.2 -10 1.5 4.3 -10
3 14 1.2 4.2 -10 1.5 4.9 -10 1.5 4.3 -10
4 14 0.8 4.5 -10 1.2 4.2 -10 0.7 3.9 -10 -0.2 3.5 -10
4 14 0.4 3.3 -10 -0.2 3.5 -10 0.7 3.9 -10 1.1 3.4 -10
4 14 -0.5 4.5 -10 0 4.6 -10 -0.7 3.8 -10 -0.8 4.3 -10
4 14 -0.5 4.5 -10 -0.8 4.3 -10 -1 4.7 -10 -0.7 4.8 -10
4 14 -0.7 5.2 -10 -0.7 4.8 -10 -1 4.7 -10 -0.9 5.3 -10
4 14 -0.5 5.9 -10 -0.4 5.3 -10 -0.7 5.2 -10 -0.9 5.3 -10
4 14 -0.1 5.6 -10 -0.4 5.3 -10 -0.5 5.9 -10 1.5 7.9 -10
4 14 -0.6 8.9 -10 1.5 7.9 -10 -0.9 6.7 -10 -1.8 7.6 -10
4 14 0.9 9 -10 1.5 7.9 -10 -0.6 8.9 -10 0.4 9.7 -10
3 14 -0.5 5.9 -10 -0.9 6.7 -10 1.5 7.9 -10
4 14 1 5.5 -10 -0.1 5.6 -10 1.5 7.9 -10 2 5.6 -10
4 14 2.2 7.7 -10 2.5 5.8 -10 2 5.6 -10 1.5 7.9 -10
4 14 3.6 4.5 -10 2.4 4.7 -10 2 5.6 -10 2.5 5.8 -10
4 14 10.05308 10.63044 -10 9.9 10.6 -10 9.9 11 -10 10.18284 10.71716 -10
4 14 10.26956 10.84692 -10 10.18284 10.71716 -10 9.9 11 -10 10.3 11 -10
4 14 10.18284 11.28284 -10 10.26956 11.15308 -10 9.9 11 -10 10.05308 11.36956 -10
4 14 9.9 11.4 -10 10.05308 11.36956 -10 9.9 11 -10 9.74692 11.36956 -10
4 14 9.61716 11.28284 -10 9.74692 11.36956 -10 9.9 11 -10 9.53044 11.15308 -10
4 14 9.5 11 -10 9.53044 11.15308 -10 9.9 11 -10 9.53044 10.84692 -10
4 14 9.61716 10.71716 -10 9.53044 10.84692 -10 9.9 11 -10 9.74692 10.63044 -10
3 14 9.9 10.6 -10 9.74692 10.63044 -10 9.9 11 -10
4 16 10.46568 10.43432 -10 12.7 7.1 -10 10.5 5.9 -10 10.20616 10.26088 -10
4 16 10.20616 10.26088 -10 10.5 5.9 -10 10 5.9 -10 9.9 10.2 -10
4 16 9.9 10.2 -10 10 5.9 -10 9 6.8 -10 9.59384 10.26088 -10
4 16 9.59384 10.26088 -10 9 6.8 -10 9 7.5 -10 9.33432 10.43432 -10
3 16 9 7.5 -10 9.16088 10.69384 -10 9.33432 10.43432 -10
3 16 9 7.5 -10 9.1 11 -10 9.16088 10.69384 -10
3 16 9 7.5 -10 8.9 12.4 -10 9.1 11 -10
3 16 9.1 11 -10 8.9 12.4 -10 9.16088 11.30616 -10
3 16 9.16088 11.30616 -10 8.9 12.4 -10 9.33432 11.56568 -10
3 16 9.33432 11.56568 -10 8.9 12.4 -10 9.59384 11.73912 -10
3 16 9.59384 11.73912 -10 8.9 12.4 -10 9.9 11.8 -10
4 16 10.7 11 -10 10.63912 11.30616 -10 10.7 11.8 -10 12.7 7.1 -10
3 16 10.63912 11.30616 -10 10.46568 11.56568 -10 10.7 11.8 -10
3 16 10.46568 11.56568 -10 10.20616 11.73912 -10 10.7 11.8 -10
4 16 10.7 11.8 -10 10.20616 11.73912 -10 9.9 11.8 -10 8.9 12.4 -10
4 16 10.7 11.8 -10 8.9 12.4 -10 9 12.9 -10 9.7 15.1 -10
3 16 12.7 7.1 -10 10.46568 10.43432 -10 10.63912 10.69384 -10
3 16 12.7 7.1 -10 10.63912 10.69384 -10 10.7 11 -10
4 16 13.2 6.7 -10 12.7 7.1 -10 10.7 11.8 -10 19 29 -10
3 14 10.3 11 -10 9.9 11 -10 10.26956 11.15308 -10
4 16 10.2 0.8 -10 12 0 -10 -12 0 -10 -9.6 0.8 -10
3 16 14.345 2 -10 13.2 6.7 -10 19 29 -10
4 16 8.8 32 -10 19 32 -10 19 29 -10 10.7 30.4 -10
4 16 10.5 15.9 -10 19 29 -10 10.7 11.8 -10 10.43912 15.59384 -10
3 16 10.7 11.8 -10 9.7 15.1 -10 10.00616 15.16088 -10
3 16 10.7 11.8 -10 10.00616 15.16088 -10 10.26568 15.33432 -10
3 16 10.7 11.8 -10 10.26568 15.33432 -10 10.43912 15.59384 -10
4 16 9.7 15.1 -10 9 12.9 -10 9.1 14.6 -10 9.39384 15.16088 -10
4 16 9.13432 15.33432 -10 9.39384 15.16088 -10 9.1 14.6 -10 8.5 15.4 -10
3 16 9.13432 15.33432 -10 8.5 15.4 -10 8.96088 15.59384 -10
4 16 8.9 15.9 -10 8.96088 15.59384 -10 8.5 15.4 -10 8.5 16 -10
4 16 8.96088 16.20616 -10 8.9 15.9 -10 8.5 16 -10 8.6 18.8 -10
3 16 8.96088 16.20616 -10 8.6 18.8 -10 9.13432 16.46568 -10
3 16 9.13432 16.46568 -10 8.6 18.8 -10 9.39384 16.63912 -10
4 16 9.7 16.7 -10 9.39384 16.63912 -10 8.6 18.8 -10 9.4 19.8 -10
4 16 9.09384 19.86088 -10 9.4 19.8 -10 8.6 18.8 -10 8.5 19.4 -10
4 16 8.83432 20.03432 -10 9.09384 19.86088 -10 8.5 19.4 -10 8.4 20.2 -10
3 16 8.83432 20.03432 -10 8.4 20.2 -10 8.66088 20.29384 -10
4 16 8.6 20.6 -10 8.66088 20.29384 -10 8.4 20.2 -10 8.3 21.1 -10
4 16 8.66088 20.90616 -10 8.6 20.6 -10 8.3 21.1 -10 8.4 22 -10
4 16 8.83432 21.16568 -10 8.66088 20.90616 -10 8.4 22 -10 8.7 23 -10
4 16 9.09384 21.33912 -10 8.83432 21.16568 -10 8.7 23 -10 9.1 24 -10
4 16 9.4 21.4 -10 9.09384 21.33912 -10 9.1 24 -10 9.89384 24.36088 -10
4 16 10.2 24.3 -10 10.50616 24.36088 -10 11 24.3 -10 10.2 21.4 -10
3 16 11 24.3 -10 10.50616 24.36088 -10 10.76568 24.53432 -10
3 16 11 24.3 -10 10.76568 24.53432 -10 10.93912 24.79384 -10
3 16 11 24.3 -10 10.93912 24.79384 -10 11 25.1 -10
3 16 11 25.1 -10 10.93912 25.40616 -10 11 25.9 -10
3 16 10.93912 25.40616 -10 10.76568 25.66568 -10 11 25.9 -10
3 16 10.76568 25.66568 -10 10.50616 25.83912 -10 11 25.9 -10
4 16 11 25.9 -10 10.50616 25.83912 -10 10.2 25.9 -10 19 29 -10
3 16 9.1 24 -10 9.63432 24.53432 -10 9.89384 24.36088 -10
4 16 10.5 15.9 -10 10.43912 16.20616 -10 10.5 16.7 -10 19 29 -10
3 16 10.43912 16.20616 -10 10.26568 16.46568 -10 10.5 16.7 -10
3 16 10.26568 16.46568 -10 10.00616 16.63912 -10 10.5 16.7 -10
4 16 10.5 16.7 -10 10.00616 16.63912 -10 9.7 16.7 -10 9.4 19.8 -10
4 16 9.4 19.8 -10 9.70616 19.86088 -10 10.2 19.8 -10 10.5 16.7 -10
3 16 10.2 19.8 -10 9.70616 19.86088 -10 9.96568 20.03432 -10
3 16 10.2 19.8 -10 9.96568 20.03432 -10 10.13912 20.29384 -10
3 16 10.2 19.8 -10 10.13912 20.29384 -10 10.2 20.6 -10
4 16 19 29 -10 10.5 16.7 -10 10.2 19.8 -10 10.2 21.4 -10
3 16 10.2 20.6 -10 10.13912 20.90616 -10 10.2 21.4 -10
3 16 10.13912 20.90616 -10 9.96568 21.16568 -10 10.2 21.4 -10
3 16 9.96568 21.16568 -10 9.70616 21.33912 -10 10.2 21.4 -10
4 16 10.2 21.4 -10 9.70616 21.33912 -10 9.4 21.4 -10 10.2 24.3 -10
3 16 9.4 21.4 -10 9.89384 24.36088 -10 10.2 24.3 -10
3 16 10.2 21.4 -10 11 24.3 -10 19 29 -10
3 16 11 24.3 -10 11 25.9 -10 19 29 -10
4 16 9.46088 24.79384 -10 9.63432 24.53432 -10 9.1 24 -10 9 25 -10
3 16 9.46088 24.79384 -10 9 25 -10 9.4 25.1 -10
4 16 9.46088 25.40616 -10 9.4 25.1 -10 9 25 -10 9 26.6 -10
3 16 9.46088 25.40616 -10 9 26.6 -10 9.63432 25.66568 -10
3 16 9.63432 25.66568 -10 9 26.6 -10 9.89384 25.83912 -10
4 16 10.2 25.9 -10 9.89384 25.83912 -10 9 26.6 -10 19 29 -10
4 16 19 29 -10 9 26.6 -10 8.9 28.4 -10 10.7 28.8 -10
4 16 9.9 28.8 -10 10.20616 28.86088 -10 10.7 28.8 -10 8.9 28.4 -10
3 16 10.7 28.8 -10 10.20616 28.86088 -10 10.46568 29.03432 -10
3 16 10.7 28.8 -10 10.46568 29.03432 -10 10.63912 29.29384 -10
3 16 10.7 28.8 -10 10.63912 29.29384 -10 10.7 29.6 -10
3 16 10.7 29.6 -10 10.63912 29.90616 -10 10.7 30.4 -10
3 16 10.63912 29.90616 -10 10.46568 30.16568 -10 10.7 30.4 -10
3 16 10.46568 30.16568 -10 10.20616 30.33912 -10 10.7 30.4 -10
4 16 10.7 30.4 -10 10.20616 30.33912 -10 9.9 30.4 -10 8.8 32 -10
3 16 10.7 28.8 -10 10.7 30.4 -10 19 29 -10
3 16 8.9 28.4 -10 9.59384 28.86088 -10 9.9 28.8 -10
3 16 8.9 28.4 -10 9.33432 29.03432 -10 9.59384 28.86088 -10
3 16 8.9 28.4 -10 9.16088 29.29384 -10 9.33432 29.03432 -10
3 16 8.9 28.4 -10 9.1 29.6 -10 9.16088 29.29384 -10
3 16 8.9 28.4 -10 8.8 32 -10 9.1 29.6 -10
3 16 9.1 29.6 -10 8.8 32 -10 9.16088 29.90616 -10
3 16 9.16088 29.90616 -10 8.8 32 -10 9.33432 30.16568 -10
3 16 9.33432 30.16568 -10 8.8 32 -10 9.59384 30.33912 -10
3 16 9.59384 30.33912 -10 8.8 32 -10 9.9 30.4 -10
4 14 9.9 29.2 -10 9.74692 29.23044 -10 9.9 29.6 -10 10.05308 29.23044 -10
4 14 10.18284 29.31716 -10 10.05308 29.23044 -10 9.9 29.6 -10 10.26956 29.44692 -10
4 14 10.3 29.6 -10 10.26956 29.44692 -10 9.9 29.6 -10 10.26956 29.75308 -10
4 14 10.18284 29.88284 -10 10.26956 29.75308 -10 9.9 29.6 -10 10.05308 29.96956 -10
4 14 9.9 30 -10 10.05308 29.96956 -10 9.9 29.6 -10 9.74692 29.96956 -10
4 14 9.61716 29.88284 -10 9.74692 29.96956 -10 9.9 29.6 -10 9.53044 29.75308 -10
4 14 9.5 29.6 -10 9.53044 29.75308 -10 9.9 29.6 -10 9.53044 29.44692 -10
4 14 9.61716 29.31716 -10 9.53044 29.44692 -10 9.9 29.6 -10 9.74692 29.23044 -10
4 14 10.35308 24.73044 -10 10.2 24.7 -10 10.2 25.1 -10 10.48284 24.81716 -10
4 14 10.56956 24.94692 -10 10.48284 24.81716 -10 10.2 25.1 -10 10.6 25.1 -10
4 14 10.56956 25.25308 -10 10.6 25.1 -10 10.2 25.1 -10 10.48284 25.38284 -10
4 14 10.35308 25.46956 -10 10.48284 25.38284 -10 10.2 25.1 -10 10.2 25.5 -10
4 14 10.04692 25.46956 -10 10.2 25.5 -10 10.2 25.1 -10 9.91716 25.38284 -10
4 14 9.83044 25.25308 -10 9.91716 25.38284 -10 10.2 25.1 -10 9.8 25.1 -10
4 14 9.83044 24.94692 -10 9.8 25.1 -10 10.2 25.1 -10 9.91716 24.81716 -10
4 14 10.04692 24.73044 -10 9.91716 24.81716 -10 10.2 25.1 -10 10.2 24.7 -10
4 14 9.55308 20.23044 -10 9.4 20.2 -10 9.4 20.6 -10 9.68284 20.31716 -10
4 14 9.76956 20.44692 -10 9.68284 20.31716 -10 9.4 20.6 -10 9.8 20.6 -10
4 14 9.76956 20.75308 -10 9.8 20.6 -10 9.4 20.6 -10 9.68284 20.88284 -10
4 14 9.55308 20.96956 -10 9.68284 20.88284 -10 9.4 20.6 -10 9.4 21 -10
4 14 9.24692 20.96956 -10 9.4 21 -10 9.4 20.6 -10 9.11716 20.88284 -10
4 14 9.03044 20.75308 -10 9.11716 20.88284 -10 9.4 20.6 -10 9 20.6 -10
4 14 9.03044 20.44692 -10 9 20.6 -10 9.4 20.6 -10 9.11716 20.31716 -10
4 14 9.24692 20.23044 -10 9.11716 20.31716 -10 9.4 20.6 -10 9.4 20.2 -10
4 14 9.85308 15.53044 -10 9.7 15.5 -10 9.7 15.9 -10 9.98284 15.61716 -10
4 14 10.06956 15.74692 -10 9.98284 15.61716 -10 9.7 15.9 -10 10.1 15.9 -10
4 14 10.06956 16.05308 -10 10.1 15.9 -10 9.7 15.9 -10 9.98284 16.18284 -10
4 14 9.85308 16.26956 -10 9.98284 16.18284 -10 9.7 15.9 -10 9.7 16.3 -10
4 14 9.54692 16.26956 -10 9.7 16.3 -10 9.7 15.9 -10 9.41716 16.18284 -10
4 14 9.33044 16.05308 -10 9.41716 16.18284 -10 9.7 15.9 -10 9.3 15.9 -10
4 14 9.33044 15.74692 -10 9.3 15.9 -10 9.7 15.9 -10 9.41716 15.61716 -10
4 14 9.54692 15.53044 -10 9.41716 15.61716 -10 9.7 15.9 -10 9.7 15.5 -10
