0 Ring 15 x 0.5
0 Name: 2-4rin15.dat
0 Author: Alex Taylor [anathema]
0 !LDRAW_ORG Primitive UPDATE 2010-03
0 !LICENSE Redistributable under CCAL version 2.0 : see CAreadme.txt

0 BFC CERTIFY CCW

0 !HISTORY 2010-12-31 [PTadmin] Official Update 2010-03

4 16 15 0 0 16 0 0 14.7824 0 6.1232 13.8585 0 5.7405
4 16 13.8585 0 5.7405 14.7824 0 6.1232 11.3136 0 11.3136 10.6065 0 10.6065
4 16 10.6065 0 10.6065 11.3136 0 11.3136 6.1232 0 14.7824 5.7405 0 13.8585
4 16 5.7405 0 13.8585 6.1232 0 14.7824 0 0 16 0 0 15
4 16 0 0 15 0 0 16 -6.1232 0 14.7824 -5.7405 0 13.8585
4 16 -5.7405 0 13.8585 -6.1232 0 14.7824 -11.3136 0 11.3136 -10.6065 0 10.6065
4 16 -10.6065 0 10.6065 -11.3136 0 11.3136 -14.7824 0 6.1232 -13.8585 0 5.7405
4 16 -13.8585 0 5.7405 -14.7824 0 6.1232 -16 0 0 -15 0 0
0
