0 Cylinder 0.4375
0 Name: 7-16cyli.dat
0 Author: Guy Vivan [guyvivan]
0 !LDRAW_ORG Primitive UPDATE 2009-01
0 !LICENSE Redistributable under CCAL version 2.0 : see CAreadme.txt

0 BFC CERTIFY CCW

0 !HISTORY 2009-05-02 [PTadmin] Official Update 2009-01

4 16 0.9239 0 0.3827 1 0 0 1 1 0 0.9239 1 0.3827
4 16 0.7071 0 0.7071 0.9239 0 0.3827 0.9239 1 0.3827 0.7071 1 0.7071
4 16 0.3827 0 0.9239 0.7071 0 0.7071 0.7071 1 0.7071 0.3827 1 0.9239
4 16 0 0 1 0.3827 0 0.9239 0.3827 1 0.9239 0 1 1
4 16 -0.3827 0 0.9239 0 0 1 0 1 1 -0.3827 1 0.9239
4 16 -0.7071 0 0.7071 -0.3827 0 0.9239 -0.3827 1 0.9239 -0.7071 1 0.7071
4 16 -0.9239 0 0.3827 -0.7071 0 0.7071 -0.7071 1 0.7071 -0.9239 1 0.3827

0 conditional lines
5 24 1 1 0 1 0 0 1 1 -1 0.9239 1 0.3827
5 24 0.9239 1 0.3827 0.9239 0 0.3827 1 1 0 0.7071 1 0.7071
5 24 0.7071 1 0.7071 0.7071 0 0.7071 0.9239 1 0.3827 0.3827 1 0.9239
5 24 0.3827 1 0.9239 0.3827 0 0.9239 0.7071 1 0.7071 0 1 1
5 24 0 1 1 0 0 1 0.3827 1 0.9239 -0.3827 1 0.9239
5 24 -0.3827 1 0.9239 -0.3827 0 0.9239 0 1 1 -0.7071 1 0.7071
5 24 -0.7071 1 0.7071 -0.7071 0 0.7071 -0.3827 1 0.9239 -0.9239 1 0.3827
5 24 -0.9239 1 0.3827 -0.9239 0 0.3827 -1.3066 1 -0.5412 -0.7071 1 0.7071

0 end of file