0 Click Lock Hinge Single Finger for Plate Top
0 Name: clh2.dat
0 Author: Donald Sutter [technog]
0 !LDRAW_ORG Primitive UPDATE 2012-01
0 !LICENSE Redistributable under CCAL version 2.0 : see CAreadme.txt

0 !HELP To use place 1 Ldu below top surface centered on stud location.

0 BFC CERTIFY CCW

0 !HISTORY 2003-12-19 [PTadmin] Official Update 2003-03
0 !HISTORY 2007-06-24 [PTadmin] Header formatted for Contributor Agreement
0 !HISTORY 2008-07-01 [PTadmin] Official Update 2008-01
0 !HISTORY 2012-02-16 [Philo] Changed to CCW
0 !HISTORY 2012-03-30 [PTadmin] Official Update 2012-01

1 16 0 -5.74 -6.87 0 0 -3.48 5.74 0 0 -0.87 1 0 rect1.dat
1 16 3.48 0 -7.22 0.52 0 0 0 1 0 0 0 -0.52 1-4edge.dat
1 16 3.48 0 -7.22 0.52 0 0 0 -11.48 0 0 1.74 -0.52 1-4cyli.dat
1 16 3.48 -11.481 -5.48 0.52 0 0 0 -0.52 0 0 0 -0.52 1-8sphe.dat
1 16 3.48 -11.481 -5.48 0 -6.96 0 -0.52 0 0 0 0 -0.52 1-4cyli.dat
1 16 -3.48 -11.481 -5.48 -0.52 0 0 0 -0.52 0 0 0 -0.52 1-8sphe.dat
1 16 -3.48 0 -7.22 -0.52 0 0 0 -11.48 0 0 1.74 -0.52 1-4cyli.dat
1 16 -3.48 0 -7.22 -0.52 0 0 0 1 0 0 0 -0.52 1-4edge.dat
1 16 0 -5.74 6.87 0 0 -3.48 5.74 0 0 0.87 -1 0 rect1.dat
1 16 3.48 0 7.22 0.52 0 0 0 1 0 0 0 0.52 1-4edge.dat
1 16 3.48 0 7.22 0.52 0 0 0 -11.48 0 0 -1.74 0.52 1-4cyli.dat
1 16 3.48 -11.481 5.48 0.52 0 0 0 -0.52 0 0 0 0.52 1-8sphe.dat
1 16 3.48 -11.481 5.48 0 -6.96 0 -0.52 0 0 0 0 0.52 1-4cyli.dat
1 16 -3.48 -11.481 5.48 -0.52 0 0 0 -0.52 0 0 0 0.52 1-8sphe.dat
1 16 -3.48 0 7.22 -0.52 0 0 0 -11.48 0 0 -1.74 0.52 1-4cyli.dat
1 16 -3.48 0 7.22 -0.52 0 0 0 1 0 0 0 0.52 1-4edge.dat
1 16 -2 -7 0 0 1 0 2.25 0 0 0 0 2.25 4-4disc.dat
1 16 -2 -7 0 0 1 0 2.25 0 0 0 0 2.25 4-4edge.dat
0 BFC INVERTNEXT
1 16 -2.25 -7 0 0 0.25 0 2.25 0 0 0 0 2.25 4-4cyli.dat
1 16 -2.25 -7 0 0 1 0 2.25 0 0 0 0 2.25 4-4edge.dat
0 BFC INVERTNEXT
1 16 -3 -7 0 0 0.75 0 0.75 0 0 0 0 0.75 4-4con3.dat
0 BFC INVERTNEXT
1 16 -4 -7 0 0 1 0 -0.707 0 0.707 -0.707 0 -0.707 1-4con3.dat
0 BFC INVERTNEXT
1 16 -4 -7 0 0 1 0 0.707 0 0.707 -0.707 0 0.707 1-4con3.dat
0 BFC INVERTNEXT
1 16 -4 -7 0 0 1 0 0.707 0 -0.707 0.707 0 0.707 1-4con3.dat
1 16 -4 -7 0 0 1 0 -2.828 0 2.828 -2.828 0 -2.828 3-4edge.dat
1 16 -4 -7 0 0 1 0 -2.82843 0 2.82843 -2.82843 0 -2.82843 1-8ndis.dat
1 16 -4 -7 0 0 1 0 0 0 4 -4 0 0 2-4ndis.dat
1 16 -4 -7 0 0 1 0 -2.82843 0 2.82843 2.82843 0 2.82843 1-8ndis.dat
1 16 2 -7 0 0 -1 0 2.25 0 0 0 0 -2.25 4-4disc.dat
1 16 2 -7 0 0 -1 0 2.25 0 0 0 0 -2.25 4-4edge.dat
0 BFC INVERTNEXT
1 16 2.25 -7 0 0 -0.25 0 2.25 0 0 0 0 -2.25 4-4cyli.dat
1 16 2.25 -7 0 0 -1 0 2.25 0 0 0 0 -2.25 4-4edge.dat
0 BFC INVERTNEXT
1 16 3 -7 0 0 -0.75 0 0.75 0 0 0 0 -0.75 4-4con3.dat
0 BFC INVERTNEXT
1 16 4 -7 0 0 -1 0 -0.707 0 0.707 0.707 0 0.707 1-4con3.dat
0 BFC INVERTNEXT
1 16 4 -7 0 0 -1 0 0.707 0 0.707 0.707 0 -0.707 1-4con3.dat
0 BFC INVERTNEXT
1 16 4 -7 0 0 -1 0 0.707 0 -0.707 -0.707 0 -0.707 1-4con3.dat
1 16 4 -7 0 0 -1 0 -2.828 0 2.828 2.828 0 2.828 3-4edge.dat
1 16 4 -7 0 0 -1 0 -2.82843 0 2.82843 -2.82843 0 -2.82843 1-8ndis.dat
1 16 4 -7 0 0 -1 0 0 0 4 4 0 0 2-4ndis.dat
1 16 4 -7 0 0 -1 0 -2.82843 0 2.82843 2.82843 0 2.82843 1-8ndis.dat
1 16 3.48 -11.481 5.48 0.52 0 0 0 -0.16 -0.52 0 -1.48 0 1-4cyli.dat
1 16 3.48 -11.64 4 0.52 0 0 0 0 -0.52 0 -1 0 1-4edge.dat
1 16 3.48 -11.64 4 0.52 0 0 0 0 -0.52 0 1 0 1-4disc.DAT
1 16 3.48 -11.481 -5.48 0.52 0 0 0 -0.16 -0.52 0 1.48 0 1-4cyli.dat
1 16 3.48 -11.64 -4 0.52 0 0 0 0 -0.52 0 -1 0 1-4edge.dat
1 16 3.48 -11.64 -4 0.52 0 0 0 0 -0.52 0 -1 0 1-4disc.DAT
1 16 -3.48 -11.481 -5.48 -0.52 0 0 0 -0.16 -0.52 0 1.48 0 1-4cyli.dat
1 16 -3.48 -11.64 -4 -0.52 0 0 0 0 -0.52 0 -1 0 1-4edge.dat
1 16 -3.48 -11.64 -4 -0.52 0 0 0 0 -0.52 0 -1 0 1-4disc.DAT
1 16 -3.48 -11.481 5.48 -0.52 0 0 0 -0.16 -0.52 0 -1.48 0 1-4cyli.dat
1 16 -3.48 -11.64 4 -0.52 0 0 0 0 -0.52 0 -1 0 1-4edge.dat
1 16 -3.48 -11.64 4 -0.52 0 0 0 0 -0.52 0 1 0 1-4disc.DAT
4 16 -3.48 -12 5.48 -3.48 -12.16 4 3.48 -12.16 4 3.48 -12 5.48
2 24 3.48 -12.16 4 3.075 -12.16 4
2 24 -3.48 -12.16 4 -3.075 -12.16 4
4 16 -3.075 -12.16 4 -3 -12.35 2.26 3 -12.35 2.26 3.075 -12.16 4
2 24 3.075 -12.16 4 3 -12.35 2.26
5 24 3 -12.35 2.26 -3 -12.35 2.26 0 -12.35 0 0 -12 5.48
2 24 -3.075 -12.16 4 -3 -12.35 2.26
4 16 -3 -12.35 2.26 -3 -12.35 -2.26 3 -12.35 -2.26 3 -12.35 2.26
2 24 3 -12.35 -2.26 3 -12.35 2.26
5 24 -3 -12.35 -2.26 3 -12.35 -2.26 0 -12.35 0 0 -12 -5.48
2 24 -3 -12.35 -2.26 -3 -12.35 2.26
4 16 3.075 -12.16 -4 3 -12.35 -2.26 -3 -12.35 -2.26 -3.075 -12.16 -4
2 24 3.075 -12.16 -4 3 -12.35 -2.26
2 24 -3.075 -12.16 -4 -3 -12.35 -2.26
4 16 3.48 -12 -5.48 3.48 -12.16 -4 -3.48 -12.16 -4 -3.48 -12 -5.48
2 24 3.48 -12.16 -4 3.075 -12.16 -4
2 24 -3.48 -12.16 -4 -3.075 -12.16 -4
4 16 4 -9.828 -2.828 3 -9.121 -2.121 3 -9.772 -1.148 3.752 -10.45 -1.446
4 16 3.752 -10.45 -1.446 3 -9.772 -1.148 3 -10 0 3.67 -10.66 0
4 16 3.67 -10.66 0 3 -10 0 3 -9.772 1.148 3.752 -10.45 1.446
4 16 3.752 -10.45 1.446 3 -9.772 1.148 3 -9.121 2.121 4 -9.828 2.828
4 16 3 -12.35 0 3.67 -10.66 0 3.752 -10.45 1.446 3 -12.35 2.26
2 24 3.752 -10.45 1.446 3.67 -10.67 0
4 16 4 -9.828 2.828 3.075 -12.16 4 3 -12.35 2.26 3.752 -10.45 1.446
2 24 4 -9.828 2.828 3.752 -10.45 1.446
3 16 4 -9.828 2.828 4 -9.828 4 3.075 -12.16 4
2 24 4 -9.828 2.828 4 -9.828 4
2 24 3.075 -12.16 4 4 -9.828 4
4 16 3.281 -11.64 4 3.48 -11.64 4 3.48 -12.16 4 3.075 -12.16 4
3 16 4 -9.828 4 4 -11.64 4 3.281 -11.64 4
2 24 4 -9.828 4 4 -11.64 4
4 16 4 -9.828 4 4 -9.828 5.73 4 -11.48 5.48 4 -11.64 4
4 16 4 -9.828 5.73 4 -9.828 2.828 4 -7 5.65 4 -7 6.159
4 16 4 0 7.22 4 -7 6.159 4 -7 4 4 -3 4
4 16 4 -3 -4 4 0 -7.22 4 0 7.22 4 -3 4
2 24 4 0 -7.22 4 0 7.22
4 16 4 -7 -6.159 4 0 -7.22 4 -3 -4 4 -7 -4
4 16 4 -9.828 -2.828 4 -9.828 -5.73 4 -7 -6.159 4 -7 -5.65
2 24 4 -9.828 -2.828 4 -9.828 -4
4 16 4 -9.828 -5.73 4 -9.828 -4 4 -11.64 -4 4 -11.48 -5.48
2 24 3.075 -12.16 -4 4 -9.828 -4
3 16 4 -9.828 -4 3.281 -11.64 -4 4 -11.64 -4
4 16 3.48 -11.64 -4 3.281 -11.64 -4 3.075 -12.16 -4 3.48 -12.16 -4
2 24 4 -9.828 -4 4 -11.64 -4
3 16 4 -9.828 -4 4 -9.828 -2.828 3.075 -12.16 -4
4 16 3.075 -12.16 -4 4 -9.828 -2.828 3.752 -10.45 -1.446 3 -12.35 -2.26
2 24 3.752 -10.45 -1.446 4 -9.828 -2.828
4 16 3.67 -10.66 0 3 -12.35 0 3 -12.35 -2.26 3.752 -10.45 -1.446
2 24 3.752 -10.45 -1.446 3.67 -10.67 0
4 16 -4 -9.828 2.828 -3 -9.121 2.121 -3 -9.772 1.148 -3.752 -10.45 1.446
4 16 -3.752 -10.45 1.446 -3 -9.772 1.148 -3 -10 0 -3.67 -10.66 0
4 16 -3.67 -10.66 0 -3 -10 0 -3 -9.772 -1.148 -3.752 -10.45 -1.446
4 16 -3.752 -10.45 -1.446 -3 -9.772 -1.148 -3 -9.121 -2.121 -4 -9.828 -2.828
4 16 -3 -12.35 0 -3.67 -10.66 0 -3.752 -10.45 -1.446 -3 -12.35 -2.26
2 24 -3.752 -10.45 -1.446 -3.67 -10.67 0
4 16 -4 -9.828 -2.828 -3.075 -12.16 -4 -3 -12.35 -2.26 -3.752 -10.45 -1.446
2 24 -4 -9.828 -2.828 -3.752 -10.45 -1.446
3 16 -4 -9.828 -2.828 -4 -9.828 -4 -3.075 -12.16 -4
2 24 -4 -9.828 -2.828 -4 -9.828 -4
2 24 -3.075 -12.16 -4 -4 -9.828 -4
4 16 -3.281 -11.64 -4 -3.48 -11.64 -4 -3.48 -12.16 -4 -3.075 -12.16 -4
3 16 -4 -9.828 -4 -4 -11.64 -4 -3.281 -11.64 -4
2 24 -4 -9.828 -4 -4 -11.64 -4
4 16 -4 -9.828 -4 -4 -9.828 -5.73 -4 -11.48 -5.48 -4 -11.64 -4
4 16 -4 -9.828 -5.73 -4 -9.828 -2.828 -4 -7 -5.65 -4 -7 -6.159
4 16 -4 0 -7.22 -4 -7 -6.159 -4 -7 -4 -4 -3 -4
4 16 -4 -3 4 -4 0 7.22 -4 0 -7.22 -4 -3 -4
2 24 -4 0 7.22 -4 0 -7.22
4 16 -4 -7 6.159 -4 0 7.22 -4 -3 4 -4 -7 4
4 16 -4 -9.828 2.828 -4 -9.828 5.73 -4 -7 6.159 -4 -7 5.65
2 24 -4 -9.828 2.828 -4 -9.828 4
4 16 -4 -9.828 5.73 -4 -9.828 4 -4 -11.64 4 -4 -11.48 5.48
2 24 -3.075 -12.16 4 -4 -9.828 4
3 16 -4 -9.828 4 -3.281 -11.64 4 -4 -11.64 4
4 16 -3.48 -11.64 4 -3.281 -11.64 4 -3.075 -12.16 4 -3.48 -12.16 4
2 24 -4 -9.828 4 -4 -11.64 4
3 16 -4 -9.828 4 -4 -9.828 2.828 -3.075 -12.16 4
4 16 -3.075 -12.16 4 -4 -9.828 2.828 -3.752 -10.45 1.446 -3 -12.35 2.26
2 24 -3.752 -10.45 1.446 -4 -9.828 2.828
4 16 -3.67 -10.66 0 -3 -12.35 0 -3 -12.35 2.26 -3.752 -10.45 1.446
2 24 -3.752 -10.45 1.446 -3.67 -10.67 0
1 16 9 -0.25 0 0 -1 0 0 0 0.25 -0.25 0 0 2-4edge.DAT
0 BFC INVERTNEXT
1 16 9 -0.25 0 0 -5 0 0 0 0.25 -0.25 0 0 2-4cyli.DAT
1 16 4 -0.25 0 0 -1 0 0 0 0.25 -0.25 0 0 2-4edge.DAT
1 16 9 -0.25 0 0 -1 0 0 0 0.25 -0.25 0 0 2-4ndis.dat
1 16 9 -1.359 -1.133 0 -1 0 -0.176 0 -0.589 -0.883 0 0.117 2-4edge.DAT
1 16 9 -1.359 -1.133 0 -5 0 -0.176 0 -0.589 -0.883 0 0.117 2-4cyli.DAT
1 16 4 -1.359 -1.133 0 -1 0 -0.176 0 -0.589 -0.883 0 0.117 2-4edge.DAT
1 16 9 -1.359 -1.133 0 -1 0 -0.176 0 -0.589 -0.883 0 0.117 2-4disc.dat
1 16 9 -1.359 1.133 0 -1 0 -0.176 0 -0.589 0.883 0 -0.117 2-4edge.DAT
1 16 9 -1.359 1.133 0 -5 0 -0.176 0 -0.589 0.883 0 -0.117 2-4cyli.DAT
1 16 4 -1.359 1.133 0 -1 0 -0.176 0 -0.589 0.883 0 -0.117 2-4edge.DAT
1 16 9 -1.359 1.133 0 -1 0 -0.176 0 -0.589 0.883 0 -0.117 2-4disc.dat
1 16 6.5 -0.768 -2.257 2.5 0 0 0 0 0.767 0 1 -0.242 rect3.dat
1 16 6.5 -0.768 2.257 2.5 0 0 0 0 0.767 0 -1 0.242 rect3.dat
4 16 9 0 -0.25 9 -1.183 -0.25 9 -1.535 -2.016 9 0 -2.5
2 24 9 0 -2.5 9 0 2.5
4 16 9 -1.183 0.25 9 0 0.25 9 0 2.5 9 -1.535 2.016
1 16 6.5 -0.717 -0.25 0 0 2.5 0.467 0 0 0 -1 0 rect2p.dat
1 16 6.5 -0.717 0.25 0 0 2.5 0.467 0 0 0 1 0 rect2p.dat
1 16 -9 -0.25 0 0 1 0 0 0 0.25 0.25 0 0 2-4edge.DAT
0 BFC INVERTNEXT
1 16 -9 -0.25 0 0 5 0 0 0 0.25 0.25 0 0 2-4cyli.DAT
1 16 -4 -0.25 0 0 1 0 0 0 0.25 0.25 0 0 2-4edge.DAT
1 16 -9 -0.25 0 0 1 0 0 0 0.25 0.25 0 0 2-4ndis.dat
1 16 -9 -1.359 1.133 0 1 0 -0.176 0 -0.589 0.883 0 -0.117 2-4edge.DAT
1 16 -9 -1.359 1.133 0 5 0 -0.176 0 -0.589 0.883 0 -0.117 2-4cyli.DAT
1 16 -4 -1.359 1.133 0 1 0 -0.176 0 -0.589 0.883 0 -0.117 2-4edge.DAT
1 16 -9 -1.359 1.133 0 1 0 -0.176 0 -0.589 0.883 0 -0.117 2-4disc.dat
1 16 -9 -1.359 -1.133 0 1 0 -0.176 0 -0.589 -0.883 0 0.117 2-4edge.DAT
1 16 -9 -1.359 -1.133 0 5 0 -0.176 0 -0.589 -0.883 0 0.117 2-4cyli.DAT
1 16 -4 -1.359 -1.133 0 1 0 -0.176 0 -0.589 -0.883 0 0.117 2-4edge.DAT
1 16 -9 -1.359 -1.133 0 1 0 -0.176 0 -0.589 -0.883 0 0.117 2-4disc.dat
1 16 -6.5 -0.768 2.257 -2.5 0 0 0 0 0.767 0 -1 0.242 rect3.dat
1 16 -6.5 -0.768 -2.257 -2.5 0 0 0 0 0.767 0 1 -0.242 rect3.dat
4 16 -9 0 0.25 -9 -1.183 0.25 -9 -1.535 2.016 -9 0 2.5
2 24 -9 0 2.5 -9 0 -2.5
4 16 -9 -1.183 -0.25 -9 0 -0.25 -9 0 -2.5 -9 -1.535 -2.016
1 16 -6.5 -0.717 0.25 0 0 -2.5 0.467 0 0 0 1 0 rect2p.dat
1 16 -6.5 -0.717 -0.25 0 0 -2.5 0.467 0 0 0 -1 0 rect2p.dat
5 24 3 -9.772 -1.148 3.752 -10.45 -1.446 4 -9.828 -2.828 3 -10 0
5 24 3 -10 0 3.67 -10.66 0 3.752 -10.45 -1.446 3 -9.772 1.148
5 24 3 -9.772 1.148 3.752 -10.45 1.446 3.67 -10.66 0 3 -9.121 2.121
5 24 -3 -9.772 1.148 -3.752 -10.45 1.446 -4 -9.828 2.828 -3 -10 0
5 24 -3 -10 0 -3.67 -10.66 0 -3.752 -10.45 1.446 -3 -9.772 -1.148
5 24 -3 -9.772 -1.148 -3.752 -10.45 -1.446 -3.67 -10.66 0 -3 -9.121 -2.121
