0 Click Lock Hinge Single Finger for Arms
0 Name: clh3.dat
0 Author: Donald Sutter [technog]
0 !LDRAW_ORG Primitive UPDATE 2012-01
0 !LICENSE Redistributable under CCAL version 2.0 : see CAreadme.txt

0 !HELP To use rotate accordingly and place on end of arm.

0 BFC CERTIFY CCW

0 !HISTORY 2004-03-02 [PTadmin] Official Update 2004-01
0 !HISTORY 2007-06-24 [PTadmin] Header formatted for Contributor Agreement
0 !HISTORY 2008-07-01 [PTadmin] Official Update 2008-01
0 !HISTORY 2012-02-16 [Philo] Changed to CCW, fixed gaps, condlines
0 !HISTORY 2012-03-30 [PTadmin] Official Update 2012-01

1 16 0 7.1 -7.24 0 0 -3.48 1.1 -1 0 7.24 0 0 rect1.dat
1 16 3.48 7.68 0 0.52 0 0 0 0 0.52 0 1 0 1-4edge.DAT
1 16 3.48 7.68 0 0.52 0 0 0 -2.2 0.52 0 -14.48 0 1-4cyli.dat
1 16 3.48 5.48 -14.48 0.52 0 0 0 0 0.52 0 -0.52 0 1-8sphe.dat
1 16 3.48 5.48 -14.48 0 -6.96 0 0 0 0.52 -0.52 0 0 1-4cyli.dat
1 16 -3.48 5.48 -14.48 -0.52 0 0 0 0 0.52 0 -0.52 0 1-8sphe.dat
1 16 -3.48 7.68 0 -0.52 0 0 0 -2.2 0.52 0 -14.48 0 1-4cyli.dat
1 16 -3.48 7.68 0 -0.52 0 0 0 0 0.52 0 1 0 1-4edge.DAT
1 16 0 -7.1 -7.24 0 0 -3.48 -1.1 1 0 7.24 0 0 rect1.dat
1 16 3.48 -7.68 0 0.52 0 0 0 0 -0.52 0 1 0 1-4edge.DAT
1 16 3.48 -7.68 0 0.52 0 0 0 2.2 -0.52 0 -14.48 0 1-4cyli.dat
1 16 3.48 -5.48 -14.48 0.52 0 0 0 0 -0.52 0 -0.52 0 1-8sphe.dat
1 16 3.48 -5.48 -14.48 0 -6.96 0 0 0 -0.52 -0.52 0 0 1-4cyli.dat
1 16 -3.48 -5.48 -14.48 -0.52 0 0 0 0 -0.52 0 -0.52 0 1-8sphe.dat
1 16 -3.48 -7.68 0 -0.52 0 0 0 2.2 -0.52 0 -14.48 0 1-4cyli.dat
1 16 -3.48 -7.68 0 -0.52 0 0 0 0 -0.52 0 1 0 1-4edge.DAT
1 16 -2 0 -10 0 1 0 0 0 -2.25 2.25 0 0 4-4disc.dat
1 16 -2 0 -10 0 1 0 0 0 -2.25 2.25 0 0 4-4edge.dat
0 BFC INVERTNEXT
1 16 -2.25 0 -10 0 0.25 0 0 0 -2.25 2.25 0 0 4-4cyli.dat
1 16 -2.25 0 -10 0 1 0 0 0 -2.25 2.25 0 0 4-4edge.dat
0 BFC INVERTNEXT
1 16 -3 0 -10 0 0.75 0 0 0 -0.75 0.75 0 0 4-4con3.dat
0 BFC INVERTNEXT
1 16 -4 0 -10 0 1 0 0.707 0 0.707 -0.707 0 0.707 1-4con3.dat
0 BFC INVERTNEXT
1 16 -4 0 -10 0 1 0 0.707 0 -0.707 0.707 0 0.707 1-4con3.dat
0 BFC INVERTNEXT
1 16 -4 0 -10 0 1 0 -0.707 0 -0.707 0.707 0 -0.707 1-4con3.dat
1 16 -4 0 -10 0 1 0 2.828 0 2.828 -2.828 0 2.828 3-4edge.dat
1 16 -4 0 -10 0 1 0 -4 0 0 0 0 -4 1-8ndis.dat
1 16 -4 0 -10 0 1 0 4 0 0 0 0 4 2-4ndis.DAT
1 16 -4 0 -10 0 1 0 4 0 0 0 0 -4 1-8ndis.dat
1 16 2 0 -10 0 -1 0 0 0 2.25 2.25 0 0 4-4disc.dat
1 16 2 0 -10 0 -1 0 0 0 2.25 2.25 0 0 4-4edge.dat
0 BFC INVERTNEXT
1 16 2.25 0 -10 0 -0.25 0 0 0 2.25 2.25 0 0 4-4cyli.dat
1 16 2.25 0 -10 0 -1 0 0 0 2.25 2.25 0 0 4-4edge.dat
0 BFC INVERTNEXT
1 16 3 0 -10 0 -0.75 0 0 0 0.75 0.75 0 0 4-4con3.dat
0 BFC INVERTNEXT
1 16 4 0 -10 0 -1 0 -0.707 0 -0.707 -0.707 0 0.707 1-4con3.dat
0 BFC INVERTNEXT
1 16 4 0 -10 0 -1 0 -0.707 0 0.707 0.707 0 0.707 1-4con3.dat
0 BFC INVERTNEXT
1 16 4 0 -10 0 -1 0 0.707 0 0.707 0.707 0 -0.707 1-4con3.dat
1 16 4 0 -10 0 -1 0 -2.828 0 -2.828 -2.828 0 2.828 3-4edge.dat
1 16 4 0 -10 0 -1 0 4 0 0 0 0 -4 1-8ndis.dat
1 16 4 0 -10 0 -1 0 -4 0 0 0 0 4 2-4ndis.DAT
1 16 4 0 -10 0 -1 0 -4 0 0 0 0 -4 1-8ndis.dat
0 BFC INVERTNEXT
1 16 4.63 0 -13.2 -0.624 0 -1.506 2.263 0 -0.937 0 -1.63 0 3-8cyli.dat
0 BFC INVERTNEXT
1 16 4.63 0 -14.81 -1.152 0 -1.152 1.732 0 -1.732 0 -0.54 0 1-4cyli.dat
1 16 4.63 0 -15.35 -1.152 0 -1.152 1.732 0 -1.732 0 -0.6 0 1-4edge.DAT
1 16 4.63 0 -15.35 -1.152 0 -1.152 1.732 0 -1.732 0 1 0 1-4ndis.dat
1 16 3.48 -5.48 -14.48 0.52 0 0 0 3.23 0 0 -0.35 -0.52 1-4cyli.dat
1 16 3.48 -2.26 -14.83 0.52 0 0 0 0.525 0 0 0 -0.52 1-4cyls.dat
1 16 3.48 -1.73 -14.83 0.52 0 0 -0.525 1 0 0 0 -0.52 1-4edge.DAT
1 16 3.48 -1.73 -14.83 0.52 0 0 -0.525 -1 0 0 0 -0.52 1-4disc.dat
1 16 3.48 5.48 -14.48 0.52 0 0 0 -3.23 0 0 -0.35 -0.52 1-4cyli.dat
1 16 3.48 2.26 -14.83 0.52 0 0 0 -0.525 0 0 0 -0.52 1-4cyls.dat
1 16 3.48 1.73 -14.83 0.52 0 0 0.525 -1 0 0 0 -0.52 1-4edge.DAT
1 16 3.48 1.73 -14.83 0.52 0 0 0.525 1 0 0 0 -0.52 1-4disc.dat
0 BFC INVERTNEXT
1 16 -4.63 0 -13.2 0.624 0 1.506 -2.263 0 0.937 0 -1.63 0 3-8cyli.dat
0 BFC INVERTNEXT
1 16 -4.63 0 -14.81 1.152 0 1.152 -1.732 0 1.732 0 -0.54 0 1-4cyli.dat
1 16 -4.63 0 -15.35 1.152 0 1.152 -1.732 0 1.732 0 -0.6 0 1-4edge.DAT
1 16 -4.63 0 -15.35 1.152 0 1.152 -1.732 0 1.732 0 1 0 1-4ndis.dat
1 16 -3.48 5.48 -14.48 -0.52 0 0 0 -3.23 0 0 -0.35 -0.52 1-4cyli.dat
1 16 -3.48 2.26 -14.829 -0.52 0 0 0 -0.53 0 0 0 -0.52 1-4cyls.dat
1 16 -3.48 1.73 -14.83 -0.52 0 0 0.53 -1 0 0 0 -0.52 1-4edge.DAT
1 16 -3.48 1.73 -14.83 -0.52 0 0 0.53 1 0 0 0 -0.52 1-4disc.dat
1 16 -3.48 -5.48 -14.48 -0.52 0 0 0 3.23 0 0 -0.35 -0.52 1-4cyli.dat
1 16 -3.48 -2.26 -14.829 -0.52 0 0 0 0.53 0 0 0 -0.52 1-4cyls.dat
1 16 -3.48 -1.73 -14.83 -0.52 0 0 -0.53 1 0 0 0 -0.52 1-4edge.DAT
1 16 -3.48 -1.73 -14.83 -0.52 0 0 -0.53 -1 0 0 0 -0.52 1-4disc.dat
4 16 -3.48 -5.48 -15 -3.48 -2.26 -15.349 3.48 -2.26 -15.35 3.48 -5.48 -15
4 16 -3.48 -2.26 -15.349 -3.48 -1.73 -15.349 3.48 -1.73 -15.35 3.48 -2.26 -15.35
4 16 -3.48 -1.73 -15.349 -2.326 0 -15.35 2.326 0 -15.35 3.48 -1.73 -15.35
4 16 3.48 5.48 -15 3.48 2.26 -15.35 -3.48 2.26 -15.349 -3.48 5.48 -15
4 16 3.48 2.26 -15.35 3.48 1.73 -15.35 -3.48 1.73 -15.349 -3.48 2.26 -15.349
4 16 3.48 1.73 -15.35 2.326 0 -15.35 -2.326 0 -15.35 -3.48 1.73 -15.349
5 24 3.48 -2.26 -15.35 -3.48 -2.26 -15.349 0 0 -15.35 0 -5.48 -15
5 24 -3.48 2.26 -15.349 3.48 2.26 -15.35 0 0 -15.35 0 5.48 -15
4 16 4 -2.828 -12.828 4 -4 -14 4 -2.26 -14.83 4.006 -2.263 -13.2
3 16 4 -4 -14 4 -5.48 -14.48 4 -2.26 -14.83
4 16 4 -7.68 0 4 -5.48 -14.48 4 -4 -14 4 -4 -6
4 16 4 4 -6 4 7.68 0 4 -7.68 0 4 -4 -6
2 24 4 7.68 0 4 -7.68 0
4 16 4 5.48 -14.48 4 7.68 0 4 4 -6 4 4 -14
3 16 4 5.48 -14.48 4 4 -14 4 2.26 -14.83
4 16 4 4 -14 4 2.828 -12.828 4.006 2.263 -13.2 4 2.26 -14.83
3 16 3.477 -1.732 -13.2 3.477 -1.73 -12.934 4.006 -2.263 -13.2
4 16 3.26 -1.245 -13.2 3.26 -1.245 -13.005 3.477 -1.73 -12.934 3.477 -1.732 -13.2
4 16 3.26 -1.245 -13.005 3.26 -1.245 -13.2 3.124 -0.937 -13.2 3.124 -0.937 -12.93
4 16 3 0 -13.2 3 0 -13 3.124 -0.937 -12.93 3.124 -0.937 -13.2
4 16 3 0 -13 3 0 -13.2 3.124 0.938 -13.2 3.124 0.937 -12.93
4 16 3.26 1.245 -13.2 3.26 1.245 -13.005 3.124 0.937 -12.93 3.124 0.938 -13.2
4 16 3.26 1.245 -13.005 3.26 1.245 -13.2 3.477 1.732 -13.2 3.477 1.73 -12.934
3 16 3.477 1.73 -12.934 3.477 1.732 -13.2 4.006 2.263 -13.2
4 16 3.477 -1.73 -12.934 3 -2.121 -12.121 4 -2.828 -12.828 4.006 -2.263 -13.2
4 16 3 -2.121 -12.121 3.477 -1.73 -12.934 3.26 -1.245 -13.005 3 -1.148 -12.772
3 16 3.26 -1.245 -13.005 3.124 -0.937 -12.93 3 -1.148 -12.772
3 16 3.124 -0.937 -12.93 3 0 -13 3 -1.148 -12.772
3 16 3.124 0.937 -12.93 3 1.148 -12.772 3 0 -13
3 16 3.124 0.937 -12.93 3.26 1.245 -13.005 3 1.148 -12.772
4 16 3.477 1.73 -12.934 3 2.121 -12.121 3 1.148 -12.772 3.26 1.245 -13.005
4 16 3 2.121 -12.121 3.477 1.73 -12.934 4.006 2.263 -13.2 4 2.828 -12.828
2 24 4 2.26 -14.83 4.006 2.263 -13.2
2 24 4 2.828 -12.828 4.006 2.263 -13.2
2 24 3.477 1.73 -12.934 4.006 2.263 -13.2
2 24 3.477 1.73 -12.934 3.26 1.245 -13.005
2 24 3.124 0.937 -12.93 3.26 1.245 -13.005
2 24 3.124 0.937 -12.93 3 0 -13
2 24 3.124 -0.937 -12.93 3 0 -13
2 24 3.124 -0.937 -12.93 3.26 -1.245 -13.005
2 24 3.477 -1.73 -12.934 3.26 -1.245 -13.005
2 24 3.477 -1.73 -12.934 4.006 -2.263 -13.2
2 24 4 -2.828 -12.828 4.006 -2.263 -13.2
2 24 4 -2.26 -14.83 4.006 -2.263 -13.2
4 16 -4 2.828 -12.828 -4 4 -14 -4 2.26 -14.829 -4.006 2.263 -13.2
3 16 -4 4 -14 -4 5.48 -14.48 -4 2.26 -14.829
4 16 -4 7.68 0 -4 5.48 -14.48 -4 4 -14 -4 4 -6
4 16 -4 -4 -6 -4 -7.68 0 -4 7.68 0 -4 4 -6
2 24 -4 -7.68 0 -4 7.68 0
4 16 -4 -5.48 -14.48 -4 -7.68 0 -4 -4 -6 -4 -4 -14
3 16 -4 -5.48 -14.48 -4 -4 -14 -4 -2.26 -14.829
4 16 -4 -4 -14 -4 -2.828 -12.828 -4.006 -2.263 -13.2 -4 -2.26 -14.829
3 16 -3.477 1.732 -13.2 -3.477 1.73 -12.934 -4.006 2.263 -13.2
4 16 -3.26 1.245 -13.2 -3.26 1.245 -13.005 -3.477 1.73 -12.934 -3.477 1.732 -13.2
4 16 -3.26 1.245 -13.005 -3.26 1.245 -13.2 -3.124 0.937 -13.2 -3.124 0.937 -12.93
4 16 -3 0 -13.2 -3 0 -13 -3.124 0.937 -12.93 -3.124 0.937 -13.2
4 16 -3 0 -13 -3 0 -13.2 -3.124 -0.938 -13.2 -3.124 -0.937 -12.93
4 16 -3.26 -1.245 -13.2 -3.26 -1.245 -13.005 -3.124 -0.937 -12.93 -3.124 -0.938 -13.2
4 16 -3.26 -1.245 -13.005 -3.26 -1.245 -13.2 -3.477 -1.732 -13.2 -3.477 -1.73 -12.934
3 16 -3.477 -1.73 -12.934 -3.477 -1.732 -13.2 -4.006 -2.263 -13.2
4 16 -3.477 1.73 -12.934 -3 2.121 -12.121 -4 2.828 -12.828 -4.006 2.263 -13.2
4 16 -3 2.121 -12.121 -3.477 1.73 -12.934 -3.26 1.245 -13.005 -3 1.148 -12.772
3 16 -3.26 1.245 -13.005 -3.124 0.937 -12.93 -3 1.148 -12.772
3 16 -3.124 0.937 -12.93 -3 0 -13 -3 1.148 -12.772
3 16 -3.124 -0.937 -12.93 -3 -1.148 -12.772 -3 0 -13
3 16 -3.124 -0.937 -12.93 -3.26 -1.245 -13.005 -3 -1.148 -12.772
4 16 -3.477 -1.73 -12.934 -3 -2.121 -12.121 -3 -1.148 -12.772 -3.26 -1.245 -13.005
4 16 -3 -2.121 -12.121 -3.477 -1.73 -12.934 -4.006 -2.263 -13.2 -4 -2.828 -12.828
2 24 -4 -2.26 -14.829 -4.006 -2.263 -13.2
2 24 -4 -2.828 -12.828 -4.006 -2.263 -13.2
2 24 -3.477 -1.73 -12.934 -4.006 -2.263 -13.2
2 24 -3.477 -1.73 -12.934 -3.26 -1.245 -13.005
2 24 -3.124 -0.937 -12.93 -3.26 -1.245 -13.005
2 24 -3.124 -0.937 -12.93 -3 0 -13
2 24 -3.124 0.937 -12.93 -3 0 -13
2 24 -3.124 0.937 -12.93 -3.26 1.245 -13.005
2 24 -3.477 1.73 -12.934 -3.26 1.245 -13.005
2 24 -3.477 1.73 -12.934 -4.006 2.263 -13.2
2 24 -4 2.828 -12.828 -4.006 2.263 -13.2
2 24 -4 2.26 -14.829 -4.006 2.263 -13.2
1 16 9 0 -3.15 -0.05 -1 0 0.25 0.2 0 0 0 0.25 1-4edge.DAT
1 16 9 0 -3.15 -0.05 -1 0 -0.25 0.2 0 0 0 0.25 1-4edge.DAT
0 BFC INVERTNEXT
1 16 8.95 0 -3.15 0 -4.95 0 0.25 0 0 0 0 0.25 2-4cyli.DAT
0 BFC INVERTNEXT
1 16 8.95 0 -3.15 0 0.05 0 0.25 0 0 0 0 0.25 1-4cyls.dat
0 BFC INVERTNEXT
1 16 8.95 0 -3.15 0 0.05 0 -0.25 0 0 0 0 0.25 1-4cyls.dat
0 BFC INVERTNEXT
1 16 -8.95 0 -3.15 0 -0.05 0 0.25 0 0 0 0 0.25 1-4cyls.dat
0 BFC INVERTNEXT
1 16 -8.95 0 -3.15 0 -0.05 0 -0.25 0 0 0 0 0.25 1-4cyls.dat
1 16 4 0 -3.15 0 -1 0 0.25 0 0 0 0 0.25 2-4edge.DAT
1 16 9 0 -3.15 -0.05 -1 0 0.25 0.2 0 0 0 0.25 1-4ndis.dat
1 16 9 0 -3.15 -0.05 -1 0 -0.25 0.2 0 0 0 0.25 1-4ndis.dat
1 16 8.774 1.133 -4.359 -0.176 -4.6 0 0.883 0 -0.117 -0.176 0 -0.589 2-4cyli.DAT
1 16 4 1.133 -4.359 0 0.176 0 0.883 0 -0.117 -0.176 0 -0.589 2-4cyls.dat
1 16 4 1.133 -4.359 0 -1 0 0.883 0 -0.117 -0.176 0 -0.589 2-4edge.DAT
1 16 8.774 -1.133 -4.359 -0.176 -4.6 0 -0.883 0 0.117 -0.176 0 -0.589 2-4cyli.DAT
1 16 8.774 -1.133 -4.359 -0.176 -1 0 -0.883 0 0.117 -0.176 0 -0.589 2-4edge.DAT
1 16 8.774 -1.133 -4.359 -0.176 -1 0 -0.883 0 0.117 -0.176 0 -0.589 2-4DISC.DAT
1 16 8.774 1.133 -4.359 -0.176 -1 0 0.883 0 -0.117 -0.176 0 -0.589 2-4edge.DAT
1 16 8.774 1.133 -4.359 -0.176 -1 0 0.883 0 -0.117 -0.176 0 -0.589 2-4DISC.DAT
1 16 -8.774 -1.133 -4.359 0.176 1 0 -0.883 0 0.117 -0.176 0 -0.589 2-4edge.DAT
1 16 -8.774 -1.133 -4.359 0.176 1 0 -0.883 0 0.117 -0.176 0 -0.589 2-4DISC.DAT
1 16 -8.774 1.133 -4.359 0.176 1 0 0.883 0 -0.117 -0.176 0 -0.589 2-4edge.DAT
1 16 -8.774 1.133 -4.359 0.176 1 0 0.883 0 -0.117 -0.176 0 -0.589 2-4DISC.DAT
1 16 4 -1.133 -4.359 0 0.176 0 -0.883 0 0.117 -0.176 0 -0.589 2-4cyls.dat
1 16 4 -1.133 -4.359 0 -1 0 -0.883 0 0.117 -0.176 0 -0.589 2-4edge.DAT
4 16 8.95 0.25 -2.9 8.95 0.25 -4.183 8.598 2.016 -4.535 8.315 3.444 0
2 24 8.315 3.444 0 8.598 2.016 -4.535
4 16 8.95 -0.25 -4.183 8.95 -0.25 -2.9 8.315 -3.444 0 8.598 -2.016 -4.535
2 24 8.315 -3.444 0 8.598 -2.016 -4.535
4 16 9 0 -2.9 9 0 0 8.315 -3.444 0 8.95 -0.25 -2.9
5 24 9 0 0 9 0 -2.9 8.315 3.444 0 8.315 -3.444 0
4 16 8.95 0.25 -2.9 8.315 3.444 0 9 0 0 9 0 -2.9
1 16 6.475 0.25 -3.667 0 0 2.475 0 1 0 0.517 0 0 rect2p.dat
1 16 6.475 -0.25 -3.667 0 0 2.475 0 -1 0 0.517 0 0 rect2p.dat
1 16 -9 0 -3.15 0.05 1 0 -0.25 -0.2 0 0 0 0.25 1-4edge.DAT
1 16 -9 0 -3.15 0.05 1 0 0.25 -0.2 0 0 0 0.25 1-4edge.DAT
0 BFC INVERTNEXT
1 16 -8.95 0 -3.15 0 4.95 0 -0.25 0 0 0 0 0.25 2-4cyli.DAT
1 16 -4 0 -3.15 0 1 0 -0.25 0 0 0 0 0.25 2-4edge.DAT
1 16 -9 0 -3.15 0.05 1 0 -0.25 -0.2 0 0 0 0.25 1-4ndis.dat
1 16 -9 0 -3.15 0.05 1 0 0.25 -0.2 0 0 0 0.25 1-4ndis.dat
1 16 -8.774 -1.133 -4.359 0.176 4.6 0 -0.883 0 0.117 -0.176 0 -0.589 2-4cyli.DAT
1 16 -4 -1.133 -4.359 0 -0.176 0 -0.883 0 0.117 -0.176 0 -0.589 2-4cyls.dat
1 16 -4 -1.133 -4.359 0 1 0 -0.883 0 0.117 -0.176 0 -0.589 2-4edge.DAT
1 16 -8.774 1.133 -4.359 0.176 4.6 0 0.883 0 -0.117 -0.176 0 -0.589 2-4cyli.DAT
1 16 -4 1.133 -4.359 0 -0.176 0 0.883 0 -0.117 -0.176 0 -0.589 2-4cyls.dat
1 16 -4 1.133 -4.359 0 1 0 0.883 0 -0.117 -0.176 0 -0.589 2-4edge.DAT
4 16 -8.95 -0.25 -2.9 -8.95 -0.25 -4.183 -8.598 -2.016 -4.535 -8.315 -3.444 0
2 24 -8.315 -3.444 0 -8.598 -2.016 -4.535
4 16 -8.95 0.25 -4.183 -8.95 0.25 -2.9 -8.315 3.444 0 -8.598 2.016 -4.535
2 24 -8.315 3.444 0 -8.598 2.016 -4.535
4 16 -9 0 -2.9 -9 0 0 -8.315 3.444 0 -8.95 0.25 -2.9
5 24 -9 0 0 -9 0 -2.9 -8.315 -3.444 0 -8.315 3.444 0
4 16 -8.95 -0.25 -2.9 -8.315 -3.444 0 -9 0 0 -9 0 -2.9
1 16 -6.475 -0.25 -3.667 0 0 -2.475 0 -1 0 0.517 0 0 rect2p.dat
1 16 -6.475 0.25 -3.667 0 0 -2.475 0 1 0 0.517 0 0 rect2p.dat
2 24 4 3.444 -0.001 8.315 3.444 0
2 24 4 2.016 -4.535 4 3.444 -0.001
4 16 8.315 3.444 0 8.598 2.016 -4.535 4 2.016 -4.535 4 3.444 -0.001
2 24 4 -3.444 -0.001 8.315 -3.444 0
2 24 4 -2.016 -4.535 4 -3.444 -0.001
4 16 4 -3.444 -0.001 4 -2.016 -4.535 8.598 -2.016 -4.535 8.315 -3.444 0
2 24 -4 3.444 -0.001 -8.315 3.444 0
2 24 -4 2.016 -4.535 -4 3.444 -0.001
4 16 -4 3.444 -0.001 -4 2.016 -4.535 -8.598 2.016 -4.535 -8.315 3.444 0
2 24 -4 -3.444 -0.001 -8.315 -3.444 0
2 24 -4 -2.016 -4.535 -4 -3.444 -0.001
4 16 -8.315 -3.444 0 -8.598 -2.016 -4.535 -4 -2.016 -4.535 -4 -3.444 -0.001
5 24 3.477 -1.732 -13.2 3.477 -1.73 -12.934 4.006 -2.263 -13.2 3.26 -1.245 -13.2
5 24 3.26 -1.245 -13.2 3.26 -1.245 -13.005 3.477 -1.73 -12.934 3.124 -0.937 -13.2
5 24 3.124 -0.937 -13.2 3.124 -0.937 -12.93 3.26 -1.245 -13.005 3 0 -13.2
5 24 3 0 -13.2 3 0 -13 3.124 -0.937 -12.93 3.124 0.938 -13.2
5 24 3.124 0.938 -13.2 3.124 0.937 -12.93 3 0 -13 3.26 1.245 -13.2
5 24 3.26 1.245 -13.2 3.26 1.245 -13.005 3.124 0.937 -12.93 3.477 1.732 -13.2
5 24 3.477 1.732 -13.2 3.477 1.73 -12.934 3.26 1.245 -13.005 4.006 2.263 -13.2
5 24 3.477 -1.73 -12.934 3 -2.121 -12.121 4 -2.828 -12.828 3.26 -1.245 -13.005
5 24 3.26 -1.245 -13.005 3 -1.148 -12.772 3 -2.121 -12.121 3.124 -0.937 -12.93
5 24 3.124 -0.937 -12.93 3 -1.148 -12.772 3.26 -1.245 -13.005 3 0 -13
5 24 3.124 0.937 -12.93 3 1.148 -12.772 3 0 -13 3.26 1.245 -13.005
5 24 3.26 1.245 -13.005 3 1.148 -12.772 3.124 0.937 -12.93 3.477 1.73 -12.934
5 24 3.477 1.73 -12.934 3 2.121 -12.121 3 1.148 -12.772 4.006 2.263 -13.2
5 24 -3.477 1.732 -13.2 -3.477 1.73 -12.934 -4.006 2.263 -13.2 -3.26 1.245 -13.2
5 24 -3.26 1.245 -13.2 -3.26 1.245 -13.005 -3.477 1.73 -12.934 -3.124 0.937 -13.2
5 24 -3.124 0.937 -13.2 -3.124 0.937 -12.93 -3.26 1.245 -13.005 -3 0 -13.2
5 24 -3 0 -13.2 -3 0 -13 -3.124 0.937 -12.93 -3.124 -0.938 -13.2
5 24 -3.124 -0.938 -13.2 -3.124 -0.937 -12.93 -3 0 -13 -3.26 -1.245 -13.2
5 24 -3.26 -1.245 -13.2 -3.26 -1.245 -13.005 -3.124 -0.937 -12.93 -3.477 -1.732 -13.2
5 24 -3.477 -1.732 -13.2 -3.477 -1.73 -12.934 -3.26 -1.245 -13.005 -4.006 -2.263 -13.2
5 24 -3.477 1.73 -12.934 -3 2.121 -12.121 -4 2.828 -12.828 -3.26 1.245 -13.005
5 24 -3.26 1.245 -13.005 -3 1.148 -12.772 -3 2.121 -12.121 -3.124 0.937 -12.93
5 24 -3.124 0.937 -12.93 -3 1.148 -12.772 -3.26 1.245 -13.005 -3 0 -13
5 24 -3.124 -0.937 -12.93 -3 -1.148 -12.772 -3 0 -13 -3.26 -1.245 -13.005
5 24 -3.26 -1.245 -13.005 -3 -1.148 -12.772 -3.124 -0.937 -12.93 -3.477 -1.73 -12.934
5 24 -3.477 -1.73 -12.934 -3 -2.121 -12.121 -3 -1.148 -12.772 -4.006 -2.263 -13.2
