0 Click Lock Hinge Single Finger for Plate Top with Groove
0 Name: clh9.dat
0 Author: Guy Vivan [guyvivan]
0 !LDRAW_ORG Primitive UPDATE 2009-02
0 !LICENSE Redistributable under CCAL version 2.0 : see CAreadme.txt

0 !HELP To use place 1 Ldu below top surface centered on stud location
0 BFC CERTIFY CCW

0 !HISTORY 2009-09-03 [PTadmin] Official Update 2009-02

1 16 0 -6.24 -6.794 0 0 -3.48 5.24 0 0 -0.794 1 0 rect1.dat
1 16 0 -6.24 6.794 0 0 3.48 5.24 0 0 0.794 -1 0 rect1.dat
1 16 3.48 -1 -7.068 0.52 0 0 0 1 0 0 0 -0.52 1-4edge.dat
1 16 3.48 -1 -7.068 0.52 0 0 0 -10.48 0 0 1.588 -0.52 1-4cyli.dat
1 16 3.48 -11.481 -5.48 0.52 0 0 0 -0.52 0 0 0 -0.52 1-8sphe.dat
1 16 3.48 -11.481 -5.48 0 -6.96 0 -0.52 0 0 0 0 -0.52 1-4cyli.dat
1 16 -3.48 -11.481 -5.48 -0.52 0 0 0 -0.52 0 0 0 -0.52 1-8sphe.dat
1 16 -3.48 -1 -7.068 -0.52 0 0 0 -10.48 0 0 1.588 -0.52 1-4cyli.dat
1 16 -3.48 -1 -7.068 -0.52 0 0 0 1 0 0 0 -0.52 1-4edge.dat
1 16 3.48 -1 7.068 0.52 0 0 0 1 0 0 0 0.52 1-4edge.dat
1 16 3.48 -1 7.068 0.52 0 0 0 -10.48 0 0 -1.588 0.52 1-4cyli.dat
1 16 3.48 -11.481 5.48 0.52 0 0 0 -0.52 0 0 0 0.52 1-8sphe.dat
1 16 3.48 -11.481 5.48 0 -6.96 0 -0.52 0 0 0 0 0.52 1-4cyli.dat
1 16 -3.48 -11.481 5.48 -0.52 0 0 0 -0.52 0 0 0 0.52 1-8sphe.dat
1 16 -3.48 -1 7.068 -0.52 0 0 0 -10.48 0 0 -1.588 0.52 1-4cyli.dat
1 16 -3.48 -1 7.068 -0.52 0 0 0 1 0 0 0 0.52 1-4edge.dat
1 16 -2 -7 0 0 1 0 2.25 0 0 0 0 2.25 4-4disc.dat
1 16 -2 -7 0 0 1 0 2.25 0 0 0 0 2.25 4-4edge.dat
0 BFC INVERTNEXT
1 16 -2.25 -7 0 0 0.25 0 2.25 0 0 0 0 2.25 4-4cyli.dat
1 16 -2.25 -7 0 0 1 0 2.25 0 0 0 0 2.25 4-4edge.dat
0 BFC INVERTNEXT
1 16 -3 -7 0 0 0.75 0 0.75 0 0 0 0 0.75 4-4con3.dat
0 BFC INVERTNEXT
1 16 -4 -7 0 0 1 0 -0.707 0 0.707 -0.707 0 -0.707 1-4con3.dat
0 BFC INVERTNEXT
1 16 -4 -7 0 0 1 0 0.707 0 0.707 -0.707 0 0.707 1-4con3.dat
0 BFC INVERTNEXT
1 16 -4 -7 0 0 1 0 0.707 0 -0.707 0.707 0 0.707 1-4con3.dat
1 16 -4 -7 0 0 1 0 -2.828 0 2.828 -2.828 0 -2.828 3-4edge.dat
1 16 -4 -7 0 0 1 0 -2.82843 0 2.82843 -2.82843 0 -2.82843 1-8ndis.DAT
1 16 -4 -7 0 0 1 0 0 0 4 -4 0 0 2-4ndis.dat
1 16 -4 -7 0 0 1 0 -2.82843 0 2.82843 2.82843 0 2.82843 1-8ndis.DAT
1 16 2 -7 0 0 -1 0 2.25 0 0 0 0 -2.25 4-4disc.dat
1 16 2 -7 0 0 -1 0 2.25 0 0 0 0 -2.25 4-4edge.dat
0 BFC INVERTNEXT
1 16 2.25 -7 0 0 -0.25 0 2.25 0 0 0 0 -2.25 4-4cyli.dat
1 16 2.25 -7 0 0 -1 0 2.25 0 0 0 0 -2.25 4-4edge.dat
0 BFC INVERTNEXT
1 16 3 -7 0 0 -0.75 0 0.75 0 0 0 0 -0.75 4-4con3.dat
0 BFC INVERTNEXT
1 16 4 -7 0 0 -1 0 -0.707 0 0.707 0.707 0 0.707 1-4con3.dat
0 BFC INVERTNEXT
1 16 4 -7 0 0 -1 0 0.707 0 0.707 0.707 0 -0.707 1-4con3.dat
0 BFC INVERTNEXT
1 16 4 -7 0 0 -1 0 0.707 0 -0.707 -0.707 0 -0.707 1-4con3.dat
1 16 4 -7 0 0 -1 0 -2.828 0 2.828 2.828 0 2.828 3-4edge.dat
1 16 4 -7 0 0 -1 0 -2.82843 0 2.82843 -2.82843 0 -2.82843 1-8ndis.DAT
1 16 4 -7 0 0 -1 0 0 0 4 4 0 0 2-4ndis.dat
1 16 4 -7 0 0 -1 0 -2.82843 0 2.82843 2.82843 0 2.82843 1-8ndis.DAT
1 16 3.48 -11.481 5.48 0.52 0 0 0 -0.16 -0.52 0 -1.48 0 1-4cyli.dat
1 16 3.48 -11.64 4 0.52 0 0 0 0 -0.52 0 -1 0 1-4edge.dat
1 16 3.48 -11.64 4 0.52 0 0 0 0 -0.52 0 1 0 1-4chrd.dat
1 16 3.48 -11.481 -5.48 0.52 0 0 0 -0.16 -0.52 0 1.48 0 1-4cyli.dat
1 16 3.48 -11.64 -4 0.52 0 0 0 0 -0.52 0 -1 0 1-4edge.dat
1 16 3.48 -11.64 -4 0.52 0 0 0 0 -0.52 0 -1 0 1-4chrd.dat
1 16 -3.48 -11.481 -5.48 -0.52 0 0 0 -0.16 -0.52 0 1.48 0 1-4cyli.dat
1 16 -3.48 -11.64 -4 -0.52 0 0 0 0 -0.52 0 -1 0 1-4edge.dat
1 16 -3.48 -11.481 5.48 -0.52 0 0 0 -0.16 -0.52 0 -1.48 0 1-4cyli.dat
1 16 -3.48 -11.64 4 -0.52 0 0 0 0 -0.52 0 -1 0 1-4edge.dat
4 16 -3.48 -12 5.48 -3.48 -12.16 4 3.48 -12.16 4 3.48 -12 5.48
2 24 3.48 -12.16 4 3.075 -12.16 4
2 24 -3.48 -12.16 4 -3.075 -12.16 4
4 16 -3.075 -12.16 4 -3 -12.35 2.26 3 -12.35 2.26 3.075 -12.16 4
2 24 3.075 -12.16 4 3 -12.35 2.26
5 24 3 -12.35 2.26 -3 -12.35 2.26 0 -12.35 -2.26 0 -12 4
2 24 -3.075 -12.16 4 -3 -12.35 2.26
4 16 -3 -12.35 2.26 -3 -12.35 -2.26 3 -12.35 -2.26 3 -12.35 2.26
2 24 3 -12.35 -2.26 3 -12.35 2.26
5 24 -3 -12.35 -2.26 3 -12.35 -2.26 0 -12.35 2.26 0 -12 -4
2 24 -3 -12.35 -2.26 -3 -12.35 2.26
4 16 3.075 -12.16 -4 3 -12.35 -2.26 -3 -12.35 -2.26 -3.075 -12.16 -4
2 24 3.075 -12.16 -4 3 -12.35 -2.26
2 24 -3.075 -12.16 -4 -3 -12.35 -2.26
4 16 3.48 -12 -5.48 3.48 -12.16 -4 -3.48 -12.16 -4 -3.48 -12 -5.48
2 24 3.48 -12.16 -4 3.075 -12.16 -4
2 24 -3.48 -12.16 -4 -3.075 -12.16 -4
4 16 4 -9.828 -2.828 3 -9.121 -2.121 3 -9.772 -1.148 3.752 -10.45 -1.446
5 24 3.752 -10.45 -1.446 3 -9.772 -1.148 4 -9.828 -2.828 3 -10 0
5 24 3.752 -10.45 1.446 3 -9.772 1.148 4 -9.828 2.828 3 -10 0
5 24 -3.752 -10.45 1.446 -3 -9.772 1.148 -4 -9.828 2.828 -3 -10 0
5 24 -3.752 -10.45 -1.446 -3 -9.772 -1.148 -4 -9.828 -2.828 -3 -10 0
4 16 3.752 -10.45 -1.446 3 -9.772 -1.148 3 -10 0 3.67 -10.66 0
5 24 3.67 -10.66 0 3 -10 0 3.752 -10.45 -1.446 3.752 -10.52 1.446
5 24 -3.67 -10.66 0 -3 -10 0 -3.752 -10.45 1.446 -3.752 -10.52 -1.446
4 16 3.67 -10.66 0 3 -10 0 3 -9.772 1.148 3.752 -10.45 1.446
4 16 3.752 -10.45 1.446 3 -9.772 1.148 3 -9.121 2.121 4 -9.828 2.828
4 16 3 -12.35 0 3.67 -10.66 0 3.752 -10.45 1.446 3 -12.35 2.26
2 24 3.752 -10.45 1.446 3.67 -10.67 0
4 16 4 -9.828 2.828 3.075 -12.16 4 3 -12.35 2.26 3.752 -10.45 1.446
2 24 4 -9.828 2.828 3.752 -10.45 1.446
3 16 4 -9.828 2.828 4 -9.828 4 3.075 -12.16 4
2 24 4 -9.828 2.828 4 -9.828 4
2 24 3.075 -12.16 4 4 -9.828 4
2 24 4 -9.828 4 4 -11.64 4
4 16 4 -9.828 4 4 -9.828 5.73 4 -11.48 5.48 4 -11.64 4
4 16 4 -9.828 5.73 4 -9.828 2.828 4 -7 5.65 4 -7 6.159
4 16 4 -1 7.068 4 -7 6.159 4 -7 4 4 -3 4
4 16 4 -3 -4 4 -1 -7.068 4 -1 7.068 4 -3 4
4 16 4 -7 -6.159 4 -1 -7.068 4 -3 -4 4 -7 -4
4 16 4 -9.828 -2.828 4 -9.828 -5.73 4 -7 -6.159 4 -7 -5.65
2 24 4 -9.828 -2.828 4 -9.828 -4
4 16 4 -9.828 -5.73 4 -9.828 -4 4 -11.64 -4 4 -11.48 -5.48
2 24 3.075 -12.16 -4 4 -9.828 -4
4 16 4 -11.64 -4 4 -9.828 -4 3.075 -12.16 -4 3.48 -12.16 -4
4 16 3.48 -12.16 4 3.075 -12.16 4 4 -9.828 4 4 -11.64 4
1 16 -3.48 -11.64 -4 -0.52 0 0 0 0 -0.52 0 -1 0 1-4chrd.dat
1 16 -3.48 -11.64 4 -0.52 0 0 0 0 -0.52 0 1 0 1-4chrd.dat
4 16 -4 -11.64 4 -4 -9.828 4 -3.075 -12.16 4 -3.48 -12.16 4
4 16 -3.48 -12.16 -4 -3.075 -12.16 -4 -4 -9.828 -4 -4 -11.64 -4
2 24 4 -9.828 -4 4 -11.64 -4
3 16 3.075 -12.16 -4 4 -9.828 -4 4 -9.828 -2.828
4 16 3.752 -10.45 -1.446 3 -12.35 -2.26 3.075 -12.16 -4 4 -9.828 -2.828
2 24 3.752 -10.45 -1.446 4 -9.828 -2.828
4 16 3 -12.35 -2.26 3.752 -10.45 -1.446 3.67 -10.66 0 3 -12.35 0
2 24 3.752 -10.45 -1.446 3.67 -10.67 0
4 16 -3 -9.772 1.148 -3.752 -10.45 1.446 -4 -9.828 2.828 -3 -9.121 2.121
4 16 -3.752 -10.45 1.446 -3 -9.772 1.148 -3 -10 0 -3.67 -10.66 0
4 16 -3.67 -10.66 0 -3 -10 0 -3 -9.772 -1.148 -3.752 -10.45 -1.446
4 16 -3.752 -10.45 -1.446 -3 -9.772 -1.148 -3 -9.121 -2.121 -4 -9.828 -2.828
4 16 -3 -12.35 0 -3.67 -10.66 0 -3.752 -10.45 -1.446 -3 -12.35 -2.26
2 24 -3.752 -10.45 -1.446 -3.67 -10.67 0
4 16 -4 -9.828 -2.828 -3.075 -12.16 -4 -3 -12.35 -2.26 -3.752 -10.45 -1.446
2 24 -4 -9.828 -2.828 -3.752 -10.45 -1.446
3 16 -4 -9.828 -2.828 -4 -9.828 -4 -3.075 -12.16 -4
2 24 -4 -9.828 -2.828 -4 -9.828 -4
2 24 -3.075 -12.16 -4 -4 -9.828 -4
2 24 -4 -9.828 -4 -4 -11.64 -4
4 16 -4 -9.828 -4 -4 -9.828 -5.73 -4 -11.48 -5.48 -4 -11.64 -4
4 16 -4 -9.828 -5.73 -4 -9.828 -2.828 -4 -7 -5.65 -4 -7 -6.159
4 16 -4 -1 -7.068 -4 -7 -6.159 -4 -7 -4 -4 -3 -4
4 16 -4 -3 4 -4 -1 7.068 -4 -1 -7.068 -4 -3 -4
4 16 -4 -7 6.159 -4 -1 7.068 -4 -3 4 -4 -7 4
4 16 -4 -9.828 2.828 -4 -9.828 5.73 -4 -7 6.159 -4 -7 5.65
2 24 -4 -9.828 2.828 -4 -9.828 4
4 16 -4 -9.828 5.73 -4 -9.828 4 -4 -11.64 4 -4 -11.48 5.48
2 24 -3.075 -12.16 4 -4 -9.828 4
2 24 -4 -9.828 4 -4 -11.64 4
3 16 -4 -9.828 4 -4 -9.828 2.828 -3.075 -12.16 4
4 16 -3.075 -12.16 4 -4 -9.828 2.828 -3.752 -10.45 1.446 -3 -12.35 2.26
2 24 -3.752 -10.45 1.446 -4 -9.828 2.828
4 16 -3.67 -10.66 0 -3 -12.35 0 -3 -12.35 2.26 -3.752 -10.45 1.446
2 24 -3.752 -10.45 1.446 -3.67 -10.67 0
1 16 9 -0.25 0 0 -1 0 0 0 0.25 -0.25 0 0 2-4edge.dat
0 BFC INVERTNEXT
1 16 9 -0.25 0 0 -5 0 0 0 0.25 -0.25 0 0 2-4cyli.dat
1 16 4 -0.25 0 0 -1 0 0 0 0.25 -0.25 0 0 2-4edge.dat
1 16 9 -0.25 0 0 -1 0 0 0 0.25 -0.25 0 0 2-4ndis.dat
1 16 9 -1.359 -1.133 0 -1 0 -0.176 0 -0.589 -0.883 0 0.117 2-4edge.dat
1 16 9 -1.359 -1.133 0 -5 0 -0.176 0 -0.589 -0.883 0 0.117 2-4cyli.dat
1 16 4 -1.359 -1.133 0 -1 0 -0.176 0 -0.589 -0.883 0 0.117 2-4edge.dat
1 16 9 -1.359 -1.133 0 -1 0 -0.176 0 -0.589 -0.883 0 0.117 2-4disc.dat
1 16 9 -1.359 1.133 0 -1 0 -0.176 0 -0.589 0.883 0 -0.117 2-4edge.dat
1 16 9 -1.359 1.133 0 -5 0 -0.176 0 -0.589 0.883 0 -0.117 2-4cyli.dat
1 16 4 -1.359 1.133 0 -1 0 -0.176 0 -0.589 0.883 0 -0.117 2-4edge.dat
1 16 9 -1.359 1.133 0 -1 0 -0.176 0 -0.589 0.883 0 -0.117 2-4disc.dat
4 16 9 -1.535 -2.016 9 -0.467 -2.353 9 0 -0.25 9 -1.183 -0.25
4 16 9 -0.467 2.353 9 -1.535 2.016 9 -1.183 0.25 9 0 0.25
4 16 -9 -1.535 2.016 -9 -0.467 2.353 -9 0 0.25 -9 -1.183 0.25
4 16 -9 -0.467 -2.353 -9 -1.535 -2.016 -9 -1.183 -0.25 -9 0 -0.25
1 16 6.5 -0.717 -0.25 0 0 2.5 0.467 0 0 0 -1 0 rect2p.dat
1 16 6.5 -0.717 0.25 0 0 2.5 0.467 0 0 0 1 0 rect2p.dat
1 16 -9 -0.25 0 0 1 0 0 0 0.25 0.25 0 0 2-4edge.dat
0 BFC INVERTNEXT
1 16 -9 -0.25 0 0 5 0 0 0 0.25 0.25 0 0 2-4cyli.dat
1 16 -4 -0.25 0 0 1 0 0 0 0.25 0.25 0 0 2-4edge.dat
1 16 -9 -0.25 0 0 1 0 0 0 0.25 0.25 0 0 2-4ndis.dat
1 16 -9 -1.359 1.133 0 1 0 -0.176 0 -0.589 0.883 0 -0.117 2-4edge.dat
1 16 -9 -1.359 1.133 0 5 0 -0.176 0 -0.589 0.883 0 -0.117 2-4cyli.dat
1 16 -4 -1.359 1.133 0 1 0 -0.176 0 -0.589 0.883 0 -0.117 2-4edge.dat
1 16 -9 -1.359 1.133 0 1 0 -0.176 0 -0.589 0.883 0 -0.117 2-4disc.dat
1 16 -9 -1.359 -1.133 0 1 0 -0.176 0 -0.589 -0.883 0 0.117 2-4edge.dat
1 16 -9 -1.359 -1.133 0 5 0 -0.176 0 -0.589 -0.883 0 0.117 2-4cyli.dat
1 16 -4 -1.359 -1.133 0 1 0 -0.176 0 -0.589 -0.883 0 0.117 2-4edge.dat
1 16 -9 -1.359 -1.133 0 1 0 -0.176 0 -0.589 -0.883 0 0.117 2-4disc.dat
1 16 -6.5 -1 2.1845 -2.5 0 0 0 0 0.534 0 -1 0.1685 rect3.dat
1 16 -6.5 -1 -2.185 2.5 0 0 0 0 0.534 0 1 -0.1685 rect3.dat
1 16 6.5 -1 -2.185 2.5 0 0 0 0 0.534 0 1 -0.1685 rect3.dat
1 16 6.5 -1 2.185 -2.5 0 0 0 0 0.534 0 -1 0.1685 rect3.dat
1 16 -6.5 -0.717 0.25 0 0 -2.5 0.467 0 0 0 1 0 rect2p.dat
1 16 -6.5 -0.717 -0.25 0 0 -2.5 0.467 0 0 0 -1 0 rect2p.dat
4 16 10 -1 -10 10 -1 -3.38 -10 -1 -3.38 -10 -1 -10
2 24 10 -1 -3.38 10 -1 -10
2 24 -10 -1 -3.38 -10 -1 -10
2 24 -10 -1 3.38 -10 -1 10
2 24 10 -1 3.38 10 -1 10
4 16 -10 -1 10 -10 -1 3.38 10 -1 3.38 10 -1 10
1 16 10 -7 0 0 -1 0 6.46716 0 2.67878 2.67878 0 -6.46716 1-8edge.dat
1 16 10 -7 0 0 -1 0 7 0 0 0 0 -7 1-16ndis.dat
1 16 10 -7 0 0 -1 0 7 0 0 0 0 7 1-16ndis.dat
1 16 -10 -7 0 0 1 0 7 0 0 0 0 7 1-16ndis.dat
1 16 -10 -7 0 0 1 0 7 0 0 0 0 -7 1-16ndis.dat
0 BFC INVERTNEXT
1 16 10 -7 0 0 -6 0 6.46716 0 2.67878 2.67878 0 -6.46716 1-8cyli.dat
2 24 10 -1 3.38 10 -0.532 2.681
2 24 10 -1 -3.38 10 -0.532 -2.681
3 16 10 0 -7 10 -0.532 -2.681 10 -1 -3.38
3 16 10 -1 3.38 10 -0.532 2.681 10 0 7
3 16 -10 0 7 -10 -0.532 2.681 -10 -1 3.38
3 16 -10 -1 -3.38 -10 -0.532 -2.681 -10 0 -7
2 24 4 -1 3.38 4 -0.532 2.681
2 24 4 -1 -3.38 4 -0.532 -2.681
4 16 4 -1 3.38 4 -0.532 2.681 10 -0.532 2.681 10 -1 3.38
4 16 10 -1 -3.38 10 -0.532 -2.681 4 -0.532 -2.681 4 -1 -3.38
2 24 10 -1 -3.38 4 -1 -3.38
2 24 10 -1 3.38 4 -1 3.38
1 16 -10 -7 0 0 1 0 6.46716 0 2.67878 -2.67878 0 6.46716 1-8edge.dat
0 BFC INVERTNEXT
1 16 -10 -7 0 0 6 0 6.46716 0 2.67878 -2.67878 0 6.46716 1-8cyli.dat
2 24 -10 -1 -3.38 -10 -0.532 -2.681
2 24 -10 -1 3.38 -10 -0.532 2.681
2 24 -4 -1 -3.38 -4 -0.532 -2.681
2 24 -4 -1 3.38 -4 -0.532 2.681
4 16 -4 -1 -3.38 -4 -0.532 -2.681 -10 -0.532 -2.681 -10 -1 -3.38
4 16 -10 -1 3.38 -10 -0.532 2.681 -4 -0.532 2.681 -4 -1 3.38
2 24 -10 -1 3.38 -4 -1 3.38
2 24 -10 -1 -3.38 -4 -1 -3.38
2 24 9 0 0 9 -0.467 -2.353
2 24 9 0 0 9 -0.467 2.353
2 24 -9 0 0 -9 -0.467 2.353
2 24 -9 0 0 -9 -0.467 -2.353
2 24 4 -0.467 2.353 4 -0.532 2.681
2 24 4 -0.467 -2.353 4 -0.532 -2.681
2 24 -4 -0.467 -2.353 -4 -0.532 -2.681
2 24 -4 -0.467 2.353 -4 -0.532 2.681
2 24 4 -1 -7.068 4 -1 -3.38
2 24 -4 -1 -7.068 -4 -1 -3.38
2 24 -4 -1 7.068 -4 -1 3.38
2 24 4 -1 7.068 4 -1 3.38
4 16 4 -1 -3.38 4 -0.535 -2.681 4 -0.535 2.681 4 -1 3.38
4 16 -4 -1 3.38 -4 -0.535 2.681 -4 -0.535 -2.681 -4 -1 -3.38
4 16 10 0 -10 10 0 -7 10 -1 -3.38 10 -1 -10
4 16 -10 -1 -10 -10 -1 -3.38 -10 0 -7 -10 0 -10
4 16 -10 0 10 -10 0 7 -10 -1 3.38 -10 -1 10
4 16 10 -1 10 10 -1 3.38 10 0 7 10 0 10
1 16 4 -7 0 0 -1 0 6.46716 0 2.67878 2.67878 0 -6.46716 1-8chrd.dat
1 16 -4 -7 0 0 1 0 6.46716 0 2.67878 -2.67878 0 6.46716 1-8chrd.dat
0
