0 Vertical Clip for Bricks
0 Name: clip2.dat
0 Author: J.C. Tchang [tchang]
0 !LDRAW_ORG Primitive UPDATE 2010-03
0 !LICENSE Redistributable under CCAL version 2.0 : see CAreadme.txt

0 BFC CERTIFY CCW

0 !HISTORY 2010-10-16 [Holly-Wood] Changed origin, made primitive, rectified
0 !HISTORY 2010-12-31 [PTadmin] Official Update 2010-03

1 16 0 0 0 4.75 0 0 0 0 4 0 -3 0 box4o8a.dat

5 24 -4.75 4 -3 -4.75 -4 -3 -4.75 4 0 -5.4 4 -4.5
5 24 -5.4 4 -4.5 -5.4 -4 -4.5 -4.75 4 -3 -6.5 4 -6
5 24 -6.5 -4 -6 -6.5 4 -6 -5.4 -4 -4.5 -7.2 -4 -7.5
5 24 -7.2 -4 -7.5 -7.2 4 -7.5 -6.5 -4 -6 -7.584 -4 -9
5 24 -7.584 -4 -9 -7.584 4 -9 -7.2 -4 -7.5 -7.584 -4 -14

1 16 -5.075 0 -3.75 -0.325 12 0 0 0 -4 -0.75 -5.2 0 rect2p.dat
1 16 -5.95 0 -5.25 -0.55 3 0 0 0 -4 -0.75 -2.2 0 rect2p.dat
1 16 -6.85 0 -6.75 -0.35 12 0 0 0 -4 -0.75 -5.6 0 rect2p.dat
1 16 -7.392 0 -8.25 -0.192 4 0 0 0 -4 -0.75 -1.024 0 rect2p.dat
1 16 -7.584 0 -11.5 0 1 0 4 0 0 0 0 -2.5 rect3.dat
1 16 -5.64 0 -14 0 0 1.944 4 0 0 0 1 0 rect3.dat
1 16 -3.696 0 -12.7655 0 -1.03958 0 4 0 0 0 0 1.2345 rect3.dat
1 16 -3.848 0 -10.7655 -0.152 -6.124 0 0 0 -4 0.7655 -1.216 0 rect2p.dat
3 16 -4 -4 -6 -4.75 -4 -3 -5.4 -4 -4.5
4 16 -4 -4 -6 -5.4 -4 -4.5 -6.5 -4 -6 -7.2 -4 -7.5
4 16 -4 -4 -10 -4 -4 -6 -7.2 -4 -7.5 -7.584 -4 -9
4 16 -3.696 -4 -11.531 -4 -4 -10 -7.584 -4 -9 -7.584 -4 -14
3 16 -7.584 -4 -14 -3.696 -4 -14 -3.696 -4 -11.531
3 16 -4 4 -6 -5.4 4 -4.5 -4.75 4 -3
4 16 -6.5 4 -6 -5.4 4 -4.5 -4 4 -6 -7.2 4 -7.5
4 16 -4 4 -10 -7.584 4 -9 -7.2 4 -7.5 -4 4 -6
4 16 -3.696 4 -11.531 -7.584 4 -14 -7.584 4 -9 -4 4 -10
3 16 -7.584 4 -14 -3.696 4 -11.531 -3.696 4 -14

5 24 4.75 -4 -3 4.75 4 -3 4.75 -4 0 5.4 -4 -4.5
5 24 5.4 -4 -4.5 5.4 4 -4.5 4.75 -4 -3 6.5 -4 -6
5 24 6.5 -4 -6 6.5 4 -6 5.4 -4 -4.5 7.2 -4 -7.5
5 24 7.2 -4 -7.5 7.2 4 -7.5 6.5 -4 -6 7.584 -4 -9
5 24 7.584 -4 -9 7.584 4 -9 7.2 -4 -7.5 7.584 -4 -14

1 16 5.075 0 -3.75 0.325 -12 0 0 0 4 -0.75 -5.2 0 rect2p.dat
1 16 5.95 0 -5.25 0.55 -3 0 0 0 4 -0.75 -2.2 0 rect2p.dat
1 16 6.85 0 -6.75 0.35 -12 0 0 0 4 -0.75 -5.6 0 rect2p.dat
1 16 7.392 0 -8.25 0.192 -4 0 0 0 4 -0.75 -1.024 0 rect2p.dat
1 16 7.584 0 -11.5 0 -1 0 -4 0 0 0 0 -2.5 rect3.dat
1 16 5.64 0 -14 0 0 -1.944 -4 0 0 0 1 0 rect3.dat
1 16 3.696 0 -12.7655 0 1 0 -4 0 0 0 0 1.2345 rect3.dat
1 16 3.848 0 -10.7655 0.152 0.980851 0 0 0 4 0.7655 -0.999992 0 rect2p.dat
3 16 4 -4 -6 5.4 -4 -4.5 4.75 -4 -3
4 16 6.5 -4 -6 5.4 -4 -4.5 4 -4 -6 7.2 -4 -7.5
4 16 4 -4 -10 7.584 -4 -9 7.2 -4 -7.5 4 -4 -6
4 16 3.696 -4 -11.531 7.584 -4 -14 7.584 -4 -9 4 -4 -10
3 16 7.584 -4 -14 3.696 -4 -11.531 3.696 -4 -14
3 16 4 4 -6 4.75 4 -3 5.4 4 -4.5
4 16 4 4 -6 5.4 4 -4.5 6.5 4 -6 7.2 4 -7.5
4 16 4 4 -10 4 4 -6 7.2 4 -7.5 7.584 4 -9
4 16 3.696 4 -11.531 4 4 -10 7.584 4 -9 7.584 4 -14
3 16 7.584 4 -14 3.696 4 -14 3.696 4 -11.531

1 16 0 -4 -10 -4 0 0 0 1 0 0 0 4 2-4edge.dat
1 16 0 4 -10 -4 0 0 0 1 0 0 0 4 2-4edge.dat
0 BFC INVERTNEXT
1 16 0 -4 -10 -4 0 0 0 8 0 0 0 4 2-4cyli.dat
1 16 0 -4 -10 -4 0 0 0 1 0 0 0 4 2-4ndis.dat
1 16 0 4 -10 4 0 0 0 -1 0 0 0 4 2-4ndis.dat

4 16 -4.75 -4 -3 -4 -4 -6 4 -4 -6 4.75 -4 -3
4 16 -4.75 4 -3 4.75 4 -3 4 4 -6 -4 4 -6
0 //