0 Clip Vertical (Thin U-Clip)
0 Name: clip10.dat
0 Author: Owen Burgoyne [C3POwen]
0 !LDRAW_ORG Primitive UPDATE 2013-02
0 !LICENSE Redistributable under CCAL version 2.0 : see CAreadme.txt

0 BFC CERTIFY CCW

0 !HISTORY 2013-09-14 [MagFors] used more primitives
0 !HISTORY 2013-12-23 [PTadmin] Official Update 2013-02

1 16 0 0 0 4 0 0 0 0 4 0 -3.5 0 box4o8a.dat
1 16 0 4 -10 4 0 0 0 -1 0 0 0 4 2-4ndis.dat
3 16 4 4 -3.5 0 4 -6 -4 4 -3.5
4 16 -4 4 -6 -4.6093 4 -4.7593 -4 4 -3.5 0 4 -6
4 16 0 4 -6 4 4 -3.5 4.6093 4 -4.7593 4 4 -6
1 16 -4.3047 0 -4.1296 -0.30467 1 0 0 0 -4 -0.62965 0 0 rect2p.dat
5 24 -4 -4 -3.5 -4 4 -3.5 -4 -4 0 -4.6093 -4 -4.7593
5 24 -4.6093 -4 -4.7593 -4.6093 4 -4.7593 -4 -4 -3.5 -5.6344 -4 -5.7544
1 16 0 -4 -10 -4 0 0 0 1 0 0 0 4 2-4ndis.dat
3 16 -4 -4 -3.5 0 -4 -6 4 -4 -3.5
4 16 4 -4 -6 4.6093 -4 -4.7593 4 -4 -3.5 0 -4 -6
4 16 0 -4 -6 -4 -4 -3.5 -4.6093 -4 -4.7593 -4 -4 -6
1 16 4.3047 0 -4.1296 0.30467 -1 0 0 0 4 -0.62965 0 0 rect2p.dat
5 24 4 4 -3.5 4 -4 -3.5 4 4 0 4.6093 4 -4.7593
5 24 4.6093 4 -4.7593 4.6093 -4 -4.7593 4 4 -3.5 5.6344 4 -5.7544
0 BFC INVERTNEXT
1 16 0 -4 -10 3.6955 0 1.5307 0 8 0 -1.5307 0 3.6955 5-8cylo.dat

1 16 -5.1277 0 -12.7653 0 1.43225 0 4 0 0 0 0 -1.23465 box2-5.dat
1 16 -6.56 0 -11.5 0 1 0 0 0 -4 -2.5 0 0 rect2p.dat
4 16 -4 -4 -10 -4 -4 -6 -4.6093 -4 -4.7593 -6.56 -4 -9
4 16 -3.6955 -4 -11.5307 -4 -4 -10 -6.56 -4 -9 -6.56 -4 -14
3 16 -6.56 -4 -14 -3.6955 -4 -14 -3.6955 -4 -11.5307
4 16 -6.56 4 -9 -4.6093 4 -4.7593 -4 4 -6 -4 4 -10
4 16 -6.56 4 -14 -6.56 4 -9 -4 4 -10 -3.6955 4 -11.5307
3 16 -3.6955 4 -11.5307 -3.6955 4 -14 -6.56 4 -14
1 16 -3.4 4 -9 -3.16 0 0 0 -8 0 0 0 4.59 3-16cylo.dat
1 16 -3.4 4 -9 -3.16 0 0 0 -8 0 0 0 4.59 3-16chrd.dat
1 16 -3.4 -4 -9 -3.16 0 0 0 8 0 0 0 4.59 3-16chrd.dat

1 16 5.1277 0 -12.7653 0 -1.43225 0 -4 0 0 0 0 -1.23465 box2-5.dat
1 16 6.56 0 -11.5 0 -1 0 0 0 4 -2.5 0 0 rect2p.dat
4 16 4 4 -10 4 4 -6 4.6093 4 -4.7593 6.56 4 -9
4 16 3.6955 4 -11.5307 4 4 -10 6.56 4 -9 6.56 4 -14
3 16 6.56 4 -14 3.6955 4 -14 3.6955 4 -11.5307
4 16 6.56 -4 -9 4.6093 -4 -4.7593 4 -4 -6 4 -4 -10
4 16 6.56 -4 -14 6.56 -4 -9 4 -4 -10 3.6955 -4 -11.5307
3 16 3.6955 -4 -11.5307 3.6955 -4 -14 6.56 -4 -14
1 16 3.4 -4 -9 3.16 0 0 0 8 0 0 0 4.59 3-16cylo.dat
1 16 3.4 -4 -9 3.16 0 0 0 8 0 0 0 4.59 3-16chrd.dat
1 16 3.4 4 -9 3.16 0 0 0 -8 0 0 0 4.59 3-16chrd.dat
