0 Clip Horizontal with Rounded Sides
0 Name: clip6.dat
0 Author: Magnus Forsberg [MagFors]
0 !LDRAW_ORG Primitive UPDATE 2013-01
0 !LICENSE Redistributable under CCAL version 2.0 : see CAreadme.txt

0 BFC CERTIFY CCW

0 !HISTORY 2013-07-21 [PTadmin] Official Update 2013-01

1 16 -4 2 0 0 1 0 -4 0 0 0 0 4 1-4ndis.dat
1 16 -4 2 0 0 1 0 -4 0 0 0 0 -4 1-16ndis.dat
1 16 -4 2 0 0 1 0 -6.32544 0 -4.19094 -4.02975 0 6.57845 1-4chrd.dat
1 16 -4 2 0 0 1 0 4 0 0 0 0 4 1-4ndis.dat
1 16 -4 2 0 0 1 0 4 0 0 0 0 -4 1-16ndis.dat
1 16 -4 2 0 0 1 0 6.32544 0 4.19094 -4.02975 0 6.57845 3-16chrd.dat
4 16 -4 0 6.2966 -4 8 6.5785 -4 6 4 -4 2 4
4 16 -4 0 6.2966 -4 2 4 -4 -2 4 -4 -2.1909 6.5785
1 16 4 2 0 0 -1 0 4 0 0 0 0 4 1-4ndis.dat
1 16 4 2 0 0 -1 0 4 0 0 0 0 -4 1-16ndis.dat
1 16 4 2 0 0 -1 0 6.32544 0 4.19094 -4.02975 0 6.57845 3-16chrd.dat
1 16 4 2 0 0 -1 0 -4 0 0 0 0 4 1-4ndis.dat
1 16 4 2 0 0 -1 0 -4 0 0 0 0 -4 1-16ndis.dat
1 16 4 2 0 0 -1 0 -6.32544 0 -4.19094 -4.02975 0 6.57845 1-4chrd.dat
4 16 4 2 4 4 6 4 4 8 6.5785 4 0 6.2966
4 16 4 -2.1909 6.5785 4 -2 4 4 2 4 4 0 6.2966
0 BFC INVERTNEXT
1 16 4 -3.5492 10 0 -8 0 3.5492 0 0 0 0 -3.7034 3-16cylo.dat
1 16 4 -3.5492 10 0 -8 0 3.5492 0 0 0 0 -3.7034 3-16ndis.dat
1 16 -4 -3.5492 10 0 8 0 3.5492 0 0 0 0 -3.7034 3-16ndis.dat
0 BFC INVERTNEXT
1 16 4 2 0 0 -8 0 -3.69552 0 -1.53073 -1.53073 0 3.69552 5-8cyli.dat
1 16 4 2 0 0 -1 0 -3.69552 0 -1.53073 -1.53073 0 3.69552 5-8edge.dat
1 16 -4 2 0 0 -1 0 -3.69552 0 -1.53073 -1.53073 0 3.69552 5-8edge.dat
1 16 -4 2 0 0 8 0 -6.32544 0 -4.19094 -4.02975 0 6.57845 1-4cylo.dat
1 16 -4 2 0 0 8 0 6.32544 0 4.19094 -4.02975 0 6.57845 3-16cylo.dat
5 24 -4 -2.1909 6.5785 4 -2.1909 6.5785 4 -1.0396 7.3813 4 -4.2928 4.5356
4 16 -4 0 6.2966 -4 0 10 -4 8 10 -4 8 6.5785
1 16 0 8 8.2892 0 0 4 0 -1 0 1.71078 0 0 rect2p.dat
4 16 4 8 6.5785 4 8 10 4 0 10 4 0 6.2966
1 16 0 7.0105 -2.7803 -4 0 0 0 0.1522 -1.16272 0 -1.2346 0.01487 box2-5.dat
1 16 0 -3.0105 -2.7803 4 0 0 0 -0.1522 1.16272 0 -1.2346 0.01487 box2-5.dat
3 16 4 -4.3254 -4.0298 4 -2 -4 4 -2 0
4 16 4 -4.3254 -4.0298 4 -2 0 4 -2 4 4 -2.1909 6.5785
1 16 0 8.1464 5.557 0 0 4 -0.14638 -1 0 1.0214 0 0 rect2p.dat
5 24 -4 8.2928 4.5356 4 8.2928 4.5356 4 8 6.5785 4 9.4361 1.8022
5 24 -4 8 6.5785 4 8 6.5785 4 8.2928 4.5356 4 8 10
3 16 4 6 0 4 6 -4 4 8.3254 -4.0298
3 16 4 8.2928 4.5356 4 8 6.5785 4 6 4
4 16 4 8.2928 4.5356 4 6 4 4 6 0 4 8.3254 -4.0298
3 16 -4 -2 0 -4 -2 -4 -4 -4.3254 -4.0298
4 16 -4 -2.1909 6.5785 -4 -2 4 -4 -2 0 -4 -4.3254 -4.0298
3 16 -4 8.3254 -4.0298 -4 6 -4 -4 6 0
3 16 -4 6 4 -4 8 6.5785 -4 8.2928 4.5356
4 16 -4 8.3254 -4.0298 -4 6 0 -4 6 4 -4 8.2928 4.5356
