0 Stud Filler with 3 Ribs for Hollow Studs
0 Name: filstud3.dat
0 Author: Magnus Forsberg [MagFors]
0 !LDRAW_ORG Primitive UPDATE 2012-03
0 !LICENSE Redistributable under CCAL version 2.0 : see CAreadme.txt

0 BFC CERTIFY CCW

0 !HISTORY 2012-12-28 [PTadmin] Official Update 2012-03

1 16 0 4 0 4 0 0 0 1 0 0 0 4 3-16edge.dat
1 16 0 4 0 -1.5307 0 -3.6955 0 1 0 3.6955 0 -1.5307 3-16edge.dat
1 16 0 4 0 -2.8284 0 2.8284 0 1 0 -2.8284 0 -2.8284 1-4edge.dat
2 24 1 4 3.801 1.5307 4 3.6955
2 24 -1 4 3.801 -1.5307 4 3.6955
2 24 -3.794 4 -1.036 -4 4 0
2 24 3.794 4 -1.036 4 4 0
4 16 0 4 0 0 4 4 1 4 3.801 1 4 0.577
4 16 0 4 0 -1 4 0.577 -1 4 3.801 0 4 4
4 16 0 4 0 -3.6955 4 -1.5307 -3.794 4 -1.036 -1 4 0.577
4 16 0 4 0 0 4 -1.1545 -2.8284 4 -2.8284 -3.6955 4 -1.5307
4 16 0 4 0 3.6955 4 -1.5307 2.8284 4 -2.8284 0 4 -1.1545
4 16 0 4 0 1 4 0.577 3.794 4 -1.036 3.6955 4 -1.5307
0 //
0 BFC INVERTNEXT
1 16 2.397 2 1.3825 0 -1.397 0 -2 0 0 0 0.8065 -1.612 box2-5.dat
0 BFC INVERTNEXT
1 16 -2.397 2 1.3825 0 1.397 0 2 0 0 0 0.8065 -1.612 box2-5.dat
0 BFC INVERTNEXT
1 16 0 2 -2.8284 0 1.4142 -1.4142 -2 0 0 0 0.83695 0.83695 box2-5.dat
0 BFC INVERTNEXT
1 16 0 0 0 4 0 0 0 4 0 0 0 4 3-16cyli.dat
0 BFC INVERTNEXT
1 16 0 0 0 -1.5307 0 -3.6955 0 4 0 3.6955 0 -1.5307 3-16cyli.dat
0 BFC INVERTNEXT
1 16 0 0 0 -2.8284 0 2.8284 0 4 0 -2.8284 0 -2.8284 1-4cyli.dat
4 16 1 4 3.801 1.5307 4 3.6955 1.5307 0 3.6955 1 0 3.801
4 16 -1 0 3.801 -1.5307 0 3.6955 -1.5307 4 3.6955 -1 4 3.801
4 16 -3.794 4 -1.036 -4 4 0 -4 0 0 -3.794 0 -1.036
4 16 3.794 0 -1.036 4 0 0 4 4 0 3.794 4 -1.036
5 24 1.5307 4 3.6955 1.5307 0 3.6955 1 0 3.801 2.8284 0 2.8284
5 24 -1.5307 4 3.6955 -1.5307 0 3.6955 -1 0 3.801 -2.82848 0 2.82847
5 24 -4 4 0 -4 0 0 -3.794 0 -1.036 -3.69545 0 1.53073
5 24 4 4 0 4 0 0 3.794 0 -1.036 3.6956 0 1.5308
0 //
2 24 1 0 3.801 0 0 4
2 24 0 0 4 -1 0 3.801
2 24 -3.794 0 -1.036 -3.6955 0 -1.5307
2 24 -2.8284 0 -2.8284 -3.6955 0 -1.5307
2 24 3.794 0 -1.036 3.6955 0 -1.5307
2 24 2.8284 0 -2.8284 3.6955 0 -1.5307
4 16 0 0 0 1 0 0.577 1 0 3.801 0 0 4
4 16 0 0 0 0 0 4 -1 0 3.801 -1 0 0.577
4 16 0 0 0 -1 0 0.577 -3.794 0 -1.036 -3.6955 0 -1.5307
4 16 0 0 0 -3.6955 0 -1.5307 -2.8284 0 -2.8284 0 0 -1.1545
4 16 0 0 0 0 0 -1.1545 2.8284 0 -2.8284 3.6955 0 -1.5307
4 16 0 0 0 3.6955 0 -1.5307 3.794 0 -1.036 1 0 0.577
