0 Stud Tube Open Split
0 Name: stud16.dat
0 Author: Philippe Hurbain [Philo]
0 !LDRAW_ORG Primitive UPDATE 2011-01
0 !LICENSE Redistributable under CCAL version 2.0 : see CAreadme.txt

0 BFC CERTIFY CCW

0 !HISTORY 2010-03-03 [Philo] Creation
0 !HISTORY 2011-07-25 [PTadmin] Official Update 2011-01

1 16 0 -4 0 5.54328 0 -2.2961 0 1 0 2.2961 0 5.54328 3-8edge.dat
1 16 0 0 0 5.54328 0 -2.2961 0 1 0 2.2961 0 5.54328 3-8edge.dat
0 BFC INVERTNEXT
1 16 0 -4 0 5.54328 0 -2.2961 0 4 0 2.2961 0 5.54328 3-8cyli.dat
1 16 0 -4 0 7.39104 0 -3.06147 0 4 0 3.06147 0 7.39104 3-8cyli.dat
1 16 0 -4 0 1.84776 0 -0.76537 0 1 0 0.76537 0 1.84776 3-8ring3.dat
1 16 0 -4 0 7.39104 0 -3.06147 0 1 0 3.06147 0 7.39104 3-8edge.dat
1 16 0 0 0 7.39104 0 -3.06147 0 1 0 3.06147 0 7.39104 3-8edge.dat
2 24 5.702 -4 1.5 5.543 -4 2.296
2 24 5.702 0 1.5 5.543 0 2.296
5 24 5.543 -4 2.296 5.543 0 2.296 4.243 -4 4.243 6 -4 0
5 24 7.391 -4 3.062 7.391 0 3.062 5.657 -4 5.657 8 -4 0
2 24 7.702 -4 1.5 7.391 -4 3.062
2 24 7.702 0 1.5 7.391 0 3.062
4 16 5.543 -4 2.296 5.543 0 2.296 5.702 0 1.5 5.702 -4 1.5
4 16 7.702 -4 1.5 7.702 0 1.5 7.391 0 3.062 7.391 -4 3.062
4 16 5.702 -4 1.5 7.702 -4 1.5 7.391 -4 3.062 5.543 -4 2.296
1 16 6.702 -2 1.5 1 0 0 0 0 2 0 1 0 rect.dat
2 24 -5.702 -4 1.5 -5.543 -4 2.296
2 24 -5.702 0 1.5 -5.543 0 2.296
5 24 -5.543 -4 2.296 -5.543 0 2.296 -4.243 -4 4.243 -6 -4 0
5 24 -7.391 -4 3.062 -7.391 0 3.062 -5.657 -4 5.657 -8 -4 0
2 24 -7.702 -4 1.5 -7.391 -4 3.062
2 24 -7.702 0 1.5 -7.391 0 3.062
4 16 -5.702 -4 1.5 -5.702 0 1.5 -5.543 0 2.296 -5.543 -4 2.296
4 16 -7.391 -4 3.062 -7.391 0 3.062 -7.702 0 1.5 -7.702 -4 1.5
4 16 -5.543 -4 2.296 -7.391 -4 3.062 -7.702 -4 1.5 -5.702 -4 1.5
1 16 -6.702 -2 1.5 -1 0 0 0 0 2 0 1 0 rect.dat
1 16 0 -4 0 -5.54328 0 2.2961 0 1 0 -2.2961 0 -5.54328 3-8edge.dat
1 16 0 0 0 -5.54328 0 2.2961 0 1 0 -2.2961 0 -5.54328 3-8edge.dat
0 BFC INVERTNEXT
1 16 0 -4 0 -5.54328 0 2.2961 0 4 0 -2.2961 0 -5.54328 3-8cyli.dat
1 16 0 -4 0 -7.39104 0 3.06147 0 4 0 -3.06147 0 -7.39104 3-8cyli.dat
1 16 0 -4 0 -1.84776 0 0.76537 0 1 0 -0.76537 0 -1.84776 3-8ring3.dat
1 16 0 -4 0 -7.39104 0 3.06147 0 1 0 -3.06147 0 -7.39104 3-8edge.dat
1 16 0 0 0 -7.39104 0 3.06147 0 1 0 -3.06147 0 -7.39104 3-8edge.dat
2 24 -5.702 -4 -1.5 -5.543 -4 -2.296
2 24 -5.702 0 -1.5 -5.543 0 -2.296
5 24 -5.543 -4 -2.296 -5.543 0 -2.296 -4.243 -4 -4.243 -6 -4 0
5 24 -7.391 -4 -3.062 -7.391 0 -3.062 -5.657 -4 -5.657 -8 -4 0
2 24 -7.702 -4 -1.5 -7.391 -4 -3.062
2 24 -7.702 0 -1.5 -7.391 0 -3.062
4 16 -5.543 -4 -2.296 -5.543 0 -2.296 -5.702 0 -1.5 -5.702 -4 -1.5
4 16 -7.702 -4 -1.5 -7.702 0 -1.5 -7.391 0 -3.062 -7.391 -4 -3.062
4 16 -5.702 -4 -1.5 -7.702 -4 -1.5 -7.391 -4 -3.062 -5.543 -4 -2.296
1 16 -6.702 -2 -1.5 -1 0 0 0 0 2 0 -1 0 rect.dat
2 24 5.702 -4 -1.5 5.543 -4 -2.296
2 24 5.702 0 -1.5 5.543 0 -2.296
5 24 5.543 -4 -2.296 5.543 0 -2.296 4.243 -4 -4.243 6 -4 0
5 24 7.391 -4 -3.062 7.391 0 -3.062 5.657 -4 -5.657 8 -4 0
2 24 7.702 -4 -1.5 7.391 -4 -3.062
2 24 7.702 0 -1.5 7.391 0 -3.062
4 16 5.702 -4 -1.5 5.702 0 -1.5 5.543 0 -2.296 5.543 -4 -2.296
4 16 7.391 -4 -3.062 7.391 0 -3.062 7.702 0 -1.5 7.702 -4 -1.5
4 16 5.543 -4 -2.296 7.391 -4 -3.062 7.702 -4 -1.5 5.702 -4 -1.5
1 16 6.702 -2 -1.5 1 0 0 0 0 2 0 -1 0 rect.dat

