0 Torus Outside  1 x 0.3333 x 0.25
0 Name: t04o3333.dat
0 Author: Paul Easter [pneaster]
0 !LDRAW_ORG Primitive UPDATE 2010-03
0 !LICENSE Redistributable under CCAL version 2.0 : see CAreadme.txt

0 BFC CERTIFY CCW

0 !HISTORY 2001-12-31 [PTadmin] Official Update 2001-03
0 !HISTORY 2007-10-09 [PTadmin] Header formatted for Contributor Agreement
0 !HISTORY 2008-07-01 [PTadmin] Official Update 2008-01
0 !HISTORY 2010-10-30 [MagFors] Redesigned with Primitive Generator 2
0 !HISTORY 2010-12-31 [PTadmin] Official Update 2010-03

0 // Major Radius: 6
0 // Tube(Minor) Radius: 2
0 // Segments(Sweep): 4/16 = 0.25
0 // 1  9  0 0 0  1 0 0  0 1 0  0 0 1 4-4edge.dat
0 // 1  12  1 0 0 0.3333 0 0  0 0 0.3333  0 1 0  4-4edge.dat

4 16 1 0.3333 0 0.9239 0.3333 0.3827 1.0418 0.308 0.4315 1.1276 0.308 0
4 16 1.1276 0.308 0 1.0418 0.308 0.4315 1.1417 0.2357 0.4729 1.2357 0.2357 0
4 16 1.2357 0.2357 0 1.1417 0.2357 0.4729 1.2084 0.1276 0.5006 1.308 0.1276 0
4 16 1.308 0.1276 0 1.2084 0.1276 0.5006 1.2319 0 0.5103 1.3333 0 0
4 16 0.9239 0.3333 0.3827 0.7071 0.3333 0.7071 0.7973 0.308 0.7973 1.0418 0.308 0.4315
4 16 1.0418 0.308 0.4315 0.7973 0.308 0.7973 0.8738 0.2357 0.8738 1.1417 0.2357 0.4729
4 16 1.1417 0.2357 0.4729 0.8738 0.2357 0.8738 0.9249 0.1276 0.9249 1.2084 0.1276 0.5006
4 16 1.2084 0.1276 0.5006 0.9249 0.1276 0.9249 0.9428 0 0.9428 1.2319 0 0.5103
4 16 0.7071 0.3333 0.7071 0.3827 0.3333 0.9239 0.4315 0.308 1.0418 0.7973 0.308 0.7973
4 16 0.7973 0.308 0.7973 0.4315 0.308 1.0418 0.4729 0.2357 1.1417 0.8738 0.2357 0.8738
4 16 0.8738 0.2357 0.8738 0.4729 0.2357 1.1417 0.5006 0.1276 1.2084 0.9249 0.1276 0.9249
4 16 0.9249 0.1276 0.9249 0.5006 0.1276 1.2084 0.5103 0 1.2319 0.9428 0 0.9428
4 16 0.3827 0.3333 0.9239 0 0.3333 1 0 0.308 1.1276 0.4315 0.308 1.0418
4 16 0.4315 0.308 1.0418 0 0.308 1.1276 0 0.2357 1.2357 0.4729 0.2357 1.1417
4 16 0.4729 0.2357 1.1417 0 0.2357 1.2357 0 0.1276 1.308 0.5006 0.1276 1.2084
4 16 0.5006 0.1276 1.2084 0 0.1276 1.308 0 0 1.3333 0.5103 0 1.2319
0 // conditional lines
5 24 1 0.3333 0 0.9239 0.3333 0.3827 1.1276 0.308 0 0.8619 0.3333 0
5 24 1 0.3333 0 1.1276 0.308 0 0.9239 0.3333 0.3827 1 0.3333 -0.4142
5 24 1.1276 0.308 0 1.0418 0.308 0.4315 1.2357 0.2357 0 1 0.3333 0
5 24 1.1276 0.308 0 1.2357 0.2357 0 1.0418 0.308 0.4315 1.1276 0.308 -0.467
5 24 1.2357 0.2357 0 1.1417 0.2357 0.4729 1.308 0.1276 0 1.1276 0.308 0
5 24 1.2357 0.2357 0 1.308 0.1276 0 1.1417 0.2357 0.4729 1.2357 0.2357 -0.5118
5 24 1.308 0.1276 0 1.2084 0.1276 0.5006 1.3333 0 0 1.2357 0.2357 0
5 24 1.308 0.1276 0 1.3333 0 0 1.2084 0.1276 0.5006 1.308 0.1276 -0.5418
5 24 1.3333 0 0 1.2319 0 0.5103 1.3333 -0.1381 0 1.308 0.1276 0
5 24 0.9239 0.3333 0.3827 0.7071 0.3333 0.7071 1.0418 0.308 0.4315 0.7963 0.3333 0.3299
5 24 0.9239 0.3333 0.3827 1.0418 0.308 0.4315 0.7071 0.3333 0.7071 1 0.3333 0
5 24 1.0418 0.308 0.4315 0.7973 0.308 0.7973 1.1417 0.2357 0.4729 0.9239 0.3333 0.3827
5 24 1.0418 0.308 0.4315 1.1417 0.2357 0.4729 0.7973 0.308 0.7973 1.1276 0.308 0
5 24 1.1417 0.2357 0.4729 0.8738 0.2357 0.8738 1.2084 0.1276 0.5006 1.0418 0.308 0.4315
5 24 1.1417 0.2357 0.4729 1.2084 0.1276 0.5006 0.8738 0.2357 0.8738 1.2357 0.2357 0
5 24 1.2084 0.1276 0.5006 0.9249 0.1276 0.9249 1.2319 0 0.5103 1.1417 0.2357 0.4729
5 24 1.2084 0.1276 0.5006 1.2319 0 0.5103 0.9249 0.1276 0.9249 1.308 0.1276 0
5 24 1.2319 0 0.5103 0.9428 0 0.9428 1.2319 -0.1381 0.5103 1.2084 0.1276 0.5006
5 24 0.7071 0.3333 0.7071 0.3827 0.3333 0.9239 0.7973 0.308 0.7973 0.6095 0.3333 0.6095
5 24 0.7071 0.3333 0.7071 0.7973 0.308 0.7973 0.3827 0.3333 0.9239 0.9239 0.3333 0.3827
5 24 0.7973 0.308 0.7973 0.4315 0.308 1.0418 0.8738 0.2357 0.8738 0.7071 0.3333 0.7071
5 24 0.7973 0.308 0.7973 0.8738 0.2357 0.8738 0.4315 0.308 1.0418 1.0418 0.308 0.4315
5 24 0.8738 0.2357 0.8738 0.4729 0.2357 1.1417 0.9249 0.1276 0.9249 0.7973 0.308 0.7973
5 24 0.8738 0.2357 0.8738 0.9249 0.1276 0.9249 0.4729 0.2357 1.1417 1.1417 0.2357 0.4729
5 24 0.9249 0.1276 0.9249 0.5006 0.1276 1.2084 0.9428 0 0.9428 0.8738 0.2357 0.8738
5 24 0.9249 0.1276 0.9249 0.9428 0 0.9428 0.5006 0.1276 1.2084 1.2084 0.1276 0.5006
5 24 0.9428 0 0.9428 0.5103 0 1.2319 0.9428 -0.1381 0.9428 0.9249 0.1276 0.9249
5 24 0.3827 0.3333 0.9239 0 0.3333 1 0.4315 0.308 1.0418 0.3299 0.3333 0.7963
5 24 0.3827 0.3333 0.9239 0.4315 0.308 1.0418 0 0.3333 1 0.7071 0.3333 0.7071
5 24 0.4315 0.308 1.0418 0 0.308 1.1276 0.4729 0.2357 1.1417 0.3827 0.3333 0.9239
5 24 0.4315 0.308 1.0418 0.4729 0.2357 1.1417 0 0.308 1.1276 0.7973 0.308 0.7973
5 24 0.4729 0.2357 1.1417 0 0.2357 1.2357 0.5006 0.1276 1.2084 0.4315 0.308 1.0418
5 24 0.4729 0.2357 1.1417 0.5006 0.1276 1.2084 0 0.2357 1.2357 0.8738 0.2357 0.8738
5 24 0.5006 0.1276 1.2084 0 0.1276 1.308 0.5103 0 1.2319 0.4729 0.2357 1.1417
5 24 0.5006 0.1276 1.2084 0.5103 0 1.2319 0 0.1276 1.308 0.9249 0.1276 0.9249
5 24 0.5103 0 1.2319 0 0 1.3333 0.5103 -0.1381 1.2319 0.5006 0.1276 1.2084
5 24 0 0.3333 1 0 0.308 1.1276 -0.4142 0.3333 1 0.3827 0.3333 0.9239
5 24 0 0.308 1.1276 0 0.2357 1.2357 -0.467 0.308 1.1276 0.4315 0.308 1.0418
5 24 0 0.2357 1.2357 0 0.1276 1.308 -0.5118 0.2357 1.2357 0.4729 0.2357 1.1417
5 24 0 0.1276 1.308 0 0 1.3333 -0.5418 0.1276 1.308 0.5006 0.1276 1.2084
0 // Build by Primitive Generator 2
