0 ~Slope Brick 45 10 x  2 x  2 Double without Decorated Surface
0 Name: s\30180s01.dat
0 Author: Andrew Ananjev [woozle]
0 !LDRAW_ORG Subpart UPDATE 2010-02
0 !LICENSE Redistributable under CCAL version 2.0 : see CAreadme.txt

0 BFC CERTIFY CCW

0 !HISTORY 2004-09-25 [WilliamH] Re-write
0 !HISTORY 2010-07-05 [PTadmin] Official Update 2010-02

1 16 0 0 40 0 0 -1 0 1 0 1 0 0 stug2.dat
1 16 0 0 0 0 0 -1 0 1 0 1 0 0 stug2.dat
1 16 0 0 -40 0 0 -1 0 1 0 1 0 0 stug2.dat
1 16 0 21.5 -80 -20 0 0 0 1 21.5 0 0 -20 rect3.dat
1 16 0 0 0 20 0 0 0 1 0 0 0 60 rect.dat
1 16 0 21.5 80 20 0 0 0 1 21.5 0 0 20 rect3.dat
0 BFC INVERTNEXT
1 16 0 24 0 16 0 0 0 -20 0 0 0 56 box5.dat
1 16 0 4 40 0 0 -1 0 -5 0 1 0 0 stud4.dat
1 16 0 4 20 0 0 -1 0 -5 0 1 0 0 stud4.dat
1 16 -12 4 20 -4 0 0 0 16 0 0 0 -0.5 BOX3U2P.DAT
1 16 12 4 20 -4 0 0 0 16 0 0 0 -0.5 BOX3U2P.DAT
1 16 0 4 0 0 0 -1 0 -5 0 1 0 0 stud4.dat
1 16 0 4 -20 0 0 -1 0 -5 0 1 0 0 stud4.dat
1 16 -12 4 -20 -4 0 0 0 16 0 0 0 -0.5 BOX3U2P.DAT
1 16 12 4 -20 -4 0 0 0 16 0 0 0 -0.5 BOX3U2P.DAT
1 16 0 4 -40 0 0 -1 0 -5 0 1 0 0 stud4.dat
4 16 -20 0 60 -20 24 60 -20 24 -60 -20 0 -60
4 16 20 24 60 16 24 56 -16 24 56 -20 24 60
4 16 -20 24 60 -16 24 56 -16 24 -56 -20 24 -60
4 16 20 24 -60 16 24 -56 16 24 56 20 24 60
4 16 -20 24 -60 -16 24 -56 16 24 -56 20 24 -60
2 24 -20 24 60 -20 24 -60
2 24 20 24 -60 20 24 60
4 16 20 0 60 20 24 60 20 43 80 20 43 100
4 16 20 43 -100 20 43 -80 20 24 -60 20 0 -60
4 16 -20 43 100 -20 43 80 -20 24 60 -20 0 60
4 16 -20 0 -60 -20 24 -60 -20 43 -80 -20 43 -100
4 16 16 24 60 16 4 60 16 25.75 80 16 43 80
4 16 16 43 -80 16 25.75 -80 16 4 -60 16 24 -60
4 16 -16 43 80 -16 25.75 80 -16 4 60 -16 24 60
4 16 -16 24 -60 -16 4 -60 -16 25.75 -80 -16 43 -80
1 16 0 36.5 -90 0 0 16 -6.5 -1 0 6 0 0 rect2p.dat
1 16 0 15 -70 0 0 16 -11 -1 0 10 0 0 rect2p.dat
1 16 0 36.5 90 0 0 -16 -6.5 -1 0 -6 0 0 rect2p.dat
1 16 0 15 70 0 0 -16 -11 -1 0 -10 0 0 rect2p.dat
4 16 16 43 96 16 48 96 16 48 84 16 30 84
4 16 16 30 -84 16 48 -84 16 48 -96 16 43 -96
4 16 -16 30 84 -16 48 84 -16 48 96 -16 43 96
4 16 -16 43 -96 -16 48 -96 -16 48 -84 -16 30 -84
1 16 18 33.5 70 -2 0 0 0 -1 9.5 0 0 10 rect3.dat
1 16 -18 33.5 70 -2 0 0 0 -1 9.5 0 0 10 rect3.dat
1 16 18 33.5 -70 2 0 0 0 -1 9.5 0 0 -10 rect3.dat
1 16 -18 33.5 -70 2 0 0 0 -1 9.5 0 0 -10 rect3.dat
1 16 0 14 60 -16 0 0 0 0 -10 0 -1 0 rect3.dat
1 16 0 14 -60 16 0 0 0 0 -10 0 1 0 rect3.dat
1 16 0 34.5 80 -16 0 0 0 0 -8.5 0 1 0 rect3.dat
1 16 0 34.5 -80 16 0 0 0 0 -8.5 0 -1 0 rect3.dat
1 16 0 45.5 96 -16 0 0 0 0 2.5 0 1 0 rect.dat
1 16 0 39 84 -16 0 0 0 0 9 0 -1 0 rect.dat
1 16 0 39 -84 16 0 0 0 0 9 0 1 0 rect.dat
1 16 0 45.5 -96 16 0 0 0 0 2.5 0 -1 0 rect.dat
4 16 20 48 100 16 48 96 -16 48 96 -20 48 100
4 16 -20 48 100 -16 48 96 -16 48 84 -20 48 80
4 16 20 48 80 16 48 84 16 48 96 20 48 100
4 16 -20 48 80 -16 48 84 16 48 84 20 48 80
4 16 20 48 -80 16 48 -84 -16 48 -84 -20 48 -80
4 16 -20 48 -80 -16 48 -84 -16 48 -96 -20 48 -100
4 16 20 48 -100 16 48 -96 16 48 -84 20 48 -80
4 16 -20 48 -100 -16 48 -96 16 48 -96 20 48 -100
2 24 -16 48 96 -16 48 84
2 24 16 48 84 16 48 96
2 24 20 24 60 -20 24 60
2 24 -16 48 -84 -16 48 -96
2 24 16 48 -96 16 48 -84
2 24 -20 24 -60 20 24 -60
1 16 0 36.5 90 -4 0 0 0 1 -4.4 0 0 -4 4-4edge.dat
1 16 0 41 90 0 0 -4 0 -4.5 0 4 0 0 2-4cyls.dat
1 16 0 41 90 0 0 4 0 -4.5 0 4 0 0 2-4cyls.dat
1 16 0 36.5 -90 4 0 0 0 1 -4.4 0 0 4 4-4edge.dat
1 16 0 41 -90 0 0 4 0 -4.5 0 -4 0 0 2-4cyls.dat
1 16 0 41 -90 0 0 -4 0 -4.5 0 -4 0 0 2-4cyls.dat
1 16 0 41 90 -1 0 0 0 -1.625 0 0 0 -1 stud3a.dat
1 16 0 41 -90 1 0 0 0 -1.625 0 0 0 1 stud3a.dat
1 16 0 48 90 20 0 0 0 -5 0 0 0 10 box4o4a.dat
1 16 0 48 -90 20 0 0 0 -5 0 0 0 10 box4o4a.dat
0
