0 ~Cylinder  2 x  2 with Dome Top with SW R2 Pattern Pupil  3
0 Name: s\30367ps1s23.dat
0 Author: Daniel Goerner [TK-949]
0 !LDRAW_ORG Subpart UPDATE 2012-03
0 !LICENSE Redistributable under CCAL version 2.0 : see CAreadme.txt

0 BFC CERTIFY CCW

0 !HISTORY 2012-12-28 [PTadmin] Official Update 2012-03

4 16 -4.45 6.697 16.61 -4.61 6.581 16.52 -4.36 5.781 16.17 -4.15 5.738 16.19
4 16 -4.61 6.581 16.52 -4.71 6.441 16.43 -4.54 5.893 16.19 -4.36 5.781 16.17
4 16 -4.25 6.737 16.67 -4.45 6.697 16.61 -4.15 5.738 16.19 -3.95 5.778 16.25
4 16 -3.86 6.602 16.68 -4.03 6.69 16.69 -3.78 5.89 16.34 -3.68 6.051 16.44
4 16 -3.72 6.427 16.62 -3.86 6.602 16.68 -3.68 6.051 16.44 -3.66 6.243 16.54
4 16 -4.71 6.441 16.43 -4.73 6.248 16.33 -4.67 6.045 16.24 -4.54 5.893 16.19
4 16 -4.03 6.69 16.69 -4.25 6.737 16.67 -3.95 5.778 16.25 -3.78 5.89 16.34
