0 ~Cylinder  2 x  2 with Dome Top with SW R2 Pattern Circle  3
0 Name: s\30367ps1s14.dat
0 Author: Daniel Goerner [TK-949]
0 !LDRAW_ORG Subpart UPDATE 2012-03
0 !LICENSE Redistributable under CCAL version 2.0 : see CAreadme.txt

0 BFC CERTIFY CCW

0 !HISTORY 2012-12-28 [PTadmin] Official Update 2012-03

4 16 5.48 6.645 16.38 5.14 5.591 15.92 5.41 5.918 16.03 5.52 6.281 16.19
4 16 3.76 6.96 16.88 3.43 5.91 16.42 3.63 5.59 16.22 4.13 7.187 16.92
4 16 3.49 6.653 16.78 3.38 6.27 16.61 3.43 5.91 16.42 3.76 6.96 16.88
4 16 4.13 7.187 16.92 3.63 5.59 16.22 3.97 5.365 16.04 4.54 7.25 16.87
4 16 4.94 7.19 16.76 4.36 5.301 15.93 4.77 5.364 15.88 5.27 6.961 16.58
4 16 4.54 7.25 16.87 3.97 5.365 16.04 4.36 5.301 15.93 4.94 7.19 16.76
4 16 5.27 6.961 16.58 4.77 5.364 15.88 5.14 5.591 15.92 5.48 6.645 16.38
