0 ~Cylinder  2 x  2 with Dome Top with SW R2 Pattern Panel  3
0 Name: s\30367ps1s05.dat
0 Author: Daniel Goerner [TK-949]
0 !LDRAW_ORG Subpart UPDATE 2012-03
0 !LICENSE Redistributable under CCAL version 2.0 : see CAreadme.txt

0 BFC CERTIFY CCW

0 !HISTORY 2012-12-28 [PTadmin] Official Update 2012-03

4 16 0 4.682 16.488 0 4.309 16.069 6.015 4.312 14.872 5.743 4.684 15.345
3 16 16.32 4.868 1.314 16.228 4.68 1.307 16.304 4.68 0.927
4 16 16.304 4.68 0.927 18.158 8.432 1.032 17.709 7.692 1.426 16.32 4.868 1.314
4 16 15.232 4.682 6.312 16.228 4.68 1.307 16.32 4.868 1.314 15.319 4.869 6.345
3 16 0 7.692 17.993 -0.43 4.68 16.402 0 4.868 16.581
3 16 0 4.868 16.581 -0.43 4.68 16.402 0 4.682 16.488
4 16 -0.479 8.432 18.268 -0.43 4.68 16.402 0 7.692 17.993 0 8.432 18.363
3 16 5.743 4.684 15.345 6.015 4.312 14.872 6.172 4.684 15.26
4 16 14.742 4.688 7.044 14.516 4.688 7.382 14.148 4.315 7.194 14.846 4.31 6.149
4 16 16.965 8.423 7.027 16.623 7.685 6.886 17.709 7.692 1.426 18.158 8.432 1.032
3 16 14.742 4.688 7.044 14.846 4.31 6.149 15.232 4.682 6.312
3 16 14.742 4.688 7.044 15.232 4.682 6.312 15.319 4.869 6.345
4 16 14.516 4.688 7.382 14.825 4.868 7.084 16.088 7.686 7.687 16.167 8.425 8.221
4 16 15.232 4.682 6.312 14.846 4.31 6.149 15.889 4.308 0.903 16.228 4.68 1.307
4 16 14.825 4.868 7.084 14.516 4.688 7.382 14.742 4.688 7.044 15.319 4.869 6.345
4 16 0 4.309 16.069 0 4.682 16.488 -0.43 4.68 16.402 -0.419 4.308 15.986
4 16 16.088 7.686 7.687 16.623 7.685 6.886 16.965 8.423 7.027 16.167 8.425 8.221
3 16 16.228 4.68 1.307 15.889 4.308 0.903 16.304 4.68 0.927
4 16 6.172 4.684 15.26 6.874 8.429 16.996 6.267 7.69 16.746 5.775 4.869 15.432
4 16 0 8.432 18.363 0 7.692 17.993 6.267 7.69 16.746 6.874 8.429 16.996
3 16 5.775 4.869 15.432 5.743 4.684 15.345 6.172 4.684 15.26
4 16 0 4.682 16.488 5.743 4.684 15.345 5.775 4.869 15.432 0 4.868 16.581
