0 ~Cylinder  2 x  2 with Dome Top with SW R2 Pattern Pupil  1
0 Name: s\30367ps1s21.dat
0 Author: Daniel Goerner [TK-949]
0 !LDRAW_ORG Subpart UPDATE 2012-03
0 !LICENSE Redistributable under CCAL version 2.0 : see CAreadme.txt

0 BFC CERTIFY CCW

0 !HISTORY 2012-12-28 [PTadmin] Official Update 2012-03

4 16 0.36 2.407 -13.86 0.35 2.583 -14.06 0.44 2.759 -14.24 0.48 2.251 -13.66
4 16 0.48 2.251 -13.66 0.44 2.759 -14.24 0.62 2.916 -14.38 0.67 2.151 -13.51
4 16 0.67 2.151 -13.51 0.62 2.916 -14.38 0.86 3.012 -14.44 0.93 2.117 -13.42
4 16 0.93 2.117 -13.42 0.86 3.012 -14.44 1.13 3.05 -14.43 1.2 2.156 -13.41
4 16 1.62 2.399 -13.6 1.58 2.917 -14.19 1.7 2.76 -13.99 1.71 2.584 -13.79
4 16 1.2 2.156 -13.41 1.13 3.05 -14.43 1.38 3.015 -14.34 1.44 2.252 -13.47
4 16 1.44 2.252 -13.47 1.38 3.015 -14.34 1.58 2.917 -14.19 1.62 2.399 -13.6
