0 ~Cylinder  2 x  2 with Dome Top with SW R2 Pattern Sensor
0 Name: s\30367ps1s16.dat
0 Author: Daniel Goerner [TK-949]
0 !LDRAW_ORG Subpart UPDATE 2012-03
0 !LICENSE Redistributable under CCAL version 2.0 : see CAreadme.txt

0 BFC CERTIFY CCW

0 !HISTORY 2012-12-28 [PTadmin] Official Update 2012-03

4 16 1.27 7.492 -17.64 1.1 8.604 -18.23 1.36 8.767 -18.26 1.54 7.439 -17.56
4 16 2.26 7.886 -17.64 2.16 8.646 -18.04 2.3 8.421 -17.9 2.34 8.157 -17.76
4 16 1.03 7.636 -17.76 0.93 8.396 -18.16 1.1 8.604 -18.23 1.27 7.492 -17.64
4 16 1.54 7.439 -17.56 1.36 8.767 -18.26 1.66 8.827 -18.23 1.82 7.51 -17.54
4 16 2.08 7.654 -17.56 1.94 8.778 -18.15 2.16 8.646 -18.04 2.26 7.886 -17.64
4 16 0.89 7.86 -17.9 0.85 8.124 -18.04 0.93 8.396 -18.16 1.03 7.636 -17.76
4 16 1.82 7.51 -17.54 1.66 8.827 -18.23 1.94 8.778 -18.15 2.08 7.654 -17.56
