0 ~Cylinder  2 x  2 with Dome Top with SW R2 Pattern Panel  5
0 Name: s\30367ps1s07.dat
0 Author: Daniel Goerner [TK-949]
0 !LDRAW_ORG Subpart UPDATE 2012-03
0 !LICENSE Redistributable under CCAL version 2.0 : see CAreadme.txt

0 BFC CERTIFY CCW

0 !HISTORY 2012-12-28 [PTadmin] Official Update 2012-03

4 16 7.417 4.315 -13.999 7.61 4.688 -14.363 10.607 4.683 -12.358 10.34 4.313 -12.046
4 16 -8.386 4.679 -13.844 -9.494 9.042 -15.674 -7.451 9.039 -17.04 -6.582 4.682 -15.052
4 16 -13.093 4.682 -9.508 -13.385 4.686 -9.071 -15.155 9.033 -10.271 -14.825 9.034 -10.766
4 16 16.419 4.682 -0.346 16.132 4.682 -1.788 18.263 9.034 -2.024 18.588 9.034 -0.391
4 16 -17.366 9.039 -6.534 -17.244 9.038 -7.144 -15.232 4.682 -6.312 -15.34 4.682 -5.772
4 16 16.002 4.309 -0.337 15.722 4.31 -1.742 16.132 4.682 -1.788 16.419 4.682 -0.346
4 16 -8.173 4.308 -13.493 -8.386 4.679 -13.844 -6.582 4.682 -15.052 -6.414 4.309 -14.669
4 16 10.607 4.683 -12.358 7.61 4.688 -14.363 8.616 9.03 -16.261 12.011 9.036 -13.993
4 16 -1.474 9.034 -18.373 0 9.038 -18.666 0 7.018 -17.657 -1.395 7.018 -17.38
4 16 -14.95 4.31 -5.625 -15.34 4.682 -5.772 -15.232 4.682 -6.312 -14.845 4.316 -6.15
4 16 -13.093 4.682 -9.508 -12.762 4.314 -9.268 -13.047 4.314 -8.842 -13.385 4.686 -9.071
3 16 1.66 8.827 -18.23 1.36 8.767 -18.26 0 9.038 -18.666
4 16 0.85 8.124 -18.04 0.89 7.86 -17.9 0 7.018 -17.657 0 9.038 -18.666
4 16 0 7.018 -17.657 1.27 7.492 -17.64 1.54 7.439 -17.56 2.662 7.02 -17.128
3 16 2.662 7.02 -17.128 1.54 7.439 -17.56 1.82 7.51 -17.54
3 16 0 7.018 -17.657 0.89 7.86 -17.9 1.03 7.636 -17.76
3 16 1.27 7.492 -17.64 0 7.018 -17.657 1.03 7.636 -17.76
3 16 2.16 8.646 -18.04 1.94 8.778 -18.15 2.814 9.039 -18.106
3 16 2.3 8.421 -17.9 2.16 8.646 -18.04 2.814 9.039 -18.106
3 16 0.85 8.124 -18.04 0 9.038 -18.666 0.93 8.396 -18.16
3 16 0.93 8.396 -18.16 0 9.038 -18.666 1.1 8.604 -18.23
3 16 1.1 8.604 -18.23 0 9.038 -18.666 1.36 8.767 -18.26
4 16 2.662 7.02 -17.128 2.26 7.886 -17.64 2.34 8.157 -17.76 2.814 9.039 -18.106
3 16 2.662 7.02 -17.128 2.08 7.654 -17.56 2.26 7.886 -17.64
3 16 2.662 7.02 -17.128 1.82 7.51 -17.54 2.08 7.654 -17.56
3 16 2.814 9.039 -18.106 1.94 8.778 -18.15 1.66 8.827 -18.23
3 16 2.814 9.039 -18.106 1.66 8.827 -18.23 0 9.038 -18.666
3 16 2.34 8.157 -17.76 2.3 8.421 -17.9 2.814 9.039 -18.106
