0 ~Cylinder  2 x  2 with Dome Top with SW R2 Pattern Panel  1
0 Name: s\30367ps1s03.dat
0 Author: Daniel Goerner [TK-949]
0 !LDRAW_ORG Subpart UPDATE 2012-03
0 !LICENSE Redistributable under CCAL version 2.0 : see CAreadme.txt

0 BFC CERTIFY CCW

0 !HISTORY 2012-12-28 [PTadmin] Official Update 2012-03

3 16 10.808 0.98 4.476 10.2 0.613 0.57 10.46 0.688 0.68
3 16 10.808 0.98 4.476 10.72 0.757 0.68 10.97 0.818 0.58
3 16 10.808 0.98 4.476 10.46 0.688 0.68 10.72 0.757 0.68
4 16 6.721 0.399 6.721 8.272 0.979 8.272 4.476 0.98 10.808 3.638 0.398 8.781
3 16 10.02 0.555 0.38 9.5 0.398 0 9.92 0.516 0.13
3 16 9.92 0.516 0.13 9.5 0.398 0 9.92 0.509 0
3 16 10.808 0.98 4.476 10.02 0.555 0.38 10.2 0.613 0.57
4 16 -4.476 0.98 10.808 -3.638 0.398 8.781 -0.743 0.398 9.357 -0.91 0.98 11.52
4 16 -8.272 0.979 8.272 -9.46 0.978 6.49 -7.69 0.398 5.27 -6.721 0.399 6.721
4 16 -8.49 0.397 4.07 -10.45 0.978 5.01 -10.808 0.98 4.476 -8.781 0.398 3.638
3 16 11.25 0.869 0.14 11.25 0.861 0 11.69 0.978 0
4 16 10.808 0.98 4.476 8.781 0.398 3.638 9.5 0.398 0 10.02 0.555 0.38
4 16 10.808 0.98 4.476 10.97 0.818 0.58 11.15 0.855 0.39 11.69 0.978 0
3 16 11.15 0.855 0.39 11.25 0.869 0.14 11.69 0.978 0
4 16 -10.808 0.98 4.476 -11.69 0.978 0 -9.5 0.398 0 -8.781 0.398 3.638
4 16 -4.476 0.98 10.808 -8.272 0.979 8.272 -6.721 0.399 6.721 -3.638 0.398 8.781
4 16 8.781 0.398 3.638 10.808 0.98 4.476 10.45 0.978 5.01 8.49 0.397 4.07
4 16 0.743 0.398 9.357 3.638 0.398 8.781 4.476 0.98 10.808 0.91 0.98 11.52
4 16 6.721 0.399 6.721 7.69 0.398 5.27 9.46 0.978 6.49 8.272 0.979 8.272
