0 ~Cylinder  2 x  2 with Dome Top with SW R2 Pattern Back  2
0 Name: s\30367ps1s11.dat
0 Author: Daniel Goerner [TK-949]
0 !LDRAW_ORG Subpart UPDATE 2012-03
0 !LICENSE Redistributable under CCAL version 2.0 : see CAreadme.txt

0 BFC CERTIFY CCW

0 !HISTORY 2012-12-28 [PTadmin] Official Update 2012-03

3 16 6.312 4.682 15.232 6.874 8.429 16.996 6.172 4.684 15.26
4 16 13.821 4.686 8.42 14.516 4.688 7.382 16.167 8.425 8.221 15.648 9.032 9.533
4 16 16.623 7.685 6.886 16.088 7.686 7.687 14.825 4.868 7.084 15.319 4.869 6.345
4 16 16.167 8.425 8.221 16.965 8.423 7.027 17.245 9.039 7.143 15.648 9.032 9.533
3 16 6.312 4.682 15.232 7.143 9.039 17.245 6.874 8.429 16.996
4 16 6.874 8.429 16.996 7.143 9.039 17.245 0 9.038 18.666 0 8.432 18.363
4 16 -3.149 6.255 -16.649 -3.005 4.682 -15.89 -3.141 4.779 -15.912 -3.5 8.549 -17.727
4 16 -5.693 4.78 -15.404 -3.141 4.779 -15.912 -3.005 4.682 -15.89 -6.312 4.682 -15.232
4 16 16.488 4.68 0 16.419 4.682 -0.346 18.588 9.034 -0.391 18.666 9.038 0
3 16 -0.419 4.308 15.986 -0.43 4.68 16.402 -6.312 4.682 15.232
4 16 -8.28 9.03 16.486 -7.313 4.688 14.562 -6.312 4.682 15.232 -7.143 9.039 17.245
4 16 -18.114 9.034 2.777 -18.666 9.038 0 -16.488 4.68 0 -16 4.683 2.453
3 16 5.589 4.682 -15.376 3.466 1.697 -12.443 4.352 4.681 -15.622
4 16 8.616 9.03 -16.261 7.19 7.821 -16.5 6.935 7.942 -16.738 7.143 9.039 -17.245
4 16 -7.143 9.039 -17.245 -6.343 8.55 -17.162 -5.693 4.78 -15.404 -6.312 4.682 -15.232
4 16 -7.143 9.039 -17.245 -3.117 9.034 -18.046 -3.5 8.549 -17.727 -6.343 8.55 -17.162
4 16 -3.117 9.034 -18.046 -2.948 7.018 -17.071 -3.149 6.255 -16.649 -3.5 8.549 -17.727
4 16 10.607 4.683 -12.358 12.011 9.036 -13.993 12.553 9.037 -13.631 11.086 4.683 -12.038
3 16 3.18 5.81 16.42 0 4.868 16.581 3.43 5.43 16.18
4 16 0 4.868 16.581 3.18 5.81 16.42 3.13 6.27 16.66 0 7.692 17.993
3 16 3.27 6.725 16.86 0 7.692 17.993 3.13 6.27 16.66
3 16 4.33 5.069 15.82 0 4.868 16.581 5.775 4.869 15.432
3 16 3.83 5.17 15.97 0 4.868 16.581 4.33 5.069 15.82
3 16 3.43 5.43 16.18 0 4.868 16.581 3.83 5.17 15.97
3 16 6.267 7.69 16.746 0 7.692 17.993 4.56 7.478 16.98
4 16 -12.592 1.216 0 -15.565 4.308 -2.535 -14.95 4.31 -5.625 -11.632 1.216 -4.816
3 16 -14.845 4.316 -6.15 -11.632 1.216 -4.816 -14.95 4.31 -5.625
3 16 3.6 7.136 17 0 7.692 17.993 3.27 6.725 16.86
3 16 4.05 7.395 17.04 0 7.692 17.993 3.6 7.136 17
3 16 4.56 7.478 16.98 0 7.692 17.993 4.05 7.395 17.04
3 16 6.267 7.69 16.746 4.56 7.478 16.98 5.06 7.397 16.84
3 16 6.267 7.69 16.746 5.06 7.397 16.84 5.46 7.137 16.63
3 16 5.775 4.869 15.432 5.63 5.825 15.94 5.3 5.435 15.81
3 16 5.775 4.869 15.432 5.3 5.435 15.81 4.85 5.156 15.76
3 16 4.85 5.156 15.76 4.33 5.069 15.82 5.775 4.869 15.432
3 16 5.72 6.74 16.38 6.267 7.69 16.746 5.46 7.137 16.63
3 16 5.77 6.281 16.14 6.267 7.69 16.746 5.72 6.74 16.38
4 16 5.775 4.869 15.432 6.267 7.69 16.746 5.77 6.281 16.14 5.63 5.825 15.94
4 16 0 1.216 -12.592 0 1.321 -12.71 2.629 1.322 -12.187 4.816 1.216 -11.632
4 16 3.466 1.697 -12.443 4.816 1.216 -11.632 2.629 1.322 -12.187 2.716 1.697 -12.592
4 16 6.312 4.689 -15.232 4.816 1.216 -11.632 3.466 1.697 -12.443 5.589 4.682 -15.376
3 16 -1.97 7.018 -17.265 -3.149 6.255 -16.649 -2.948 7.018 -17.071
4 16 -11.363 4.312 11.363 -14.845 4.311 6.151 -11.632 1.216 4.816 -8.904 1.216 8.904
4 16 -16.488 4.68 0 -15.97 4.681 -2.602 -15.565 4.308 -2.535 -12.592 1.216 0
4 16 -1.97 7.018 -17.265 -2.083 9.034 -18.252 -1.474 9.034 -18.373 -1.395 7.018 -17.38
3 16 0 7.018 -17.657 0 6.254 -17.275 -1.395 7.018 -17.38
4 16 -1.97 7.018 -17.265 -1.395 7.018 -17.38 0 6.254 -17.275 -3.149 6.255 -16.649
4 16 -12.787 7.876 12.787 -12.46 6.952 12.46 -9.13 6.946 14.685 -9.08 7.87 15.264
4 16 -8.417 5.234 14.15 -9.08 7.87 15.264 -9.13 6.946 14.685 -8.924 6.155 14.355
4 16 -11.854 5.24 11.854 -8.417 5.234 14.15 -8.924 6.155 14.355 -12.18 6.16 12.18
3 16 11.363 4.312 11.363 9.252 4.307 12.773 8.904 1.216 8.904
4 16 6.312 4.682 15.232 4.816 1.216 11.632 8.904 1.216 8.904 9.252 4.307 12.773
3 16 0 1.216 12.592 0 4.309 16.069 -0.419 4.308 15.986
4 16 14.846 4.31 6.149 11.632 1.216 4.816 12.592 1.216 0 15.889 4.308 0.903
4 16 16.488 4.68 0 16.304 4.68 0.927 15.889 4.308 0.903 12.592 1.216 0
3 16 9.492 4.678 13.104 6.312 4.682 15.232 9.252 4.307 12.773
4 16 -6.312 4.682 15.232 -4.816 1.216 11.632 0 1.216 12.592 -0.419 4.308 15.986
4 16 7.61 4.688 -14.363 7.37 5.995 -15.3 7.57 6.695 -15.58 8.616 9.03 -16.261
3 16 8.616 9.03 -16.261 7.57 6.695 -15.58 7.51 7.32 -15.99
3 16 8.616 9.03 -16.261 7.51 7.32 -15.99 7.19 7.821 -16.5
3 16 6.34 4.829 -15.3 7.61 4.688 -14.363 6.312 4.689 -15.232
3 16 6.93 5.327 -15.2 7.61 4.688 -14.363 6.34 4.829 -15.3
3 16 7.37 5.995 -15.3 7.61 4.688 -14.363 6.93 5.327 -15.2
3 16 -6.414 4.309 -14.669 -4.816 1.216 -11.632 -8.173 4.308 -13.493
4 16 -6.414 4.309 -14.669 -6.582 4.682 -15.052 -6.312 4.682 -15.232 -4.816 1.216 -11.632
3 16 14.846 4.312 -6.149 11.632 1.216 -4.816 13.251 4.308 -8.536
3 16 -9.986 4.307 -12.282 -8.904 1.216 -8.904 -11.363 4.306 -11.363
4 16 -9.986 4.307 -12.282 -8.173 4.308 -13.493 -4.816 1.216 -11.632 -8.904 1.216 -8.904
4 16 -10.245 4.677 -12.6 -8.386 4.679 -13.844 -8.173 4.308 -13.493 -9.986 4.307 -12.282
3 16 12.954 4.307 -8.98 8.904 1.216 -8.904 11.363 4.312 -11.363
4 16 8.904 1.216 -8.904 12.954 4.307 -8.98 13.251 4.308 -8.536 11.632 1.216 -4.816
4 16 -4.21 8.302 17.46 -3.45 8.159 17.54 -0.479 8.432 18.268 0 9.038 18.666
3 16 -4.93 8.168 17.25 -4.21 8.302 17.46 -7.143 9.039 17.245
3 16 -5.54 7.771 16.93 -4.93 8.168 17.25 -7.143 9.039 17.245
3 16 -2.07 6.51 16.99 -0.479 8.432 18.268 -2.28 7.193 17.29
3 16 -2.28 7.193 17.29 -0.479 8.432 18.268 -2.76 7.765 17.48
3 16 -2.76 7.765 17.48 -0.479 8.432 18.268 -3.45 8.159 17.54
3 16 -5.54 7.771 16.93 -7.143 9.039 17.245 -5.9 7.194 16.57
3 16 -4.63 4.869 15.66 -5.3 5.255 15.72 -6.312 4.682 15.232
3 16 -6.312 4.682 15.232 -3.86 4.722 15.74 -4.63 4.869 15.66
3 16 -4.21 8.302 17.46 0 9.038 18.666 -7.143 9.039 17.245
4 16 -5.99 6.51 16.21 -5.9 7.194 16.57 -7.143 9.039 17.245 -6.312 4.682 15.232
3 16 -5.77 5.822 15.91 -5.99 6.51 16.21 -6.312 4.682 15.232
3 16 -5.3 5.255 15.72 -5.77 5.822 15.91 -6.312 4.682 15.232
4 16 -2.07 6.51 16.99 -2.15 5.822 16.63 -0.43 4.68 16.402 -0.479 8.432 18.268
4 16 3.78 6.49 -16.64 3.573 6.257 -16.564 2.662 7.02 -17.128 3.99 7.174 -16.94
4 16 3.99 7.174 -16.94 2.662 7.02 -17.128 2.814 9.039 -18.106 4.48 7.749 -17.13
3 16 5.16 8.14 -17.19 4.48 7.749 -17.13 2.814 9.039 -18.106
3 16 4.24 5.213 -15.91 4.395 5.009 -15.777 3.444 5.008 -15.966
3 16 3.87 5.786 -16.27 4.24 5.213 -15.91 3.444 5.008 -15.966
4 16 3.87 5.786 -16.27 3.444 5.008 -15.966 3.573 6.257 -16.564 3.78 6.49 -16.64
4 16 5.91 8.278 -17.11 5.16 8.14 -17.19 2.814 9.039 -18.106 7.143 9.039 -17.245
3 16 -3.86 4.722 15.74 -0.43 4.68 16.402 -3.12 4.868 15.96
3 16 -3.12 4.868 15.96 -0.43 4.68 16.402 -2.52 5.249 16.27
3 16 -0.43 4.68 16.402 -2.15 5.822 16.63 -2.52 5.249 16.27
3 16 7.143 9.039 -17.245 6.66 8.137 -16.89 5.91 8.278 -17.11
3 16 7.143 9.039 -17.245 6.935 7.942 -16.738 6.66 8.137 -16.89
3 16 -6.312 4.682 15.232 -0.43 4.68 16.402 -3.86 4.722 15.74
3 16 -13.047 4.314 -8.842 -11.632 1.216 -4.816 -14.845 4.316 -6.15
3 16 16.002 4.309 -0.337 12.592 1.216 0 15.722 4.31 -1.742
3 16 15.722 4.31 -1.742 12.592 1.216 0 15.089 4.311 -4.927
3 16 -12.762 4.314 -9.268 -11.632 1.216 -4.816 -13.047 4.314 -8.842
3 16 4.24 5.213 -15.91 4.86 4.82 -15.59 4.395 5.009 -15.777
4 16 6.015 4.312 14.872 0 4.309 16.069 1.68 3.727 15.08 3.86 3.722 14.64
3 16 0 4.309 16.069 1.34 3.631 15.04 1.5 3.704 15.09
3 16 0 4.309 16.069 1.23 3.541 14.96 1.34 3.631 15.04
3 16 1.84 3.702 15.02 3.53 3.637 14.61 3.68 3.699 14.65
4 16 1.84 3.702 15.02 3.68 3.699 14.65 3.86 3.722 14.64 1.68 3.727 15.08
3 16 0 4.309 16.069 1.5 3.704 15.09 1.68 3.727 15.08
3 16 0 4.309 16.069 1.17 3.423 14.84 1.23 3.541 14.96
3 16 6.015 4.312 14.872 4.16 3.633 14.48 4.24 3.541 14.36
3 16 6.015 4.312 14.872 4.24 3.541 14.36 4.24 3.425 14.23
4 16 6.015 4.312 14.872 4.24 3.425 14.23 4.18 3.299 14.1 4.816 1.216 11.632
3 16 4.03 3.699 14.58 6.015 4.312 14.872 3.86 3.722 14.64
3 16 4.16 3.633 14.48 6.015 4.312 14.872 4.03 3.699 14.58
4 16 1.97 3.636 14.92 3.41 3.536 14.52 3.53 3.637 14.61 1.84 3.702 15.02
4 16 1.17 3.423 14.84 0 4.309 16.069 0 1.216 12.592 1.17 3.299 14.7
3 16 1.25 3.206 14.58 1.17 3.299 14.7 0 1.216 12.592
3 16 1.38 3.14 14.48 1.25 3.206 14.58 0 1.216 12.592
4 16 -12.787 7.876 12.787 -13.619 7.882 11.543 -12.659 6.957 12.162 -12.46 6.952 12.46
4 16 -12.659 6.957 12.162 -13.619 7.882 11.543 -12.624 5.239 10.7 -12.374 6.163 11.889
4 16 -12.374 6.163 11.889 -12.624 5.239 10.7 -11.854 5.24 11.854 -12.18 6.16 12.18
3 16 1.54 3.115 14.42 1.38 3.14 14.48 0 1.216 12.592
4 16 2 3.304 14.54 3.44 3.203 14.14 3.36 3.305 14.27 2.06 3.421 14.66
4 16 2.06 3.421 14.66 3.36 3.305 14.27 3.35 3.419 14.4 2.05 3.535 14.79
4 16 2.05 3.535 14.79 3.35 3.419 14.4 3.41 3.536 14.52 1.97 3.636 14.92
4 16 1.72 3.138 14.41 1.54 3.115 14.42 0 1.216 12.592 3.73 3.112 13.98
4 16 1.72 3.138 14.41 3.73 3.112 13.98 3.56 3.144 14.05 1.88 3.202 14.45
4 16 1.88 3.202 14.45 3.56 3.144 14.05 3.44 3.203 14.14 2 3.304 14.54
3 16 6.34 4.829 -15.3 6.312 4.689 -15.232 5.589 4.682 -15.376
3 16 4.86 4.82 -15.59 5.589 4.682 -15.376 4.352 4.681 -15.622
3 16 4.395 5.009 -15.777 4.86 4.82 -15.59 4.352 4.681 -15.622
3 16 4.816 1.216 11.632 4.18 3.299 14.1 4.07 3.208 14.02
3 16 4.816 1.216 11.632 4.07 3.208 14.02 3.9 3.142 13.98
4 16 4.816 1.216 11.632 3.9 3.142 13.98 3.73 3.112 13.98 0 1.216 12.592
4 16 -16.488 4.68 0 -12.592 1.216 0 -15.593 4.31 2.391 -16 4.683 2.453
4 16 17.709 7.692 1.426 16.623 7.685 6.886 15.319 4.869 6.345 16.32 4.868 1.314
4 16 18.158 8.432 1.032 16.304 4.68 0.927 16.488 4.68 0 18.666 9.038 0
4 16 10.34 4.313 -12.046 10.607 4.683 -12.358 11.086 4.683 -12.038 10.806 4.313 -11.734
3 16 14.985 4.311 -5.449 11.632 1.216 -4.816 14.846 4.312 -6.149
4 16 11.632 1.216 -4.816 14.985 4.311 -5.449 15.089 4.311 -4.927 12.592 1.216 0
3 16 11.363 4.312 -11.363 8.904 1.216 -8.904 10.806 4.313 -11.734
4 16 6.312 4.689 -15.232 7.61 4.688 -14.363 7.417 4.315 -13.999 4.816 1.216 -11.632
4 16 -11.363 4.306 -11.363 -8.904 1.216 -8.904 -11.632 1.216 -4.816 -12.762 4.314 -9.268
3 16 10.806 4.313 -11.734 8.904 1.216 -8.904 10.34 4.313 -12.046
4 16 8.904 1.216 -8.904 4.816 1.216 -11.632 7.417 4.315 -13.999 10.34 4.313 -12.046
4 16 16.488 4.68 0 12.592 1.216 0 16.002 4.309 -0.337 16.419 4.682 -0.346
4 16 -6.312 4.682 15.232 -7.313 4.688 14.562 -7.128 4.315 14.192 -4.816 1.216 11.632
3 16 4.816 1.216 11.632 6.312 4.682 15.232 6.015 4.312 14.872
4 16 -11.632 1.216 4.816 -14.845 4.311 6.151 -15.593 4.31 2.391 -12.592 1.216 0
4 16 -8.904 1.216 8.904 -4.816 1.216 11.632 -7.128 4.315 14.192 -11.363 4.312 11.363
3 16 6.015 4.312 14.872 6.312 4.682 15.232 6.172 4.684 15.26
3 16 14.846 4.31 6.149 14.148 4.315 7.194 11.632 1.216 4.816
4 16 14.516 4.688 7.382 13.821 4.686 8.42 13.471 4.314 8.207 14.148 4.315 7.194
3 16 13.471 4.314 8.207 11.363 4.312 11.363 8.904 1.216 8.904
4 16 11.632 1.216 4.816 14.148 4.315 7.194 13.471 4.314 8.207 8.904 1.216 8.904
4 16 -6.582 4.682 -15.052 -7.451 9.039 -17.04 -7.143 9.039 -17.245 -6.312 4.682 -15.232
4 16 -10.245 4.677 -12.6 -11.6 9.046 -14.267 -9.494 9.042 -15.674 -8.386 4.679 -13.844
4 16 -2.317 1.322 -12.249 -4.816 1.216 -11.632 -6.312 4.682 -15.232 -3.005 4.682 -15.89
4 16 0 6.254 -17.275 0 7.018 -17.657 2.662 7.02 -17.128 3.573 6.257 -16.564
4 16 0 1.216 -12.592 -4.816 1.216 -11.632 -2.317 1.322 -12.249 0 1.321 -12.71
4 16 18.158 8.432 1.032 18.666 9.038 0 17.245 9.039 7.143 16.965 8.423 7.027
4 16 10.747 9.045 14.837 7.143 9.039 17.245 6.312 4.682 15.232 9.492 4.678 13.104
4 16 -18.666 9.038 0 -18.08 9.039 -2.945 -15.97 4.681 -2.602 -16.488 4.68 0
3 16 0 8.432 18.363 0 9.038 18.666 -0.479 8.432 18.268
