0 ~Cylinder  2 x  2 x  2 Robot Body with SW R2 Pattern Base
0 Name: s\30361ps1s01.dat
0 Author: Daniel Goerner [TK-949]
0 !LDRAW_ORG Subpart UPDATE 2012-03
0 !LICENSE Redistributable under CCAL version 2.0 : see CAreadme.txt

0 BFC CERTIFY CCW

0 !HISTORY 2012-12-28 [PTadmin] Official Update 2012-03

3 16 -3.56 22.42 -19.289 -3.56 27.76 -19.289 -2.78 27.66 -19.444
3 16 14.14 -8.16 -14.14 11.62 -7.24 -15.824 14.14 -7.24 -14.14
4 16 -3.56 27.76 -19.289 -7.653 27.76 -18.475 -7.653 28.45 -18.475 0 28.45 -19.997
4 16 0 28.45 -19.997 0 27.66 -19.997 -2.78 27.66 -19.444 -3.56 27.76 -19.289
3 16 11.62 -7.24 -15.824 10.94 -7.24 -16.278 10.94 3.63 -16.278
4 16 7.66 1.83 -18.47 7.653 3 -18.475 10.42 3 -16.626 9.56 1.21 -17.201
4 16 9.56 0.27 -17.201 9.56 1.21 -17.201 10.42 3 -16.626 10.42 -1.49 -16.626
4 16 11.62 -7.24 -15.824 10.94 3.63 -16.278 10.94 4.48 -16.278 11.62 14.39 -15.824
4 16 7.653 3.63 -18.475 7.653 4.48 -18.475 10.94 4.48 -16.278 10.94 3.63 -16.278
3 16 14.14 -8.16 -14.14 10.94 -7.24 -16.278 11.62 -7.24 -15.824
3 16 14.14 17.97 -14.14 11.62 19.03 -15.824 14.14 19.03 -14.14
3 16 14.14 17.97 -14.14 11.62 17.97 -15.824 11.62 19.03 -15.824
4 16 11.62 21.36 -15.824 11.62 19.03 -15.824 9.97 21.36 -16.927 9.91 22.42 -16.967
4 16 13.62 19.66 -14.487 12.14 19.66 -15.477 12.14 20.73 -15.477 13.62 20.73 -14.487
3 16 -7.653 29.08 -18.475 -7.653 30 -18.475 0 30 -19.997
3 16 14.14 -10 -14.14 7.653 -10 -18.475 14.14 -8.79 -14.14
4 16 7.653 -8.16 -18.475 7.653 -7.24 -18.475 10.94 -7.24 -16.278 14.14 -8.16 -14.14
3 16 0 29.08 -19.997 -7.653 29.08 -18.475 0 30 -19.997
3 16 7.653 -10 -18.475 7.653 -8.79 -18.475 14.14 -8.79 -14.14
4 16 11.62 21.36 -15.824 11.53 22.42 -15.884 12.8 22.42 -15.035 14.14 21.36 -14.14
3 16 14.14 21.36 -14.14 12.8 22.42 -15.035 14.03 22.42 -14.214
3 16 14.14 21.36 -14.14 14.03 22.42 -14.214 14.14 22.69 -14.14
4 16 7.653 21.36 -18.475 7.653 22.42 -18.475 9.04 22.42 -17.548 9.97 21.36 -16.927
4 16 9.91 22.42 -16.967 9.97 21.36 -16.927 9.04 22.42 -17.548 9.07 27.66 -17.528
3 16 11.62 21.36 -15.824 9.91 22.42 -16.967 11.53 22.42 -15.884
3 16 9.91 22.42 -16.967 9.07 27.66 -17.528 9.91 27.66 -16.967
4 16 18.25 0 -8 14.9 -8.151 -13.005 14.9 -7.944 -13.004 18.48 1.741 -7.654
3 16 11.01 23.05 -16.232 10.43 23.05 -16.619 10.43 27.03 -16.619
3 16 11.01 23.05 -16.232 10.43 27.03 -16.619 11.01 27.03 -16.232
4 16 8.52 23.05 -17.896 7.92 23.05 -18.297 7.92 27.03 -18.297 8.52 27.03 -17.896
4 16 11.53 22.42 -15.884 11.55 27.66 -15.871 11.92 26.25 -15.624 11.92 25.04 -15.624
3 16 14.14 -10 -14.14 14.587 -8.79 -13.472 14.637 -8.79 -13.398
3 16 10.42 -6.61 -16.626 7.653 -6.61 -18.475 9.56 -4.84 -17.201
4 16 10.42 -6.61 -16.626 9.56 -4.84 -17.201 9.56 -3.9 -17.201 10.42 -2.12 -16.626
3 16 9.56 -3.9 -17.201 7.653 -2.12 -18.475 10.42 -2.12 -16.626
4 16 7.66 -0.35 -18.47 9.56 0.27 -17.201 10.42 -1.49 -16.626 7.653 -1.49 -18.475
4 16 7.8 -3.9 -18.377 7.653 -3.79 -18.475 7.653 -2.12 -18.475 9.56 -3.9 -17.201
4 16 7.653 -6.61 -18.475 7.653 -4.95 -18.475 7.8 -4.84 -18.377 9.56 -4.84 -17.201
4 16 11.62 17.97 -15.824 10.94 4.48 -16.278 10.94 17.97 -16.278 11.62 19.03 -15.824
3 16 13.62 -6.61 -14.487 12.14 -6.61 -15.477 12.14 14.39 -15.477
4 16 10.94 17.97 -16.278 7.653 17.97 -18.475 7.653 19.03 -18.475 9.96 19.03 -16.933
4 16 11.62 19.03 -15.824 10.94 17.97 -16.278 9.96 19.03 -16.933 9.97 21.36 -16.927
4 16 10.42 5.11 -16.626 7.653 5.11 -18.475 7.653 17.34 -18.475 10.42 17.34 -16.626
4 16 12.14 14.39 -15.477 12.14 17.34 -15.477 13.62 14.39 -14.487 13.62 -6.61 -14.487
3 16 13.62 14.39 -14.487 12.14 17.34 -15.477 13.62 17.34 -14.487
3 16 -2.78 22.42 -19.444 -3.56 22.42 -19.289 -2.78 27.66 -19.444
4 16 -14.9 -8.151 -13.005 -14.9 -8.79 -13.004 -18.48 -10 -7.654 -18.48 -1.741 -7.654
4 16 -14.9 -8.79 -13.004 -14.637 -8.79 -13.398 -14.14 -10 -14.14 -18.48 -10 -7.654
4 16 -7.653 -10 -18.475 -7.653 -8.79 -18.475 0 -8.79 -19.997 0 -10 -19.997
3 16 -14.9 -8.151 -13.005 -18.48 -1.741 -7.654 -18.25 0 -8
4 16 -14.14 28.45 -14.14 -14.14 27.76 -14.14 -14.55 27.76 -13.527 -14.55 28.45 -13.527
3 16 -14.14 17.97 -14.14 -14.55 19.03 -13.527 -14.14 19.03 -14.14
4 16 -14.55 19.03 -13.527 -14.14 17.97 -14.14 -14.14 14.39 -14.14 -14.55 -8.16 -13.527
3 16 0 -8.16 -19.997 -7.653 -8.16 -18.475 0 -7.24 -19.997
4 16 -3.9 -5.76 -19.221 -7.653 -6.61 -18.475 -7.14 -5.6 -18.577 -5.67 -4.84 -18.869
3 16 -7.653 -6.61 -18.475 -7.653 -5.46 -18.475 -7.14 -5.6 -18.577
4 16 -3.9 -2.98 -19.221 -7.653 -2.12 -18.475 0 -2.12 -19.997 0 -2.98 -19.997
3 16 -3.9 -5.76 -19.221 -5.67 -4.84 -18.869 -3.9 -4.84 -19.221
3 16 -7.653 -8.16 -18.475 -7.653 -7.24 -18.475 0 -7.24 -19.997
3 16 0 -6.61 -19.997 -3.9 -5.76 -19.221 0 -5.76 -19.997
3 16 0 -6.61 -19.997 -7.653 -6.61 -18.475 -3.9 -5.76 -19.221
3 16 -14.14 29.08 -14.14 -18.48 30 -7.654 -14.14 30 -14.14
3 16 12.8 22.42 -15.035 11.53 22.42 -15.884 11.92 24.14 -15.624
3 16 9.91 27.66 -16.967 9.07 27.66 -17.528 7.653 28.45 -18.475
4 16 11.55 27.66 -15.871 9.91 27.66 -16.967 7.653 28.45 -18.475 12.8 27.98 -15.035
3 16 11.92 26.25 -15.624 11.55 27.66 -15.871 12.8 27.98 -15.035
3 16 9.07 27.66 -17.528 7.653 27.66 -18.475 7.653 28.45 -18.475
4 16 14.14 28.45 -14.14 14.03 27.98 -14.214 12.8 27.98 -15.035 7.653 28.45 -18.475
3 16 14.14 27.71 -14.14 14.03 27.98 -14.214 14.14 28.45 -14.14
4 16 7.653 29.08 -18.475 7.653 30 -18.475 14.14 30 -14.14 14.14 29.08 -14.14
3 16 -14.14 -8.16 -14.14 -14.55 -8.16 -13.527 -14.14 -7.24 -14.14
3 16 -14.14 29.08 -14.14 -14.9 29.08 -13.004 -18.48 30 -7.654
3 16 11.53 22.42 -15.884 11.92 25.04 -15.624 11.92 24.14 -15.624
3 16 -14.55 -8.16 -13.527 -14.14 14.39 -14.14 -14.14 -7.24 -14.14
3 16 10.94 4.48 -16.278 11.62 17.97 -15.824 11.62 14.39 -15.824
4 16 -18.48 1.741 -7.654 -18.48 30 -7.654 -14.9 29.08 -13.004 -14.9 -7.944 -13.004
3 16 -14.14 -10 -14.14 -14.587 -8.79 -13.472 -14.14 -8.79 -14.14
3 16 -3.9 -3.9 -19.221 -5.67 -3.9 -18.869 -3.9 -2.98 -19.221
3 16 0 17.97 -19.997 -2.78 17.97 -19.444 0 19.03 -19.997
4 16 -2.78 17.97 -19.444 -3.56 17.97 -19.289 -2.78 19.03 -19.444 0 19.03 -19.997
4 16 -7.3 17.97 -18.545 -7.653 19.03 -18.475 -5.82 19.03 -18.84 -3.56 17.97 -19.289
4 16 -7.653 19.03 -18.475 -7.3 17.97 -18.545 -7.3 10.23 -18.545 -7.653 9.25 -18.475
4 16 -4.87 11.61 -19.028 -4.87 16.6 -19.028 -4.17 17.34 -19.168 -4.17 10.86 -19.168
4 16 -6.69 10.86 -18.667 -5.99 11.61 -18.806 -4.87 11.61 -19.028 -4.17 10.86 -19.168
4 16 -3.56 9.25 -19.289 -7.653 9.25 -18.475 -7.3 10.23 -18.545 -3.56 10.23 -19.289
4 16 -5.82 19.03 -18.84 -2.78 21.36 -19.444 -2.78 19.03 -19.444 -3.56 17.97 -19.289
3 16 -2.78 21.36 -19.444 -3.56 22.42 -19.289 -2.78 22.42 -19.444
4 16 -5.82 21.36 -18.84 -3.56 22.42 -19.289 -2.78 21.36 -19.444 -5.82 19.03 -18.84
4 16 -5.82 21.36 -18.84 -7.653 21.36 -18.475 -7.653 22.42 -18.475 -3.56 22.42 -19.289
4 16 -2.78 21.36 -19.444 -2.78 22.42 -19.444 0 22.42 -19.997 0 21.36 -19.997
4 16 0 19.66 -19.997 -2.17 19.66 -19.565 -2.17 20.73 -19.565 0 20.73 -19.997
3 16 -6.43 19.66 -18.718 -7.653 19.66 -18.475 -6.43 20.73 -18.718
3 16 -7.653 19.66 -18.475 -7.653 20.73 -18.475 -6.43 20.73 -18.718
4 16 -5.99 16.6 -18.806 -6.69 17.34 -18.667 -4.17 17.34 -19.168 -4.87 16.6 -19.028
3 16 -7.653 -1.49 -18.475 -7.65 0.16 -18.476 -6.41 -0.65 -18.722
4 16 -6.41 2.13 -18.722 -7.653 3 -18.475 0 3 -19.997 0 2.13 -19.997
3 16 -7.65 1.32 -18.476 -7.653 3 -18.475 -6.41 2.13 -18.722
3 16 0 -1.49 -19.997 -7.653 -1.49 -18.475 -6.41 -0.65 -18.722
4 16 -7.14 -3.14 -18.577 -7.653 -2.12 -18.475 -3.9 -2.98 -19.221 -5.67 -3.9 -18.869
3 16 -7.653 -3.28 -18.475 -7.653 -2.12 -18.475 -7.14 -3.14 -18.577
3 16 0 -1.49 -19.997 -6.41 -0.65 -18.722 0 -0.65 -19.997
3 16 0 3.63 -19.997 -2.78 4.48 -19.444 0 4.48 -19.997
4 16 -3.56 9.25 -19.289 -3.56 10.23 -19.289 -2.78 17.97 -19.444 -2.78 4.48 -19.444
3 16 -3.56 10.23 -19.289 -3.56 17.97 -19.289 -2.78 17.97 -19.444
4 16 -6.69 10.86 -18.667 -6.69 17.34 -18.667 -5.99 16.6 -18.806 -5.99 11.61 -18.806
3 16 -2.78 4.48 -19.444 -3.56 4.48 -19.289 -3.56 9.25 -19.289
3 16 0 3.63 -19.997 -3.56 4.48 -19.289 -2.78 4.48 -19.444
4 16 -7.653 3.63 -18.475 -7.653 4.48 -18.475 -3.56 4.48 -19.289 0 3.63 -19.997
4 16 -7.653 5.11 -18.475 -7.653 8.62 -18.475 -4.17 8.62 -19.168 -4.17 5.11 -19.168
4 16 -14.14 29.08 -14.14 -14.14 30 -14.14 -7.653 30 -18.475 -7.653 29.08 -18.475
4 16 -11.62 27.76 -15.824 -10.94 27.76 -16.278 -10.94 22.42 -16.278 -11.62 19.03 -15.824
4 16 -8.69 21.36 -17.782 -11.62 19.03 -15.824 -10.94 22.42 -16.278 -7.653 22.42 -18.475
3 16 -10.94 27.76 -16.278 -7.653 28.45 -18.475 -7.653 27.76 -18.475
4 16 -14.9 -7.944 -13.004 -14.9 -8.151 -13.005 -18.25 0 -8 -18.48 1.741 -7.654
3 16 -11.62 27.76 -15.824 -14.14 27.76 -14.14 -14.14 28.45 -14.14
4 16 -10.94 27.76 -16.278 -11.62 27.76 -15.824 -14.14 28.45 -14.14 -7.653 28.45 -18.475
3 16 -8.69 21.36 -17.782 -7.653 22.42 -18.475 -7.653 21.36 -18.475
3 16 -7.65 1.32 -18.476 -7.653 1.318 -18.475 -7.653 3 -18.475
3 16 -7.653 0.162 -18.475 -7.65 0.16 -18.476 -7.653 -1.49 -18.475
3 16 7.66 1.83 -18.47 7.653 1.832 -18.475 7.653 3 -18.475
3 16 -11.62 17.97 -15.824 -14.14 17.97 -14.14 -14.14 19.03 -14.14
3 16 14.55 -8.16 -13.527 14.14 -8.16 -14.14 14.14 -7.24 -14.14
4 16 -7.653 19.66 -18.475 -8.17 19.66 -18.13 -8.17 20.73 -18.13 -7.653 20.73 -18.475
4 16 -11.62 19.03 -15.824 -8.69 21.36 -17.782 -8.69 19.03 -17.782 -10.94 17.97 -16.278
3 16 -14.14 -10 -14.14 -14.637 -8.79 -13.398 -14.587 -8.79 -13.472
4 16 3.91 -0.65 -19.219 7.15 -0.49 -18.575 7.653 -1.49 -18.475 0 -1.49 -19.997
3 16 7.15 -0.49 -18.575 7.653 -0.352 -18.475 7.653 -1.49 -18.475
4 16 3.91 -0.65 -19.219 3.91 0.27 -19.219 5.68 0.27 -18.867 7.15 -0.49 -18.575
3 16 0 -1.49 -19.997 0 -0.65 -19.997 3.91 -0.65 -19.219
3 16 7.653 1.832 -18.475 7.15 1.97 -18.575 7.653 3 -18.475
4 16 3.91 2.13 -19.219 0 3 -19.997 7.653 3 -18.475 7.15 1.97 -18.575
3 16 3.91 2.13 -19.219 0 2.13 -19.997 0 3 -19.997
4 16 0 -2.12 -19.997 7.653 -2.12 -18.475 6.42 -2.98 -18.72 0 -2.98 -19.997
3 16 0 -8.16 -19.997 0 -7.24 -19.997 7.653 -8.16 -18.475
4 16 0 -10 -19.997 0 -8.79 -19.997 7.653 -8.79 -18.475 7.653 -10 -18.475
3 16 14.55 -8.16 -13.527 14.14 -7.24 -14.14 14.14 14.39 -14.14
3 16 7.653 -8.16 -18.475 0 -7.24 -19.997 7.653 -7.24 -18.475
3 16 7.653 -3.79 -18.475 6.42 -2.98 -18.72 7.653 -2.12 -18.475
3 16 7.653 -6.61 -18.475 6.42 -5.76 -18.72 7.653 -4.95 -18.475
4 16 0 -6.61 -19.997 0 -5.76 -19.997 6.42 -5.76 -18.72 7.653 -6.61 -18.475
3 16 7.653 -0.352 -18.475 7.66 -0.35 -18.47 7.653 -1.49 -18.475
4 16 -10.42 -1.49 -16.626 -9.55 0.27 -17.207 -7.79 0.27 -18.383 -7.653 -1.49 -18.475
4 16 -10.42 3 -16.626 -9.55 1.21 -17.207 -9.55 0.27 -17.207 -10.42 -1.49 -16.626
3 16 -9.55 1.21 -17.207 -10.42 3 -16.626 -7.653 3 -18.475
3 16 -7.79 0.27 -18.383 -7.653 0.162 -18.475 -7.653 -1.49 -18.475
4 16 -10.42 -6.61 -16.626 -9.55 -4.84 -17.207 -7.653 -5.46 -18.475 -7.653 -6.61 -18.475
4 16 -10.42 -2.12 -16.626 -9.55 -3.9 -17.207 -9.55 -4.84 -17.207 -10.42 -6.61 -16.626
4 16 -7.653 -2.12 -18.475 -7.653 -3.28 -18.475 -9.55 -3.9 -17.207 -10.42 -2.12 -16.626
4 16 -7.79 1.21 -18.383 -9.55 1.21 -17.207 -7.653 3 -18.475 -7.653 1.318 -18.475
4 16 -7.653 19.03 -18.475 -7.653 9.25 -18.475 -8.08 13.18 -18.19 -8.08 13.35 -18.19
4 16 -8.08 17.97 -18.19 -10.94 17.97 -16.278 -8.69 19.03 -17.782 -7.653 19.03 -18.475
4 16 -11.62 17.97 -15.824 -14.14 19.03 -14.14 -11.62 19.03 -15.824 -10.94 17.97 -16.278
4 16 -7.653 9.25 -18.475 -10.94 9.25 -16.278 -10.94 10.23 -16.278 -10.65 10.23 -16.472
4 16 -7.653 3.63 -18.475 -10.94 3.63 -16.278 -10.94 4.48 -16.278 -7.653 4.48 -18.475
3 16 -10.42 5.11 -16.626 -7.653 8.62 -18.475 -7.653 5.11 -18.475
3 16 -10.42 5.11 -16.626 -10.42 8.62 -16.626 -7.653 8.62 -18.475
3 16 -7.653 -8.16 -18.475 -10.94 -7.24 -16.278 -7.653 -7.24 -18.475
3 16 -12.14 14.39 -15.477 -13.62 14.39 -14.487 -13.62 17.34 -14.487
4 16 -12.14 -6.61 -15.477 -13.62 -6.61 -14.487 -13.62 14.39 -14.487 -12.14 14.39 -15.477
4 16 -11.62 14.39 -15.824 -11.62 17.97 -15.824 -10.94 12.07 -16.278 -10.94 11.19 -16.278
3 16 -12.14 14.39 -15.477 -13.62 17.34 -14.487 -12.14 17.34 -15.477
3 16 -10.94 10.23 -16.278 -11.62 14.39 -15.824 -10.94 11.19 -16.278
3 16 -7.653 9.25 -18.475 -10.65 10.23 -16.472 -8.37 10.23 -17.996
3 16 -7.653 9.25 -18.475 -8.37 10.23 -17.996 -8.08 10.23 -18.19
3 16 -10.94 9.25 -16.278 -11.62 14.39 -15.824 -10.94 10.23 -16.278
3 16 -14.14 -10 -14.14 -14.14 -8.79 -14.14 -7.653 -8.79 -18.475
3 16 -14.14 -8.16 -14.14 -14.14 -7.24 -14.14 -11.62 -7.24 -15.824
4 16 -11.62 -7.24 -15.824 -10.94 -7.24 -16.278 -7.653 -8.16 -18.475 -14.14 -8.16 -14.14
3 16 -7.653 -10 -18.475 -14.14 -10 -14.14 -7.653 -8.79 -18.475
3 16 -10.94 4.48 -16.278 -11.62 14.39 -15.824 -10.94 9.25 -16.278
4 16 -10.94 3.63 -16.278 -11.62 -7.24 -15.824 -11.62 14.39 -15.824 -10.94 4.48 -16.278
3 16 -10.94 -7.24 -16.278 -11.62 -7.24 -15.824 -10.94 3.63 -16.278
3 16 -8.08 17.67 -18.19 -8.08 17.97 -18.19 -7.653 19.03 -18.475
3 16 -8.08 16.13 -18.19 -8.08 16.59 -18.19 -7.653 19.03 -18.475
3 16 -10.94 16.59 -16.278 -11.62 17.97 -15.824 -10.94 17.67 -16.278
3 16 -10.94 17.67 -16.278 -11.62 17.97 -15.824 -10.94 17.97 -16.278
3 16 -8.08 15.51 -18.19 -8.08 16.13 -18.19 -7.653 19.03 -18.475
3 16 -8.08 14.43 -18.19 -8.08 15.02 -18.19 -7.653 19.03 -18.475
3 16 -8.08 16.59 -18.19 -8.08 17.67 -18.19 -7.653 19.03 -18.475
3 16 -8.08 15.02 -18.19 -8.08 15.51 -18.19 -7.653 19.03 -18.475
3 16 -10.94 16.13 -16.278 -11.62 17.97 -15.824 -10.94 16.59 -16.278
3 16 0 29.08 -19.997 7.653 30 -18.475 7.653 29.08 -18.475
3 16 -10.94 13.18 -16.278 -11.62 17.97 -15.824 -10.94 13.35 -16.278
3 16 7.35 27.66 -18.535 7.653 28.45 -18.475 7.653 27.66 -18.475
3 16 0 29.08 -19.997 0 30 -19.997 7.653 30 -18.475
3 16 -10.94 15.02 -16.278 -11.62 17.97 -15.824 -10.94 15.51 -16.278
3 16 -10.94 15.51 -16.278 -11.62 17.97 -15.824 -10.94 16.13 -16.278
3 16 -10.94 13.35 -16.278 -11.62 17.97 -15.824 -10.94 14.43 -16.278
3 16 -10.94 14.43 -16.278 -11.62 17.97 -15.824 -10.94 15.02 -16.278
3 16 -8.08 13.35 -18.19 -8.08 14.43 -18.19 -7.653 19.03 -18.475
4 16 14.14 27.71 -14.14 14.14 28.45 -14.14 14.55 28.45 -13.527 14.53 26.27 -13.557
3 16 -7.653 9.25 -18.475 -8.08 10.23 -18.19 -8.08 11.19 -18.19
4 16 14.9 29.08 -13.004 18.48 30 -7.654 18.48 1.741 -7.654 14.9 -7.944 -13.004
4 16 14.14 21.36 -14.14 14.14 22.69 -14.14 14.53 24.14 -13.557 14.55 24.14 -13.527
4 16 18.48 -10 -7.654 14.9 -8.79 -13.004 14.9 -8.151 -13.005 18.48 -1.741 -7.654
4 16 14.9 -8.79 -13.004 18.48 -10 -7.654 14.14 -10 -14.14 14.637 -8.79 -13.398
3 16 -7.653 9.25 -18.475 -8.08 11.19 -18.19 -8.08 12.07 -18.19
3 16 14.9 -8.151 -13.005 18.25 0 -8 18.48 -1.741 -7.654
4 16 18.48 30 -7.654 14.9 29.08 -13.004 14.14 29.08 -14.14 14.14 30 -14.14
4 16 14.14 14.39 -14.14 14.14 17.97 -14.14 14.55 24.14 -13.527 14.55 -8.16 -13.527
3 16 14.14 17.97 -14.14 14.14 19.03 -14.14 14.55 24.14 -13.527
3 16 -7.653 9.25 -18.475 -8.08 12.07 -18.19 -8.08 12.27 -18.19
3 16 -7.653 9.25 -18.475 -8.08 12.27 -18.19 -8.08 13.18 -18.19
4 16 14.55 24.14 -13.527 14.53 24.14 -13.557 14.53 26.27 -13.557 14.55 26.27 -13.527
3 16 14.14 -10 -14.14 14.14 -8.79 -14.14 14.587 -8.79 -13.472
3 16 14.14 19.03 -14.14 14.14 21.36 -14.14 14.55 24.14 -13.527
3 16 14.55 26.27 -13.527 14.53 26.27 -13.557 14.55 28.45 -13.527
4 16 0 21.36 -19.997 0 22.42 -19.997 2.78 22.42 -19.444 2.78 21.36 -19.444
4 16 2.78 4.48 -19.444 2.78 17.97 -19.444 3.56 17.97 -19.289 3.56 4.48 -19.289
4 16 2.78 17.97 -19.444 0 17.97 -19.997 0 19.03 -19.997 2.78 19.03 -19.444
3 16 2.78 21.36 -19.444 2.78 22.42 -19.444 3.56 22.42 -19.289
3 16 7.653 21.36 -18.475 7.35 22.42 -18.535 7.653 22.42 -18.475
4 16 7.653 21.36 -18.475 4.53 21.36 -19.096 6.62 22.42 -18.68 7.35 22.42 -18.535
4 16 4.53 21.36 -19.096 2.78 21.36 -19.444 3.56 22.42 -19.289 6.62 22.42 -18.68
3 16 7.653 17.97 -18.475 4.52 19.03 -19.098 7.653 19.03 -18.475
4 16 3.56 17.97 -19.289 2.78 19.03 -19.444 4.52 19.03 -19.098 7.653 17.97 -18.475
3 16 3.56 17.97 -19.289 2.78 17.97 -19.444 2.78 19.03 -19.444
4 16 4.52 19.03 -19.098 2.78 19.03 -19.444 2.78 21.36 -19.444 4.53 21.36 -19.096
3 16 -10.94 12.27 -16.278 -11.62 17.97 -15.824 -10.94 13.18 -16.278
3 16 -10.94 12.07 -16.278 -11.62 17.97 -15.824 -10.94 12.27 -16.278
4 16 2.17 19.66 -19.565 0 19.66 -19.997 0 20.73 -19.997 2.17 20.73 -19.565
3 16 7.35 22.42 -18.535 6.62 22.42 -18.68 6.66 27.66 -18.672
3 16 6.66 27.66 -18.672 3.56 27.66 -19.289 7.653 28.45 -18.475
4 16 0 3.63 -19.997 2.78 4.48 -19.444 3.56 4.48 -19.289 7.653 3.63 -18.475
3 16 0 3.63 -19.997 0 4.48 -19.997 2.78 4.48 -19.444
3 16 7.653 3.63 -18.475 3.56 4.48 -19.289 7.653 4.48 -18.475
4 16 4.17 5.11 -19.168 4.17 17.34 -19.168 7.653 17.34 -18.475 7.653 5.11 -18.475
3 16 7.35 27.66 -18.535 6.66 27.66 -18.672 7.653 28.45 -18.475
4 16 3.56 27.66 -19.289 2.78 27.66 -19.444 0 28.45 -19.997 7.653 28.45 -18.475
3 16 3.56 22.42 -19.289 2.78 22.42 -19.444 2.78 27.66 -19.444
4 16 6.01 23.05 -18.802 4.17 23.05 -19.168 4.17 27.03 -19.168 6.01 27.03 -18.802
3 16 7.35 22.42 -18.535 6.66 27.66 -18.672 7.35 27.66 -18.535
3 16 2.78 27.66 -19.444 0 27.66 -19.997 0 28.45 -19.997
4 16 3.91 2.13 -19.219 7.15 1.97 -18.575 5.68 1.21 -18.867 3.91 1.21 -19.219
3 16 3.56 22.42 -19.289 2.78 27.66 -19.444 3.56 27.66 -19.289
5 24 14.14 30 -14.14 14.14 -10 -14.14 7.653 30 -18.475 28.28 30 0
5 24 7.653 30 -18.475 7.653 -10 -18.475 0 30 -19.997 14.14 30 -14.14
5 24 0 30 -19.997 0 -10 -19.997 -7.653 30 -18.475 7.653 30 -18.475
5 24 -7.653 30 -18.475 -7.653 -10 -18.475 -14.14 30 -14.14 0 30 -19.997
5 24 -14.14 30 -14.14 -14.14 -10 -14.14 -7.653 30 -18.475 -28.28 30 0
