0 ~Cylinder  2 x  2 with Dome Top with SW R2 Pattern Back  1
0 Name: s\30367ps1s10.dat
0 Author: Daniel Goerner [TK-949]
0 !LDRAW_ORG Subpart UPDATE 2012-03
0 !LICENSE Redistributable under CCAL version 2.0 : see CAreadme.txt

0 BFC CERTIFY CCW

0 !HISTORY 2012-12-28 [PTadmin] Official Update 2012-03

3 16 10.45 0.978 5.01 10.808 0.98 4.476 11.632 1.216 4.816
4 16 9.46 0.978 6.49 10.45 0.978 5.01 11.632 1.216 4.816 8.904 1.216 8.904
3 16 8.904 1.216 8.904 8.272 0.979 8.272 9.46 0.978 6.49
4 16 8.49 0.397 4.07 10.45 0.978 5.01 9.46 0.978 6.49 7.69 0.398 5.27
4 16 0.91 0.98 11.52 0 1.216 12.592 0 0.398 9.5 0.743 0.398 9.357
4 16 0.91 0.98 11.52 4.476 0.98 10.808 4.816 1.216 11.632 0 1.216 12.592
4 16 4.476 0.98 10.808 8.272 0.979 8.272 8.904 1.216 8.904 4.816 1.216 11.632
4 16 10.808 0.98 4.476 11.69 0.978 0 12.592 1.216 0 11.632 1.216 4.816
