0 ~Cylinder  2 x  2 with Dome Top with SW R2 Pattern Pupil  2
0 Name: s\30367ps1s22.dat
0 Author: Daniel Goerner [TK-949]
0 !LDRAW_ORG Subpart UPDATE 2012-03
0 !LICENSE Redistributable under CCAL version 2.0 : see CAreadme.txt

0 BFC CERTIFY CCW

0 !HISTORY 2012-12-28 [PTadmin] Official Update 2012-03

4 16 5.68 5.747 -15.89 5.56 6.559 -16.32 5.76 6.678 -16.34 5.88 5.706 -15.83
4 16 5.88 5.706 -15.83 5.76 6.678 -16.34 5.98 6.706 -16.31 6.08 5.766 -15.82
4 16 5.39 6.011 -16.08 5.36 6.219 -16.19 5.43 6.407 -16.27 5.49 5.851 -15.98
4 16 5.49 5.851 -15.98 5.43 6.407 -16.27 5.56 6.559 -16.32 5.68 5.747 -15.89
4 16 6.08 5.766 -15.82 5.98 6.706 -16.31 6.18 6.646 -16.24 6.25 5.873 -15.84
4 16 6.38 6.025 -15.89 6.32 6.561 -16.17 6.42 6.401 -16.07 6.44 6.209 -15.97
4 16 6.25 5.873 -15.84 6.18 6.646 -16.24 6.32 6.561 -16.17 6.38 6.025 -15.89
