0 ~Cylinder  2 x  2 x  2 Robot Body with SW R2 Pattern Circle
0 Name: s\30361ps1s02.dat
0 Author: Daniel Goerner [TK-949]
0 !LDRAW_ORG Subpart UPDATE 2012-03
0 !LICENSE Redistributable under CCAL version 2.0 : see CAreadme.txt

0 BFC CERTIFY CCW

0 !HISTORY 2012-12-28 [PTadmin] Official Update 2012-03

3 16 0.415 25.208 -19.914 0.449 25.04 -19.908 0 25.04 -19.997
3 16 0.415 25.208 -19.914 0 25.04 -19.997 0.317 25.35 -19.934
3 16 0.415 24.872 -19.914 0.317 24.73 -19.934 0 25.04 -19.997
3 16 0.415 24.872 -19.914 0 25.04 -19.997 0.449 25.04 -19.908
4 16 0.172 25.446 -19.963 0.317 25.35 -19.934 0 25.04 -19.997 0 25.479 -19.997
4 16 0.954 25.966 -19.807 1.25 26.24 -19.748 1.64 25.69 -19.671 1.246 25.541 -19.749
4 16 1.246 25.541 -19.749 1.64 25.69 -19.671 1.77 25.04 -19.645 1.349 25.04 -19.729
4 16 0.516 23.831 -19.894 0.68 23.47 -19.862 0 23.34 -19.997 0 23.731 -19.997
4 16 1.349 25.04 -19.729 1.77 25.04 -19.645 1.64 24.39 -19.671 1.246 24.539 -19.749
4 16 1.246 24.539 -19.749 1.64 24.39 -19.671 1.25 23.84 -19.748 0.954 24.114 -19.807
4 16 0.172 24.634 -19.963 0 24.601 -19.997 0 25.04 -19.997 0.317 24.73 -19.934
4 16 0.954 24.114 -19.807 1.25 23.84 -19.748 0.68 23.47 -19.862 0.516 23.831 -19.894
4 16 0.516 26.249 -19.894 0.68 26.61 -19.862 1.25 26.24 -19.748 0.954 25.966 -19.807
4 16 0 26.349 -19.997 0 26.74 -19.997 0.68 26.61 -19.862 0.516 26.249 -19.894
