0 ~Cylinder  2 x  2 x  2 Robot Body without Front Face
0 Name: s\30361as01.dat
0 Author: Franklin W. Cain [fwcain]
0 !LDRAW_ORG Subpart UPDATE 2012-03
0 !LICENSE Redistributable under CCAL version 2.0 : see CAreadme.txt

0 BFC CERTIFY CCW

0 !HISTORY 2003-08-01 [PTadmin] Official Update 2003-02
0 !HISTORY 2007-08-30 [PTadmin] Header formatted for Contributor Agreement
0 !HISTORY 2008-07-01 [PTadmin] Official Update 2008-01
0 !HISTORY 2011-05-19 [Philo] BFCed, more primitives, minor improvements
0 !HISTORY 2011-06-10 [Brickaneer] More primitives, condlines added.
0 !HISTORY 2011-06-14 [Brickaneer] Restored with some improvements.
0 !HISTORY 2011-12-29 [PTadmin] Official Update 2011-02
0 !HISTORY 2012-05-14 [TK-949] Widened Front Face
0 !HISTORY 2012-05-15 [PTadmin] Renamed from s\30361s01
0 !HISTORY 2012-12-28 [PTadmin] Official Update 2012-03

1 16 -18 0 0 0 1 0 2 0 0 0 0 2 4-4ring3.dat
1 16 -18 0 0 0 1 0 8 0 0 0 0 8 4-4edge.dat
0 BFC INVERTNEXT
1 16 -2 0 0 0 -16 0 6 0 0 0 0 6 4-4cylo.dat
1 16 0 30 0 0 0 2 0 -1 0 2 0 0 4-4ring9.dat
1 16 0 30 0 0 0 1.129 0 -1 0 1.129 0 0 4-4rin15.dat
1 16 0 30 0 14.14 0 -14.14 0 -40 0 14.14 0 14.14 1-4cyli.dat
1 16 0 -10 0 14.14 0 -14.14 0 1 0 14.14 0 14.14 1-4chrd.dat
1 16 0 -10 0 14.14 0 14.14 0 1 0 -14.14 0 14.14 1-4chrd.dat
1 16 0 30 0 20 0 0 0 -1 0 0 0 20 4-4edge.dat
1 16 0 -10 0 18.4776 0 7.65367 0 -1 0 -7.65367 0 18.4776 1-8edge.dat
1 16 0 -10 0 -7.65367 0 18.4776 0 -1 0 -18.4776 0 -7.65367 1-8edge.dat
1 16 0 -10 0 -18.4776 0 -7.65367 0 -1 0 7.65367 0 -18.4776 1-8edge.dat
1 16 0 -10 0 7.65367 0 -18.4776 0 -1 0 18.4776 0 7.65367 1-8edge.dat
2 24 7.654 -10 18.478 11.9387 -10 15.6145
2 24 18.478 -10 7.654 15.6145 -10 11.9387
2 24 18.478 -10 -7.654 15.6145 -10 -11.9387
2 24 7.654 -10 -18.478 11.9387 -10 -15.6145
2 24 -7.654 -10 -18.478 -11.9387 -10 -15.6145
2 24 -18.478 -10 -7.654 -15.6145 -10 -11.9387
2 24 -18.478 -10 7.654 -15.6145 -10 11.9387
2 24 -7.654 -10 18.478 -11.9387 -10 15.6145
0 BFC INVERTNEXT
1 16 18 0 0 0 -16 0 6 0 0 0 0 6 4-4cylo.dat
1 16 18 0 0 0 -1 0 2 0 0 0 0 -2 4-4ring3.dat
1 16 18 0 0 0 -1 0 8 0 0 0 0 -8 4-4edge.dat
4 16 -20 8 0 -18 8 0 -18 7.391 3.061 -19.39 7.391 3.061
2 24 -20 8 0 -19.39 7.391 3.061
4 16 -19.39 7.391 3.061 -18 7.391 3.061 -18 5.657 5.657 -18.87 5.657 5.657
2 24 -19.39 7.391 3.061 -18.87 5.657 5.657
4 16 -18.87 5.657 5.657 -18 5.657 5.657 -18 3.061 7.391 -18.53 3.061 7.391
2 24 -18.87 5.657 5.657 -18.53 3.061 7.391
4 16 -18 3.061 -7.391 -18 5.657 -5.657 -18.87 5.657 -5.657 -18.53 3.061 -7.391
2 24 -18.53 3.061 -7.391 -18.87 5.657 -5.657
4 16 -18 5.657 -5.657 -18 7.391 -3.061 -19.39 7.391 -3.061 -18.87 5.657 -5.657
2 24 -18.87 5.657 -5.657 -19.39 7.391 -3.061
4 16 -18 7.391 -3.061 -18 8 0 -20 8 0 -19.39 7.391 -3.061
2 24 -19.39 7.391 -3.061 -20 8 0
4 16 -18 -3.061 7.391 -18 -5.657 5.657 -18.87 -5.657 5.657 -18.53 -3.061 7.391
2 24 -18.53 -3.061 7.391 -18.87 -5.657 5.657
4 16 -18 -5.657 5.657 -18 -7.391 3.061 -19.39 -7.391 3.061 -18.87 -5.657 5.657
2 24 -18.87 -5.657 5.657 -19.39 -7.391 3.061
4 16 -18 -7.391 3.061 -18 -8 0 -20 -8 0 -19.39 -7.391 3.061
2 24 -19.39 -7.391 3.061 -20 -8 0
4 16 -20 -8 0 -18 -8 0 -18 -7.391 -3.061 -19.39 -7.391 -3.061
2 24 -20 -8 0 -19.39 -7.391 -3.061
4 16 -19.39 -7.391 -3.061 -18 -7.391 -3.061 -18 -5.657 -5.657 -18.87 -5.657 -5.657
2 24 -19.39 -7.391 -3.061 -18.87 -5.657 -5.657
4 16 -18.87 -5.657 -5.657 -18 -5.657 -5.657 -18 -3.061 -7.391 -18.53 -3.061 -7.391
2 24 -18.87 -5.657 -5.657 -18.53 -3.061 -7.391
5 24 -20 8 0 -18 8 0 -18 7.391 3.061 -18 7.391 -3.061
5 24 -18 7.391 3.061 -19.39 7.391 3.061 -20 8 0 -18 5.657 5.657
5 24 -18 5.657 5.657 -18.87 5.657 5.657 -19.39 7.391 3.061 -18 3.061 7.391
5 24 -18 3.061 7.391 -18.53 3.061 7.391 -18.87 5.657 5.657 -18.48 1.741 7.654
5 24 -18 5.657 -5.657 -18.87 5.657 -5.657 -18 3.061 -7.391 -18 7.391 -3.061
5 24 -18.53 3.061 -7.391 -18 3.061 -7.391 -18 5.657 -5.657 -18.48 1.741 -7.654
5 24 -18 7.391 -3.061 -19.39 7.391 -3.061 -18 5.657 -5.657 -18 8 0
5 24 -18 -5.657 5.657 -18.87 -5.657 5.657 -18 -3.061 7.391 -18 -7.391 3.061
5 24 -18.53 -3.061 7.391 -18 -3.061 7.391 -18 -5.657 5.657 -18.48 -1.741 7.654
5 24 -18 -7.391 3.061 -19.39 -7.391 3.061 -18 -5.657 5.657 -18 -8 0
5 24 -18 -8 0 -20 -8 0 -18 -7.391 3.061 -18 -7.391 -3.061
5 24 -18 -7.391 -3.061 -19.39 -7.391 -3.061 -20 -8 0 -18 -5.657 -5.657
5 24 -18 -5.657 -5.657 -18.87 -5.657 -5.657 -19.39 -7.391 -3.061 -18 -3.061 -7.391
5 24 -18 -3.061 -7.391 -18.53 -3.061 -7.391 -18.87 -5.657 -5.657 -18.48 -1.741 -7.654
5 24 -18 0 8 -18.25 0 8 -18.48 1.741 7.654 -18.48 -1.741 7.654
5 24 -18 0 -8 -18.25 0 -8 -18.48 -1.741 -7.654 -18.48 1.741 -7.654
4 16 18 -3.061 -7.391 18 -5.657 -5.657 18.87 -5.657 -5.657 18.53 -3.061 -7.391
2 24 18.53 -3.061 -7.391 18.87 -5.657 -5.657
4 16 18 -5.657 -5.657 18 -7.391 -3.061 19.39 -7.391 -3.061 18.87 -5.657 -5.657
2 24 18.87 -5.657 -5.657 19.39 -7.391 -3.061
4 16 18 -7.391 -3.061 18 -8 0 20 -8 0 19.39 -7.391 -3.061
2 24 19.39 -7.391 -3.061 20 -8 0
4 16 20 -8 0 18 -8 0 18 -7.391 3.061 19.39 -7.391 3.061
2 24 20 -8 0 19.39 -7.391 3.061
4 16 19.39 -7.391 3.061 18 -7.391 3.061 18 -5.657 5.657 18.87 -5.657 5.657
2 24 19.39 -7.391 3.061 18.87 -5.657 5.657
4 16 18.87 -5.657 5.657 18 -5.657 5.657 18 -3.061 7.391 18.53 -3.061 7.391
2 24 18.87 -5.657 5.657 18.53 -3.061 7.391
4 16 20 8 0 18 8 0 18 7.391 -3.061 19.39 7.391 -3.061
2 24 20 8 0 19.39 7.391 -3.061
4 16 19.39 7.391 -3.061 18 7.391 -3.061 18 5.657 -5.657 18.87 5.657 -5.657
2 24 19.39 7.391 -3.061 18.87 5.657 -5.657
4 16 18.87 5.657 -5.657 18 5.657 -5.657 18 3.061 -7.391 18.53 3.061 -7.391
2 24 18.87 5.657 -5.657 18.53 3.061 -7.391
4 16 18 3.061 7.391 18 5.657 5.657 18.87 5.657 5.657 18.53 3.061 7.391
2 24 18.53 3.061 7.391 18.87 5.657 5.657
4 16 18 5.657 5.657 18 7.391 3.061 19.39 7.391 3.061 18.87 5.657 5.657
2 24 18.87 5.657 5.657 19.39 7.391 3.061
4 16 18 7.391 3.061 18 8 0 20 8 0 19.39 7.391 3.061
2 24 19.39 7.391 3.061 20 8 0
5 24 18 -5.657 -5.657 18.87 -5.657 -5.657 18 -3.061 -7.391 18 -7.391 -3.061
5 24 18.53 -3.061 -7.391 18 -3.061 -7.391 18 -5.657 -5.657 18.48 -1.741 -7.654
5 24 18 -7.391 -3.061 19.39 -7.391 -3.061 18 -5.657 -5.657 18 -8 0
5 24 18 -8 0 20 -8 0 18 -7.391 -3.061 18 -7.391 3.061
5 24 18 -7.391 3.061 19.39 -7.391 3.061 20 -8 0 18 -5.657 5.657
5 24 18 -5.657 5.657 18.87 -5.657 5.657 19.39 -7.391 3.061 18 -3.061 7.391
5 24 18 -3.061 7.391 18.53 -3.061 7.391 18.87 -5.657 5.657 18.48 -1.741 7.654
5 24 20 8 0 18 8 0 18 7.391 -3.061 18 7.391 3.061
5 24 18 7.391 -3.061 19.39 7.391 -3.061 20 8 0 18 5.657 -5.657
5 24 18 5.657 -5.657 18.87 5.657 -5.657 19.39 7.391 -3.061 18 3.061 -7.391
5 24 18 3.061 -7.391 18.53 3.061 -7.391 18.87 5.657 -5.657 18.48 1.741 -7.654
5 24 18 5.657 5.657 18.87 5.657 5.657 18 3.061 7.391 18 7.391 3.061
5 24 18.53 3.061 7.391 18 3.061 7.391 18 5.657 5.657 18.48 1.741 7.654
5 24 18 7.391 3.061 19.39 7.391 3.061 18 5.657 5.657 18 8 0
5 24 18 0 -8 18.25 0 -8 18.48 1.741 -7.654 18.48 -1.741 -7.654
5 24 18.25 0 8 18 0 8 18.48 1.741 7.654 18.48 -1.741 7.654
3 16 -19.8 30 -1 -7.84 38 -1 -16.74 30 -1
2 24 -19.8 30 -1 -16.74 30 -1
4 16 -16.74 30 -1 -7.84 38 -1 -7.84 8.86 -1 -16.74 8.86 -1
2 24 -7.84 8.86 -1 -7.84 38 -1
2 24 -16.74 8.86 -1 -7.84 8.86 -1
2 24 -16.74 30 -1 -16.74 8.86 -1
4 16 -16.74 8.86 1 -7.84 8.86 1 -7.84 38 1 -16.74 30 1
2 24 -7.84 8.86 1 -16.74 8.86 1
2 24 -7.84 38 1 -7.84 8.86 1
2 24 -16.74 8.86 1 -16.74 30 1
3 16 -16.74 30 1 -7.84 38 1 -19.8 30 1
2 24 -16.74 30 1 -19.8 30 1
3 16 19.8 30 1 7.84 38 1 16.74 30 1
2 24 19.8 30 1 16.74 30 1
4 16 16.74 30 1 7.84 38 1 7.84 8.86 1 16.74 8.86 1
2 24 7.84 8.86 1 7.84 38 1
2 24 16.74 8.86 1 7.84 8.86 1
2 24 16.74 30 1 16.74 8.86 1
4 16 16.74 8.86 -1 7.84 8.86 -1 7.84 38 -1 16.74 30 -1
2 24 7.84 8.86 -1 16.74 8.86 -1
2 24 7.84 38 -1 7.84 8.86 -1
2 24 16.74 8.86 -1 16.74 30 -1
3 16 16.74 30 -1 7.84 38 -1 19.8 30 -1
2 24 16.74 30 -1 19.8 30 -1
4 16 -1.586 5.685 -5.685 -2 5.685 -5.685 -2 3.076 -7.427 0 5.212 -6
2 24 -2 3.076 -7.427 -2 5.685 -5.685
2 24 -1.586 5.685 -5.685 0 5.212 -6
3 16 0 5.212 -6 -2 3.076 -7.427 1.586 5.685 -5.685
2 24 0 5.212 -6 1.586 5.685 -5.685
4 16 1.586 5.685 5.685 2 5.685 5.685 2 3.076 7.427 0 5.212 6
2 24 2 3.076 7.427 2 5.685 5.685
2 24 1.586 5.685 5.685 0 5.212 6
3 16 0 5.212 6 2 3.076 7.427 -1.586 5.685 5.685
2 24 0 5.212 6 -1.586 5.685 5.685
1 16 0 1.637 7.714 0 0 2 1.4395 0.1952 0 -0.2865 1 0 rect2p.dat
4 16 -1.586 5.685 5.685 2 3.076 7.427 -2 3.076 7.427 -2 5.685 5.685
2 24 -2 5.685 5.685 -2 3.076 7.427
3 16 2 -4.243 -4.243 2 -2.296 -5.543 2 -10 -8
3 16 2 -10 -8 2 -2.296 -5.543 2 0 -6
3 16 2 -10 -8 2 0 -6 2 5.74 -5.602
3 16 2 5.74 -5.602 2 0 -6 2 2.296 -5.543
4 16 2 6.942 -5.602 2 5.74 -5.602 2 2.296 -5.543 2 4.243 -4.243
2 24 2 5.74 -5.602 2 6.942 -5.602
3 16 2 6.942 -5.602 2 4.243 -4.243 2 5.543 -2.296
4 16 2 6.942 5.602 2 8.369 3.467 2 9.059 0 2 5.74 5.602
2 24 2 8.369 3.467 2 6.942 5.602
2 24 2 9.059 0 2 8.369 3.467
2 24 2 6.942 5.602 2 5.74 5.602
3 16 2 5.74 5.602 2 9.059 0 2 5.685 5.685
2 24 2 5.74 5.602 2 5.685 5.685
4 16 2 5.685 5.685 2 9.059 0 2 8.369 -3.467 2 3.076 7.427
2 24 2 8.369 -3.467 2 9.059 0
3 16 2 3.076 7.427 2 8.369 -3.467 2 5.543 2.296
3 16 2 3.076 7.427 2 5.543 2.296 2 4.243 4.243
3 16 2 4.243 4.243 2 2.296 5.543 2 3.076 7.427
3 16 2 3.076 7.427 2 2.296 5.543 2 0 6
4 16 2 3.076 7.427 2 0 6 2 -2.296 5.543 2 0.197 8
3 16 2 5.543 2.296 2 8.369 -3.467 2 6 0
4 16 2 6 0 2 8.369 -3.467 2 6.942 -5.602 2 5.543 -2.296
2 24 2 6.942 -5.602 2 8.369 -3.467
4 16 2 -5.543 2.296 2 -6 0 2 -10 -8 2 -10 8
2 24 2 -10 8 2 -10 -8
3 16 2 -10 -8 2 -6 0 2 -5.543 -2.296
3 16 2 -10 -8 2 -5.543 -2.296 2 -4.243 -4.243
4 16 2 0.197 8 2 -2.296 5.543 2 -4.243 4.243 2 -10 8
3 16 2 -10 8 2 -4.243 4.243 2 -5.543 2.296
3 16 2 5.685 -5.685 2 3.076 -7.427 2 5.74 -5.602
2 24 2 5.685 -5.685 2 3.076 -7.427
2 24 2 5.685 -5.685 2 5.74 -5.602
4 16 2 5.74 -5.602 2 3.076 -7.427 2 0.197 -8 2 -10 -8
3 16 -2 -4.243 4.243 -2 -2.296 5.543 -2 -10 8
3 16 -2 -10 8 -2 -2.296 5.543 -2 0 6
3 16 -2 -10 8 -2 0 6 -2 5.74 5.602
3 16 -2 5.74 5.602 -2 0 6 -2 2.296 5.543
4 16 -2 6.942 5.602 -2 5.74 5.602 -2 2.296 5.543 -2 4.243 4.243
2 24 -2 5.74 5.602 -2 6.942 5.602
4 16 -2 6.942 5.602 -2 4.243 4.243 -2 5.543 2.296 -2 8.369 3.467
2 24 -2 6.942 5.602 -2 8.369 3.467
4 16 -2 8.369 3.467 -2 5.543 2.296 -2 6 0 -2 9.059 0
2 24 -2 8.369 3.467 -2 9.059 0
4 16 -2 9.059 0 -2 6 0 -2 5.543 -2.296 -2 5.685 -5.685
4 16 -2 5.685 -5.685 -2 5.543 -2.296 -2 4.243 -4.243 -2 3.076 -7.427
4 16 -2 3.076 -7.427 -2 4.243 -4.243 -2 2.296 -5.543 -2 0.197 -8
3 16 -2 0.197 -8 -2 2.296 -5.543 -2 -10 -8
3 16 -2 -10 -8 -2 0 -6 -2 -2.296 -5.543
3 16 -2 -4.243 -4.243 -2 -5.543 -2.296 -2 -10 -8
3 16 -2 -10 -8 -2 -5.543 -2.296 -2 -6 0
4 16 -2 -10 -8 -2 -6 0 -2 -5.543 2.296 -2 -10 8
2 24 -2 -10 -8 -2 -10 8
3 16 -2 -10 8 -2 -5.543 2.296 -2 -4.243 4.243
3 16 -2 5.685 5.685 -2 3.076 7.427 -2 5.74 5.602
2 24 -2 5.74 5.602 -2 5.685 5.685
4 16 -2 5.74 5.602 -2 3.076 7.427 -2 0.197 8 -2 -10 8
4 16 -2 6.942 -5.602 -2 8.369 -3.467 -2 9.059 0 -2 5.74 -5.602
2 24 -2 8.369 -3.467 -2 6.942 -5.602
2 24 -2 9.059 0 -2 8.369 -3.467
2 24 -2 6.942 -5.602 -2 5.74 -5.602
3 16 -2 5.74 -5.602 -2 9.059 0 -2 5.685 -5.685
2 24 -2 5.685 -5.685 -2 5.74 -5.602
3 16 -2 -10 -8 -2 -2.296 -5.543 -2 -4.243 -4.243
3 16 1 4.258 7.84 1 30 7.84 1 3.467 8.369
2 24 1 30 7.84 1 4.258 7.84
2 24 1 4.258 7.84 1 3.467 8.369
4 16 1 3.467 8.369 1 30 7.84 1 30 16.74 1 0 9.059
2 24 1 30 16.74 1 30 7.84
2 24 1 3.467 8.369 1 0 9.059
4 16 1 0 9.059 1 30 16.74 1 -7 16.74 1 -7 9.059
2 24 1 -7 9.059 1 -7 16.74
4 16 -1 30 16.74 -1 3.467 8.369 -1 0 9.059 -1 -7 16.74
2 24 -1 0 9.059 -1 3.467 8.369
3 16 -1 -7 16.74 -1 0 9.059 -1 -7 9.059
2 24 -1 -7 16.74 -1 -7 9.059
4 16 -1 4.258 7.84 -1 3.467 8.369 -1 30 16.74 -1 30 7.84
2 24 -1 3.467 8.369 -1 4.258 7.84
2 24 -1 30 7.84 -1 30 16.74
2 24 -1 4.258 7.84 -1 30 7.84
4 16 1 30 -16.74 1 3.467 -8.369 1 0 -9.059 1 -7 -16.74
2 24 1 0 -9.059 1 3.467 -8.369
3 16 1 -7 -16.74 1 0 -9.059 1 -7 -9.059
2 24 1 -7 -16.74 1 -7 -9.059
4 16 1 4.258 -7.84 1 3.467 -8.369 1 30 -16.74 1 30 -7.84
2 24 1 3.467 -8.369 1 4.258 -7.84
2 24 1 30 -7.84 1 30 -16.74
2 24 1 4.258 -7.84 1 30 -7.84
3 16 -1 4.258 -7.84 -1 30 -7.84 -1 3.467 -8.369
2 24 -1 30 -7.84 -1 4.258 -7.84
2 24 -1 4.258 -7.84 -1 3.467 -8.369
4 16 -1 3.467 -8.369 -1 30 -7.84 -1 30 -16.74 -1 0 -9.059
2 24 -1 30 -16.74 -1 30 -7.84
2 24 -1 3.467 -8.369 -1 0 -9.059
4 16 -1 0 -9.059 -1 30 -16.74 -1 -7 -16.74 -1 -7 -9.059
2 24 -1 -7 -9.059 -1 -7 -16.74
3 16 -2.296 6.982 5.543 -2 6.942 5.602 -4.243 7.851 4.243
2 24 -2 6.942 5.602 -2.296 6.982 5.543
2 24 -2.296 6.982 5.543 -4.243 7.851 4.243
4 16 -4.243 7.851 4.243 -2 6.942 5.602 -2 8.369 3.467 -4.761 8.369 3.467
5 24 -4.761 8.369 3.467 -2 8.369 3.467 -5.543 8.602 2.296 -4.243 7.851 4.243
2 24 -4.243 7.851 4.243 -4.761 8.369 3.467
3 16 -4.761 8.369 -3.467 -2 8.369 -3.467 -4.243 7.851 -4.243
5 24 -4.761 8.369 -3.467 -2 8.369 -3.467 -4.243 7.851 -4.243 -5.543 8.602 -2.296
2 24 -4.761 8.369 -3.467 -4.243 7.851 -4.243
4 16 -4.243 7.851 -4.243 -2 8.369 -3.467 -2 6.942 -5.602 -2.296 6.982 -5.543
2 24 -2.296 6.982 -5.543 -2 6.942 -5.602
2 24 -4.243 7.851 -4.243 -2.296 6.982 -5.543
4 16 -1 30 -7.84 -3.076 38 -7.427 0 38 -8.039 0 30 -8.039
2 24 0 38 -8.039 -3.076 38 -7.427
5 24 0 38 -8.039 0 30 -8.039 -1 30 -7.84 3.076 38 -7.427
2 24 -1 30 -7.84 0 30 -8.039
4 16 0 30 -8.039 0 38 -8.039 3.076 38 -7.427 1 30 -7.84
2 24 3.076 38 -7.427 0 38 -8.039
2 24 0 30 -8.039 1 30 -7.84
4 16 1 30 7.84 3.076 38 7.427 0 38 8.039 0 30 8.039
2 24 0 38 8.039 3.076 38 7.427
5 24 0 38 8.039 0 30 8.039 1 30 7.84 -3.076 38 7.427
2 24 1 30 7.84 0 30 8.039
4 16 0 30 8.039 0 38 8.039 -3.076 38 7.427 -1 30 7.84
2 24 -3.076 38 7.427 0 38 8.039
2 24 0 30 8.039 -1 30 7.84
4 16 7.84 38 -1 7.427 38 -3.076 4.243 38 -4.243 7.84 38 1
2 24 7.84 38 -1 7.427 38 -3.076
3 16 7.84 38 1 4.243 38 -4.243 5.543 38 -2.296
2 24 5.543 38 -2.296 4.243 38 -4.243
4 16 7.84 38 1 5.543 38 -2.296 6 38 0 7.427 38 3.076
2 24 6 38 0 5.543 38 -2.296
2 24 7.427 38 3.076 7.84 38 1
4 16 7.427 38 3.076 6 38 0 5.543 38 2.296 5.685 38 5.685
2 24 5.543 38 2.296 6 38 0
2 24 5.685 38 5.685 7.427 38 3.076
4 16 5.685 38 5.685 5.543 38 2.296 4.243 38 4.243 3.076 38 7.427
2 24 4.243 38 4.243 5.543 38 2.296
2 24 3.076 38 7.427 5.685 38 5.685
3 16 3.076 38 7.427 4.243 38 4.243 2.296 38 5.543
2 24 2.296 38 5.543 4.243 38 4.243
4 16 -7.84 38 1 -7.427 38 3.076 -4.243 38 4.243 -7.84 38 -1
2 24 -7.84 38 1 -7.427 38 3.076
3 16 -7.84 38 -1 -4.243 38 4.243 -5.543 38 2.296
2 24 -5.543 38 2.296 -4.243 38 4.243
4 16 -7.84 38 -1 -5.543 38 2.296 -6 38 0 -7.427 38 -3.076
2 24 -6 38 0 -5.543 38 2.296
2 24 -7.427 38 -3.076 -7.84 38 -1
4 16 -7.427 38 -3.076 -6 38 0 -5.543 38 -2.296 -5.685 38 -5.685
2 24 -5.543 38 -2.296 -6 38 0
2 24 -5.685 38 -5.685 -7.427 38 -3.076
4 16 -5.685 38 -5.685 -5.543 38 -2.296 -4.243 38 -4.243 -3.076 38 -7.427
2 24 -4.243 38 -4.243 -5.543 38 -2.296
2 24 -3.076 38 -7.427 -5.685 38 -5.685
4 16 -3.076 38 -7.427 -4.243 38 -4.243 -2.296 38 -5.543 0 38 -8.039
2 24 -2.296 38 -5.543 -4.243 38 -4.243
4 16 0 38 -8.039 -2.296 38 -5.543 0 38 -6 3.076 38 -7.427
2 24 0 38 -6 -2.296 38 -5.543
4 16 3.076 38 -7.427 0 38 -6 2.296 38 -5.543 5.685 38 -5.685
2 24 2.296 38 -5.543 0 38 -6
2 24 5.685 38 -5.685 3.076 38 -7.427
4 16 5.685 38 -5.685 2.296 38 -5.543 4.243 38 -4.243 7.427 38 -3.076
2 24 4.243 38 -4.243 2.296 38 -5.543
2 24 7.427 38 -3.076 5.685 38 -5.685
4 16 -7.427 38 3.076 -5.685 38 5.685 -2.296 38 5.543 -4.243 38 4.243
2 24 -7.427 38 3.076 -5.685 38 5.685
2 24 -4.243 38 4.243 -2.296 38 5.543
3 16 -2.296 38 5.543 -5.685 38 5.685 -3.076 38 7.427
2 24 -5.685 38 5.685 -3.076 38 7.427
4 16 -2.296 38 5.543 -3.076 38 7.427 0 38 8.039 0 38 6
2 24 -2.296 38 5.543 0 38 6
4 16 0 38 6 0 38 8.039 3.076 38 7.427 2.296 38 5.543
2 24 0 38 6 2.296 38 5.543
3 16 0 5.212 6 -1.586 5.685 5.685 0 38 6
4 16 0 38 6 -1.586 5.685 5.685 -2 5.74 5.602 -2 6.942 5.602
2 24 -1.586 5.685 5.685 -2 5.74 5.602
4 16 -2.296 6.982 5.543 -2.296 38 5.543 0 38 6 -2 6.942 5.602
4 16 2.296 38 5.543 2.296 6.982 5.543 2 6.942 5.602 0 38 6
2 24 2 6.942 5.602 2.296 6.982 5.543
4 16 0 38 6 2 6.942 5.602 1.586 5.685 5.685 0 5.212 6
3 16 2 6.942 5.602 2 5.74 5.602 1.586 5.685 5.685
2 24 1.586 5.685 5.685 2 5.74 5.602
3 16 0 5.212 -6 1.586 5.685 -5.685 0 38 -6
4 16 0 38 -6 1.586 5.685 -5.685 2 5.74 -5.602 2 6.942 -5.602
2 24 2 5.74 -5.602 1.586 5.685 -5.685
4 16 2.296 6.982 -5.543 2.296 38 -5.543 0 38 -6 2 6.942 -5.602
2 24 2.296 6.982 -5.543 2 6.942 -5.602
4 16 -2.296 38 -5.543 -2.296 6.982 -5.543 -2 6.942 -5.602 0 38 -6
4 16 0 38 -6 -2 6.942 -5.602 -1.586 5.685 -5.685 0 5.212 -6
3 16 -2 6.942 -5.602 -2 5.74 -5.602 -1.586 5.685 -5.685
2 24 -2 5.74 -5.602 -1.586 5.685 -5.685
3 16 -7.84 8.86 1 -16.74 8.86 1 -7.427 8.447 3.076
2 24 -7.427 8.447 3.076 -7.84 8.86 1
4 16 -7.427 8.447 3.076 -16.74 8.86 1 -16.25 8.369 3.467 -7.167 8.369 3.467
2 24 -16.25 8.369 3.467 -16.74 8.86 1
5 24 -7.167 8.369 3.467 -16.25 8.369 3.467 -5.685 6.887 5.685 -7.427 8.447 3.076
2 24 -7.167 8.369 3.467 -7.427 8.447 3.076
3 16 -7.167 8.369 -3.467 -16.25 8.369 -3.467 -7.427 8.447 -3.076
5 24 -7.167 8.369 -3.467 -16.25 8.369 -3.467 -7.427 8.447 -3.076 -5.685 6.887 -5.685
2 24 -7.427 8.447 -3.076 -7.167 8.369 -3.467
4 16 -7.427 8.447 -3.076 -16.25 8.369 -3.467 -16.74 8.86 -1 -7.84 8.86 -1
2 24 -16.74 8.86 -1 -16.25 8.369 -3.467
2 24 -7.84 8.86 -1 -7.427 8.447 -3.076
3 16 15.65 6.289 6.483 15.65 30 6.483 15.67 6.406 6.406
2 24 15.65 6.289 6.483 15.67 6.406 6.406
4 16 15.67 6.406 6.406 15.65 30 6.483 16.74 30 1 16.25 8.369 3.467
2 24 16.74 30 1 15.65 30 6.483
2 24 16.25 8.369 3.467 15.67 6.406 6.406
3 16 16.25 8.369 3.467 16.74 30 1 16.74 8.86 1
2 24 16.25 8.369 3.467 16.74 8.86 1
1 16 3.742 11.5 -16.195 0 0.19498 -2.7415 18.5 0 0 0 -1 -0.545 rect3.dat
1 16 9.232 11.5 -13.815 2.7485 135.79 0 0 0 18.5 1.835 -203.389 0 rect2p.dat
1 16 -9.232 11.5 -13.815 2.7485 -135.79 0 0 0 18.5 -1.835 -203.389 0 rect2p.dat
1 16 -3.742 11.5 -16.195 0 -20.165 2.7415 -18.5 0 0 0 -101.436 -0.545 rect3.dat
3 16 -15.65 6.289 -6.483 -15.65 30 -6.483 -15.67 6.406 -6.406
2 24 -15.65 6.289 -6.483 -15.67 6.406 -6.406
4 16 -15.67 6.406 -6.406 -15.65 30 -6.483 -16.74 30 -1 -16.25 8.369 -3.467
2 24 -16.74 30 -1 -15.65 30 -6.483
2 24 -16.25 8.369 -3.467 -15.67 6.406 -6.406
3 16 -16.25 8.369 -3.467 -16.74 30 -1 -16.74 8.86 -1
1 16 -3.742 11.5 16.195 0 -0.19498 2.7415 18.5 0 0 0 1 0.545 rect3.dat
1 16 -9.232 11.5 13.815 -2.7485 -0.55526 0 0 0 18.5 -1.835 1 0 rect2p.dat
1 16 3.742 11.5 16.195 0 0.19498 -2.7415 -18.5 0 0 0 1 0.545 rect3.dat
1 16 9.232 11.5 13.815 -2.7485 0.55526 0 0 0 18.5 1.835 1 0 rect2p.dat
3 16 -15.65 30 6.483 -15.65 6.289 6.483 -15.67 6.406 6.406
4 16 -16.74 30 1 -15.65 30 6.483 -15.67 6.406 6.406 -16.25 8.369 3.467
2 24 -15.67 6.406 6.406 -15.65 6.289 6.483
2 24 -15.65 30 6.483 -16.74 30 1
2 24 -16.25 8.369 3.467 -15.67 6.406 6.406
3 16 -16.74 30 1 -16.25 8.369 3.467 -16.74 8.86 1
3 16 15.65 30 -6.483 15.65 6.289 -6.483 15.67 6.406 -6.406
4 16 16.74 30 -1 15.65 30 -6.483 15.67 6.406 -6.406 16.25 8.369 -3.467
2 24 15.67 6.406 -6.406 15.65 6.289 -6.483
2 24 15.65 30 -6.483 16.74 30 -1
2 24 16.25 8.369 -3.467 15.67 6.406 -6.406
3 16 16.74 30 -1 16.25 8.369 -3.467 16.74 8.86 -1
2 24 16.74 8.86 -1 16.25 8.369 -3.467
4 16 1 4.258 7.84 1 3.467 8.369 14.39 3.467 8.369 3.076 4.876 7.427
5 24 14.39 3.467 8.369 1 3.467 8.369 1 0 9.059 3.076 4.876 7.427
2 24 3.076 4.876 7.427 1 4.258 7.84
4 16 4.606 6.406 6.406 3.076 4.876 7.427 14.39 3.467 8.369 15.65 6.289 6.483
2 24 4.606 6.406 6.406 3.076 4.876 7.427
3 16 4.606 6.406 6.406 15.65 6.289 6.483 15.67 6.406 6.406
2 24 15.65 6.289 6.483 14.39 3.467 8.369
5 24 15.67 6.406 6.406 4.606 6.406 6.406 14.39 3.467 8.369 5.685 6.887 5.685
3 16 4.606 6.406 -6.406 15.67 6.406 -6.406 3.076 4.876 -7.427
5 24 15.67 6.406 -6.406 4.606 6.406 -6.406 5.685 6.887 -5.685 3.076 4.876 -7.427
2 24 3.076 4.876 -7.427 4.606 6.406 -6.406
4 16 3.076 4.876 -7.427 15.67 6.406 -6.406 15.65 6.289 -6.483 1 4.258 -7.84
2 24 1 4.258 -7.84 3.076 4.876 -7.427
4 16 1 4.258 -7.84 15.65 6.289 -6.483 14.39 3.467 -8.369 1 3.467 -8.369
2 24 14.39 3.467 -8.369 15.65 6.289 -6.483
5 24 1 3.467 -8.369 14.39 3.467 -8.369 13.93 0 -9.059 1 4.258 -7.84
5 24 18.48 30 7.654 18.48 1.741 7.654 18.53 3.061 7.391 14.14 30 14.14
2 24 18.25 0 8 18.48 1.741 7.654
2 24 18.48 -1.741 7.654 18.25 0 8
3 16 20 -8 0 19.39 -7.391 3.061 20 -10 0
5 24 20 -8 0 20 -10 0 19.39 -7.391 -3.061 19.39 -7.391 3.061
4 16 20 -10 0 19.39 -7.391 3.061 18.87 -5.657 5.657 18.48 -10 7.654
3 16 18.48 -10 7.654 18.87 -5.657 5.657 18.53 -3.061 7.391
3 16 18.48 -10 7.654 18.53 -3.061 7.391 18.48 -1.741 7.654
2 24 18.53 -3.061 7.391 18.48 -1.741 7.654
5 24 18.48 -1.741 7.654 18.48 -10 7.654 18.53 -3.061 7.391 14.14 30 14.14
3 16 18.48 -1.741 -7.654 18.53 -3.061 -7.391 18.48 -10 -7.654
2 24 18.48 -1.741 -7.654 18.53 -3.061 -7.391
5 24 18.48 -1.741 -7.654 18.48 -10 -7.654 14.14 -10 -14.14 18.53 -3.061 -7.391
3 16 18.48 -10 -7.654 18.53 -3.061 -7.391 18.87 -5.657 -5.657
4 16 20 -10 0 18.48 -10 -7.654 18.87 -5.657 -5.657 19.39 -7.391 -3.061
3 16 20 -10 0 19.39 -7.391 -3.061 20 -8 0
2 24 18.25 0 -8 18.48 -1.741 -7.654
2 24 18.48 1.741 -7.654 18.25 0 -8
5 24 -14.14 -10 14.14 -14.14 30 14.14 -18.48 30 7.654 -7.654 -10 18.48
5 24 14.14 30 14.14 14.14 -10 14.14 18.48 -10 7.654 7.654 30 18.48
3 16 7.167 8.369 3.467 16.25 8.369 3.467 7.427 8.447 3.076
5 24 7.167 8.369 3.467 16.25 8.369 3.467 7.427 8.447 3.076 5.685 6.887 5.685
2 24 7.427 8.447 3.076 7.167 8.369 3.467
4 16 7.427 8.447 3.076 16.25 8.369 3.467 16.74 8.86 1 7.84 8.86 1
2 24 7.84 8.86 1 7.427 8.447 3.076
3 16 7.84 8.86 -1 16.74 8.86 -1 7.427 8.447 -3.076
2 24 7.427 8.447 -3.076 7.84 8.86 -1
4 16 7.427 8.447 -3.076 16.74 8.86 -1 16.25 8.369 -3.467 7.167 8.369 -3.467
5 24 16.25 8.369 -3.467 7.167 8.369 -3.467 7.427 8.447 -3.076 5.685 6.887 -5.685
2 24 7.167 8.369 -3.467 7.427 8.447 -3.076
4 16 15.65 6.289 -6.483 15.65 30 -6.483 11.98 30 -11.98 14.39 3.467 -8.369
2 24 11.98 30 -11.98 15.65 30 -6.483
4 16 14.39 3.467 -8.369 11.98 30 -11.98 11.98 -7 -11.98 13.93 0 -9.059
2 24 13.93 0 -9.059 14.39 3.467 -8.369
3 16 13.93 0 -9.059 11.98 -7 -11.98 13.93 -7 -9.059
2 24 13.93 -7 -9.059 11.98 -7 -11.98
5 24 15.65 6.289 -6.483 15.65 30 -6.483 16.73 30 -1 11.98 30 -11.98
5 24 11.98 30 -11.98 11.98 -7 -11.98 15.65 30 -6.483 6.483 30 -15.65
5 24 6.483 30 -15.65 6.483 -7 -15.65 11.98 30 -11.98 1 30 -16.74
4 16 -11.98 30 -11.98 -14.39 3.467 -8.369 -13.93 0 -9.059 -11.98 -7 -11.98
2 24 -13.93 0 -9.059 -14.39 3.467 -8.369
3 16 -11.98 -7 -11.98 -13.93 0 -9.059 -13.93 -7 -9.059
2 24 -11.98 -7 -11.98 -13.93 -7 -9.059
4 16 -15.65 6.289 -6.483 -14.39 3.467 -8.369 -11.98 30 -11.98 -15.65 30 -6.483
5 24 -15.65 6.289 -6.483 -15.65 30 -6.483 -16.73 30 -1 -11.98 30 -11.98
5 24 -11.98 30 -11.98 -11.98 -7 -11.98 -15.65 30 -6.483 -6.483 30 -15.65
5 24 -6.483 30 -15.65 -6.483 -7 -15.65 -11.98 30 -11.98 -1 30 -16.74
2 24 -14.39 3.467 -8.369 -15.65 6.289 -6.483
2 24 -15.65 30 -6.483 -11.98 30 -11.98
3 16 1 -7 -16.74 1 -7 -9.059 6.483 -7 -15.65
4 16 6.483 -7 -15.65 1 -7 -9.059 13.93 -7 -9.059 11.98 -7 -11.98
3 16 11.98 -7 11.98 13.93 -7 9.059 6.483 -7 15.65
2 24 13.93 -7 9.059 11.98 -7 11.98
4 16 6.483 -7 15.65 13.93 -7 9.059 1 -7 9.059 1 -7 16.74
4 16 11.98 30 11.98 14.39 3.467 8.369 13.93 0 9.059 11.98 -7 11.98
2 24 14.39 3.467 8.369 13.93 0 9.059
3 16 11.98 -7 11.98 13.93 0 9.059 13.93 -7 9.059
4 16 15.65 6.289 6.483 14.39 3.467 8.369 11.98 30 11.98 15.65 30 6.483
2 24 15.65 30 6.483 11.98 30 11.98
5 24 15.65 6.289 6.483 15.65 30 6.483 16.73 30 1 11.98 30 11.98
5 24 11.98 30 11.98 11.98 -7 11.98 15.65 30 6.483 6.483 30 15.65
5 24 6.483 30 15.65 6.483 -7 15.65 11.98 30 11.98 1 30 16.74
4 16 -15.65 6.289 6.483 -15.65 30 6.483 -11.98 30 11.98 -14.39 3.467 8.369
2 24 -11.98 30 11.98 -15.65 30 6.483
2 24 -15.65 6.289 6.483 -14.39 3.467 8.369
4 16 -14.39 3.467 8.369 -11.98 30 11.98 -11.98 -7 11.98 -13.93 0 9.059
2 24 -14.39 3.467 8.369 -13.93 0 9.059
3 16 -13.93 0 9.059 -11.98 -7 11.98 -13.93 -7 9.059
2 24 -13.93 -7 9.059 -11.98 -7 11.98
5 24 -15.65 6.289 6.483 -15.65 30 6.483 -16.73 30 1 -11.98 30 11.98
5 24 -11.98 30 11.98 -11.98 -7 11.98 -15.65 30 6.483 -6.483 30 15.65
5 24 -6.483 30 15.65 -6.483 -7 15.65 -11.98 30 11.98 -1 30 16.74
4 16 -1 4.258 -7.84 -1 3.467 -8.369 -14.39 3.467 -8.369 -3.076 4.876 -7.427
5 24 -14.39 3.467 -8.369 -1 3.467 -8.369 -1 0 -9.059 -3.076 4.876 -7.427
2 24 -3.076 4.876 -7.427 -1 4.258 -7.84
4 16 -4.606 6.406 -6.406 -3.076 4.876 -7.427 -14.39 3.467 -8.369 -15.65 6.289 -6.483
2 24 -4.606 6.406 -6.406 -3.076 4.876 -7.427
3 16 -4.606 6.406 -6.406 -15.65 6.289 -6.483 -15.67 6.406 -6.406
5 24 -15.67 6.406 -6.406 -4.606 6.406 -6.406 -14.39 3.467 -8.369 -5.685 6.887 -5.685
3 16 -11.98 -7 -11.98 -13.93 -7 -9.059 -6.483 -7 -15.65
4 16 -6.483 -7 -15.65 -13.93 -7 -9.059 -1 -7 -9.059 -1 -7 -16.74
3 16 -4.606 6.406 6.406 -15.67 6.406 6.406 -3.076 4.876 7.427
5 24 -4.606 6.406 6.406 -15.67 6.406 6.406 -3.076 4.876 7.427 -5.685 6.887 5.685
2 24 -3.076 4.876 7.427 -4.606 6.406 6.406
4 16 -3.076 4.876 7.427 -15.67 6.406 6.406 -15.65 6.289 6.483 -1 4.258 7.84
2 24 -1 4.258 7.84 -3.076 4.876 7.427
4 16 -1 4.258 7.84 -15.65 6.289 6.483 -14.39 3.467 8.369 -1 3.467 8.369
5 24 -1 3.467 8.369 -14.39 3.467 8.369 -13.93 0 9.059 -1 4.258 7.84
3 16 -6.483 -7 15.65 -1 -7 16.74 -11.98 -7 11.98
4 16 -11.98 -7 11.98 -1 -7 16.74 -1 -7 9.059 -13.93 -7 9.059
4 16 -14.14 -10 14.14 -2 -10 8 2 -10 8 14.14 -10 14.14
4 16 2 -10 -8 14.14 -10 -14.14 14.14 -10 14.14 2 -10 8
1 16 0 -10 0 -14.14 0 14.14 0 1 0 -14.14 0 -14.14 1-4chrd.dat
1 16 0 -10 0 -14.14 0 -14.14 0 1 0 14.14 0 -14.14 1-4chrd.dat
4 16 14.14 -10 -14.14 2 -10 -8 -2 -10 -8 -14.14 -10 -14.14
4 16 -2 -10 8 -14.14 -10 14.14 -14.14 -10 -14.14 -2 -10 -8
3 16 2 5.74 -5.602 1.586 5.685 -5.685 2 5.685 -5.685
4 16 1.586 5.685 -5.685 -2 3.076 -7.427 2 3.076 -7.427 2 5.685 -5.685
3 16 4.761 8.369 3.467 2 8.369 3.467 4.243 7.851 4.243
5 24 2 8.369 3.467 4.761 8.369 3.467 5.543 8.602 2.296 4.243 7.851 4.243
2 24 4.243 7.851 4.243 4.761 8.369 3.467
4 16 4.243 7.851 4.243 2 8.369 3.467 2 6.942 5.602 2.296 6.982 5.543
2 24 2.296 6.982 5.543 4.243 7.851 4.243
3 16 2.296 6.982 -5.543 2 6.942 -5.602 4.243 7.851 -4.243
2 24 4.243 7.851 -4.243 2.296 6.982 -5.543
4 16 4.243 7.851 -4.243 2 6.942 -5.602 2 8.369 -3.467 4.761 8.369 -3.467
5 24 2 8.369 -3.467 4.761 8.369 -3.467 4.243 7.851 -4.243 5.543 8.602 -2.296
2 24 4.761 8.369 -3.467 4.243 7.851 -4.243
4 16 1 30 -7.84 1 30 -17.74 -1 30 -17.74 0 30 -8.039
3 16 -1 30 -7.84 0 30 -8.039 -1 30 -17.74
4 16 0 30 8.039 -1 30 17.74 1 30 17.74 1 30 7.84
3 16 -1 30 17.74 0 30 8.039 -1 30 7.84
4 16 19.8 30 1 18.53 3.061 7.391 18.87 5.657 5.657 20 30 0
2 24 20 30 0 19.8 30 1
3 16 20 30 0 18.87 5.657 5.657 19.39 7.391 3.061
3 16 18.48 1.741 7.654 18.53 3.061 7.391 18.48 30 7.654
2 24 18.48 1.741 7.654 18.53 3.061 7.391
3 16 18.48 30 7.654 18.53 3.061 7.391 19.8 30 1
3 16 19.39 7.391 3.061 20 8 0 20 30 0
5 24 20 30 0 20 8 0 19.39 7.391 -3.061 19.39 7.391 3.061
4 16 18.53 3.061 -7.391 18.48 30 -7.654 19.8 30 -1 18.87 5.657 -5.657
4 16 18.87 5.657 -5.657 19.8 30 -1 20 30 0 19.39 7.391 -3.061
2 24 19.8 30 -1 20 30 0
3 16 19.39 7.391 -3.061 20 30 0 20 8 0
3 16 18.48 1.741 -7.654 18.48 30 -7.654 18.53 3.061 -7.391
5 24 18.48 1.741 -7.654 18.48 30 -7.654 18.53 3.061 -7.391 14.14 -10 -14.14
2 24 18.53 3.061 -7.391 18.48 1.741 -7.654
5 24 -18.48 30 -7.654 -18.48 1.741 -7.654 -18.53 3.061 -7.391 -14.14 30 -14.14
2 24 -18.25 0 -8 -18.48 1.741 -7.654
2 24 -18.48 -1.741 -7.654 -18.25 0 -8
5 24 -18.48 -1.741 -7.654 -18.48 -10 -7.654 -18.53 -3.061 -7.391 -14.14 30 -14.14
4 16 -19.8 30 -1 -18.53 3.061 -7.391 -18.87 5.657 -5.657 -20 30 0
2 24 -20 30 0 -19.8 30 -1
3 16 -20 30 0 -18.87 5.657 -5.657 -19.39 7.391 -3.061
3 16 -18.48 1.741 -7.654 -18.53 3.061 -7.391 -18.48 30 -7.654
2 24 -18.48 1.741 -7.654 -18.53 3.061 -7.391
3 16 -18.48 30 -7.654 -18.53 3.061 -7.391 -19.8 30 -1
3 16 -19.39 7.391 -3.061 -20 8 0 -20 30 0
5 24 -20 30 0 -20 8 0 -19.39 7.391 3.061 -19.39 7.391 -3.061
3 16 -20 -8 0 -19.39 -7.391 -3.061 -20 -10 0
5 24 -20 -8 0 -20 -10 0 -19.39 -7.391 3.061 -19.39 -7.391 -3.061
4 16 -20 -10 0 -19.39 -7.391 -3.061 -18.87 -5.657 -5.657 -18.48 -10 -7.654
3 16 -18.48 -10 -7.654 -18.87 -5.657 -5.657 -18.53 -3.061 -7.391
3 16 -18.48 -10 -7.654 -18.53 -3.061 -7.391 -18.48 -1.741 -7.654
2 24 -18.53 -3.061 -7.391 -18.48 -1.741 -7.654
3 16 -18.48 1.741 7.654 -18.48 30 7.654 -18.53 3.061 7.391
5 24 -18.48 30 7.654 -18.48 1.741 7.654 -14.14 -10 14.14 -18.53 3.061 7.391
2 24 -18.53 3.061 7.391 -18.48 1.741 7.654
4 16 -18.53 3.061 7.391 -18.48 30 7.654 -19.8 30 1 -18.87 5.657 5.657
4 16 -18.87 5.657 5.657 -19.8 30 1 -20 30 0 -19.39 7.391 3.061
2 24 -19.8 30 1 -20 30 0
3 16 -19.39 7.391 3.061 -20 30 0 -20 8 0
3 16 -18.48 -1.741 7.654 -18.53 -3.061 7.391 -18.48 -10 7.654
2 24 -18.48 -1.741 7.654 -18.53 -3.061 7.391
5 24 -18.48 -1.741 7.654 -18.48 -10 7.654 -14.14 -10 14.14 -18.53 -3.061 7.391
3 16 -18.48 -10 7.654 -18.53 -3.061 7.391 -18.87 -5.657 5.657
4 16 -20 -10 0 -18.48 -10 7.654 -18.87 -5.657 5.657 -19.39 -7.391 3.061
3 16 -20 -10 0 -19.39 -7.391 3.061 -20 -8 0
2 24 -18.25 0 8 -18.48 -1.741 7.654
2 24 -18.48 1.741 7.654 -18.25 0 8
3 16 6 9.059 0 2 9.059 0 5.543 8.602 2.296
5 24 6 9.059 0 2 9.059 0 5.543 8.602 2.296 5.543 8.602 -2.296
2 24 5.543 8.602 2.296 6 9.059 0
4 16 5.543 8.602 2.296 2 9.059 0 2 8.369 3.467 4.761 8.369 3.467
2 24 4.761 8.369 3.467 5.543 8.602 2.296
3 16 4.761 8.369 -3.467 2 8.369 -3.467 5.543 8.602 -2.296
2 24 5.543 8.602 -2.296 4.761 8.369 -3.467
4 16 5.543 8.602 -2.296 2 8.369 -3.467 2 9.059 0 6 9.059 0
2 24 6 9.059 0 5.543 8.602 -2.296
3 16 1.586 5.685 5.685 2 5.74 5.602 2 5.685 5.685
4 16 -1 0 9.059 -1 3.467 8.369 -14.39 3.467 8.369 -13.93 0 9.059
5 24 -13.93 0 9.059 -1 0 9.059 -1 3.467 8.369 -13.93 -7 9.059
1 16 -7.465 -3.5 9.059 -6.465 0 0 0 0 -3.5 0 -1.00567 0 rect3.dat
4 16 -14.39 3.467 -8.369 -1 3.467 -8.369 -1 0 -9.059 -13.93 0 -9.059
5 24 -1 0 -9.059 -13.93 0 -9.059 -14.39 3.467 -8.369 -1 -7 -9.059
1 16 -7.465 -3.5 -9.059 6.465 0 0 0 0 -3.5 0 1 0 rect3.dat
3 16 7.167 8.369 -3.467 16.25 8.369 -3.467 5.685 6.887 -5.685
2 24 5.685 6.887 -5.685 7.167 8.369 -3.467
4 16 5.685 6.887 -5.685 16.25 8.369 -3.467 15.67 6.406 -6.406 4.606 6.406 -6.406
2 24 4.606 6.406 -6.406 5.685 6.887 -5.685
3 16 -7.167 8.369 3.467 -16.25 8.369 3.467 -5.685 6.887 5.685
2 24 -5.685 6.887 5.685 -7.167 8.369 3.467
4 16 -5.685 6.887 5.685 -16.25 8.369 3.467 -15.67 6.406 6.406 -4.606 6.406 6.406
2 24 -4.606 6.406 6.406 -5.685 6.887 5.685
4 16 14.39 3.467 8.369 1 3.467 8.369 1 0 9.059 13.93 0 9.059
5 24 1 0 9.059 13.93 0 9.059 14.39 3.467 8.369 1 -7 9.059
4 16 1 0 -9.059 1 3.467 -8.369 14.39 3.467 -8.369 13.93 0 -9.059
5 24 13.93 0 -9.059 1 0 -9.059 1 3.467 -8.369 13.93 -7 -9.059
3 16 -4.606 6.406 -6.406 -15.67 6.406 -6.406 -5.685 6.887 -5.685
2 24 -5.685 6.887 -5.685 -4.606 6.406 -6.406
4 16 -5.685 6.887 -5.685 -15.67 6.406 -6.406 -16.25 8.369 -3.467 -7.167 8.369 -3.467
2 24 -7.167 8.369 -3.467 -5.685 6.887 -5.685
3 16 4.606 6.406 6.406 15.67 6.406 6.406 5.685 6.887 5.685
2 24 5.685 6.887 5.685 4.606 6.406 6.406
4 16 5.685 6.887 5.685 15.67 6.406 6.406 16.25 8.369 3.467 7.167 8.369 3.467
2 24 7.167 8.369 3.467 5.685 6.887 5.685
4 16 -4.243 38 4.243 -2.296 38 5.543 -2.296 6.982 5.543 -4.243 7.851 4.243
3 16 -5.543 8.602 2.296 -5.543 38 2.296 -4.761 8.369 3.467
2 24 -4.761 8.369 3.467 -5.543 8.602 2.296
4 16 -4.761 8.369 3.467 -5.543 38 2.296 -4.243 38 4.243 -4.243 7.851 4.243
4 16 -6 38 0 -5.543 38 2.296 -5.543 8.602 2.296 -6 9.059 0
2 24 -5.543 8.602 2.296 -6 9.059 0
4 16 -5.543 8.602 -2.296 -5.543 38 -2.296 -6 38 0 -6 9.059 0
2 24 -6 9.059 0 -5.543 8.602 -2.296
3 16 -4.243 7.851 -4.243 -4.243 38 -4.243 -4.761 8.369 -3.467
4 16 -4.761 8.369 -3.467 -4.243 38 -4.243 -5.543 38 -2.296 -5.543 8.602 -2.296
2 24 -5.543 8.602 -2.296 -4.761 8.369 -3.467
4 16 -2.296 6.982 -5.543 -2.296 38 -5.543 -4.243 38 -4.243 -4.243 7.851 -4.243
4 16 4.243 38 -4.243 2.296 38 -5.543 2.296 6.982 -5.543 4.243 7.851 -4.243
3 16 5.543 8.602 -2.296 5.543 38 -2.296 4.761 8.369 -3.467
4 16 4.761 8.369 -3.467 5.543 38 -2.296 4.243 38 -4.243 4.243 7.851 -4.243
4 16 6 38 0 5.543 38 -2.296 5.543 8.602 -2.296 6 9.059 0
4 16 5.543 8.602 2.296 5.543 38 2.296 6 38 0 6 9.059 0
3 16 4.243 7.851 4.243 4.243 38 4.243 4.761 8.369 3.467
4 16 4.761 8.369 3.467 4.243 38 4.243 5.543 38 2.296 5.543 8.602 2.296
4 16 2.296 6.982 5.543 2.296 38 5.543 4.243 38 4.243 4.243 7.851 4.243
5 24 0 38 6 0 5.212 6 -1.586 5.685 5.685 2 6.942 5.602
5 24 -2.296 6.982 5.543 -2.296 38 5.543 0 38 6 -4.243 38 4.243
5 24 2.296 38 5.543 2.296 6.982 5.543 2 6.942 5.602 4.243 38 4.243
5 24 0 38 -6 0 5.212 -6 1.586 5.685 -5.685 -2 6.942 -5.602
5 24 2.296 6.982 -5.543 2.296 38 -5.543 0 38 -6 4.243 38 -4.243
5 24 -2.296 38 -5.543 -2.296 6.982 -5.543 -2 6.942 -5.602 -4.243 38 -4.243
5 24 -4.243 7.851 4.243 -4.243 38 4.243 -2.296 38 5.543 -4.761 8.369 3.467
5 24 -5.543 8.602 2.296 -5.543 38 2.296 -4.761 8.369 3.467 -6 38 0
5 24 -6 9.059 0 -6 38 0 -5.543 38 2.296 -5.543 8.602 -2.296
5 24 -5.543 8.602 -2.296 -5.543 38 -2.296 -6 38 0 -4.761 8.369 -3.467
5 24 -4.243 7.851 -4.243 -4.243 38 -4.243 -4.761 8.369 -3.467 -2.296 6.982 -5.543
5 24 4.243 7.851 -4.243 4.243 38 -4.243 2.296 38 -5.543 4.761 8.369 -3.467
5 24 5.543 8.602 -2.296 5.543 38 -2.296 4.761 8.369 -3.467 6 38 0
5 24 6 9.059 0 6 38 0 5.543 38 -2.296 5.543 8.602 2.296
5 24 5.543 8.602 2.296 5.543 38 2.296 6 38 0 4.761 8.369 3.467
5 24 4.243 7.851 4.243 4.243 38 4.243 4.761 8.369 3.467 2.296 6.982 5.543
4 16 7.427 8.447 -3.076 7.427 38 -3.076 7.84 38 -1 7.84 8.86 -1
5 24 7.427 8.447 -3.076 7.427 38 -3.076 7.84 38 -1 7.167 8.369 -3.467
4 16 7.84 38 1 7.427 38 3.076 7.427 8.447 3.076 7.84 8.86 1
5 24 7.427 38 3.076 7.427 8.447 3.076 7.84 8.86 1 7.167 8.369 3.467
3 16 7.427 8.447 3.076 7.427 38 3.076 7.167 8.369 3.467
4 16 7.167 8.369 3.467 7.427 38 3.076 5.685 38 5.685 5.685 6.887 5.685
5 24 5.685 38 5.685 5.685 6.887 5.685 7.167 8.369 3.467 4.606 6.406 6.406
3 16 5.685 6.887 5.685 5.685 38 5.685 4.606 6.406 6.406
4 16 4.606 6.406 6.406 5.685 38 5.685 3.076 38 7.427 3.076 4.876 7.427
5 24 3.076 38 7.427 3.076 4.876 7.427 4.606 6.406 6.406 1 30 7.84
4 16 1 4.258 7.84 3.076 4.876 7.427 3.076 38 7.427 1 30 7.84
4 16 -1 30 7.84 -3.076 38 7.427 -3.076 4.876 7.427 -1 4.258 7.84
5 24 -3.076 38 7.427 -3.076 4.876 7.427 -1 4.258 7.84 -4.606 6.406 6.406
3 16 -3.076 4.876 7.427 -3.076 38 7.427 -4.606 6.406 6.406
4 16 -4.606 6.406 6.406 -3.076 38 7.427 -5.685 38 5.685 -5.685 6.887 5.685
5 24 -5.685 38 5.685 -5.685 6.887 5.685 -4.606 6.406 6.406 -7.167 8.369 3.467
3 16 -5.685 6.887 5.685 -5.685 38 5.685 -7.167 8.369 3.467
4 16 -7.167 8.369 3.467 -5.685 38 5.685 -7.427 38 3.076 -7.427 8.447 3.076
5 24 -7.427 38 3.076 -7.427 8.447 3.076 -7.167 8.369 3.467 -7.84 38 1
4 16 -7.427 8.447 3.076 -7.427 38 3.076 -7.84 38 1 -7.84 8.86 1
4 16 -7.84 38 -1 -7.427 38 -3.076 -7.427 8.447 -3.076 -7.84 8.86 -1
5 24 -7.427 38 -3.076 -7.427 8.447 -3.076 -7.84 8.86 -1 -7.167 8.369 -3.467
3 16 -7.427 8.447 -3.076 -7.427 38 -3.076 -7.167 8.369 -3.467
4 16 -7.167 8.369 -3.467 -7.427 38 -3.076 -5.685 38 -5.685 -5.685 6.887 -5.685
5 24 -5.685 38 -5.685 -5.685 6.887 -5.685 -7.167 8.369 -3.467 -4.606 6.406 -6.406
3 16 -5.685 6.887 -5.685 -5.685 38 -5.685 -4.606 6.406 -6.406
4 16 -4.606 6.406 -6.406 -5.685 38 -5.685 -3.076 38 -7.427 -3.076 4.876 -7.427
5 24 -3.076 38 -7.427 -3.076 4.876 -7.427 -4.606 6.406 -6.406 -1 30 -7.84
4 16 -1 4.258 -7.84 -3.076 4.876 -7.427 -3.076 38 -7.427 -1 30 -7.84
4 16 1 30 -7.84 3.076 38 -7.427 3.076 4.876 -7.427 1 4.258 -7.84
5 24 3.076 38 -7.427 3.076 4.876 -7.427 1 4.258 -7.84 4.606 6.406 -6.406
3 16 3.076 4.876 -7.427 3.076 38 -7.427 4.606 6.406 -6.406
4 16 4.606 6.406 -6.406 3.076 38 -7.427 5.685 38 -5.685 5.685 6.887 -5.685
5 24 5.685 38 -5.685 5.685 6.887 -5.685 4.606 6.406 -6.406 7.167 8.369 -3.467
3 16 5.685 6.887 -5.685 5.685 38 -5.685 7.167 8.369 -3.467
4 16 7.167 8.369 -3.467 5.685 38 -5.685 7.427 38 -3.076 7.427 8.447 -3.076
3 16 -4.761 8.369 3.467 -2 8.369 3.467 -5.543 8.602 2.296
4 16 -5.543 8.602 2.296 -2 8.369 3.467 -2 9.059 0 -6 9.059 0
5 24 -2 9.059 0 -6 9.059 0 -5.543 8.602 2.296 -5.543 8.602 -2.296
3 16 -6 9.059 0 -2 9.059 0 -5.543 8.602 -2.296
4 16 -5.543 8.602 -2.296 -2 9.059 0 -2 8.369 -3.467 -4.761 8.369 -3.467
1 16 7.465 -3.5 -9.059 6.465 0 0 0 0 -3.5 0 1 0 rect3.dat
1 16 7.465 -3.5 9.059 -6.465 0 0 0 0 -3.5 0 -1.00567 0 rect3.dat
3 16 -2 5.74 5.602 -1.586 5.685 5.685 -2 5.685 5.685
3 16 -1.586 5.685 -5.685 -2 5.74 -5.602 -2 5.685 -5.685
1 16 0 1.637 -7.714 0 0 2 -1.4395 0.1952 0 -0.2865 -1 0 rect2p.dat
1 16 0 -4.902 -8 -2 0 0 0 0 -5.0985 0 -1.0197 0 rect3.dat
5 24 2 0.197 -8 -2 0.197 -8 2 -10 -8 -2 3.076 -7.427
5 24 2 3.076 -7.427 -2 3.076 -7.427 2 0.197 -8 -2 5.685 -5.685
1 16 0 -4.902 8 2 0 0 0 0 -5.0985 0 1 0 rect3.dat
5 24 2 -0.197 8 -2 0.197 8 2 -10 8 -2 3.076 7.427
5 24 2 3.076 7.427 -2 3.076 7.427 2 0.197 8 -2 5.74 5.602
1 16 13.82 34 0 5.98 -16 0 -4 -23.92 0 0 0 -1 rect.dat
1 16 -13.82 34 0 -5.98 16 0 -4 -23.92 0 0 0 1 rect.dat
3 16 18.53 3.061 -7.391 18 3.061 -7.391 18.48 1.741 -7.654
4 16 18.48 1.741 -7.654 18 3.061 -7.391 18 0 -8 18.25 0 -8
3 16 18.25 0 -8 18 0 -8 18.48 -1.741 -7.654
4 16 18.48 -1.741 -7.654 18 0 -8 18 -3.061 -7.391 18.53 -3.061 -7.391
3 16 18.25 0 8 18 0 8 18.48 1.741 7.654
4 16 18.48 1.741 7.654 18 0 8 18 3.061 7.391 18.53 3.061 7.391
3 16 18.53 -3.061 7.391 18 -3.061 7.391 18.48 -1.741 7.654
4 16 18.48 -1.741 7.654 18 -3.061 7.391 18 0 8 18.25 0 8
3 16 -18.53 3.061 7.391 -18 3.061 7.391 -18.48 1.741 7.654
4 16 -18.48 1.741 7.654 -18 3.061 7.391 -18 0 8 -18.25 0 8
3 16 -18.25 0 8 -18 0 8 -18.48 -1.741 7.654
4 16 -18.48 -1.741 7.654 -18 0 8 -18 -3.061 7.391 -18.53 -3.061 7.391
3 16 -18.53 -3.061 -7.391 -18 -3.061 -7.391 -18.48 -1.741 -7.654
4 16 -18.48 -1.741 -7.654 -18 -3.061 -7.391 -18 0 -8 -18.25 0 -8
3 16 -18.25 0 -8 -18 0 -8 -18.48 1.741 -7.654
4 16 -18.48 1.741 -7.654 -18 0 -8 -18 3.061 -7.391 -18.53 3.061 -7.391
1 16 10 -10 10 1 0 0 0 1 0 0 0 1 stud6.dat
1 16 -10 -10 10 0 0 -1 0 1 0 1 0 0 stud6.dat
1 16 10 -10 -10 0 0 1 0 1 0 -1 0 0 stud6.dat
1 16 -10 -10 -10 -1 0 0 0 1 0 0 0 -1 stud6.dat
4 16 -18.48 -1.741 7.654 -18.48 -10 7.654 -14.14 -10 14.14 -18.25 0 8
3 16 -18.25 0 8 -14.14 -10 14.14 -18.48 1.741 7.654
4 16 -18.48 1.741 7.654 -14.14 -10 14.14 -14.14 30 14.14 -18.48 30 7.654
4 16 18.25 0 8 14.14 -10 14.14 18.48 -10 7.654 18.48 -1.741 7.654
3 16 18.48 1.741 7.654 14.14 -10 14.14 18.25 0 8
4 16 18.48 30 7.654 14.14 30 14.14 14.14 -10 14.14 18.48 1.741 7.654
