0 ~Minifig Helmet Star Wars Rebel Pilot - Side Pattern
0 Name: s\30370s05.dat
0 Author: Damien Roux [Darats]
0 !LDRAW_ORG Subpart UPDATE 2011-02
0 !LICENSE Redistributable under CCAL version 2.0 : see CAreadme.txt

0 BFC CERTIFY CCW

0 !HISTORY 2011-12-29 [PTadmin] Official Update 2011-02

4 16 14.656 -2.997 6.045 14.681 -3.658 4.445 17.399 0.737 3.556 17.374 1.524 5.359
3 16 17.374 1.524 5.359 14.605 -2.108 7.62 14.656 -2.997 6.045
3 16 16.459 2.21 9.042 14.783 -0.813 8.941 17.272 2.692 7.239
3 16 14.58 -4.191 1.168 17.374 0.356 1.803 14.656 -4.039 2.819
3 16 17.297 0.356 -0.152 17.374 0.356 1.803 14.58 -4.191 1.168
3 16 14.453 -4.115 -0.559 17.297 0.356 -0.152 14.58 -4.191 1.168
3 16 14.351 -3.81 -2.261 17.297 0.356 -0.152 14.453 -4.115 -0.559
3 16 14.351 -3.81 -2.261 17.221 0.813 -1.956 17.297 0.356 -0.152
3 16 14.224 -3.277 -3.912 17.221 0.813 -1.956 14.351 -3.81 -2.261
3 16 14.224 -3.277 -3.912 14.122 -2.489 -5.461 17.221 0.813 -1.956
3 16 14.072 -1.448 -6.858 17.094 1.753 -3.607 14.122 -2.489 -5.461
3 16 14.046 -0.203 -8.077 17.094 1.753 -3.607 14.072 -1.448 -6.858
4 16 16.993 3.175 -4.928 17.094 1.753 -3.607 14.046 -0.203 -8.077 14.046 1.194 -9.119
3 16 17.094 1.753 -3.607 17.221 0.813 -1.956 14.122 -2.489 -5.461
3 16 14.072 2.667 -9.957 16.993 3.175 -4.928 14.046 1.194 -9.119
3 16 14.122 4.242 -10.617 16.993 3.175 -4.928 14.072 2.667 -9.957
3 16 14.122 4.242 -10.617 16.942 4.826 -5.944 16.993 3.175 -4.928
3 16 14.224 5.461 -11.074 16.942 4.826 -5.944 14.122 4.242 -10.617
3 16 14.224 5.461 -11.074 16.916 6.909 -6.502 16.942 4.826 -5.944
3 16 14.427 9.195 -11.43 16.916 6.909 -6.502 14.224 5.461 -11.074
3 16 14.427 9.195 -11.43 16.891 9.246 -7.137 16.916 6.909 -6.502
3 16 14.427 9.195 -11.43 14.529 10.541 -11.354 16.891 9.246 -7.137
3 16 15.824 1.219 9.398 14.783 -0.813 8.941 16.459 2.21 9.042
4 16 14.681 -3.658 4.445 14.656 -4.039 2.819 17.374 0.356 1.803 17.399 0.737 3.556
4 16 14.605 -2.108 7.62 17.374 1.524 5.359 17.272 2.692 7.239 14.783 -0.813 8.941
3 16 14.783 -0.813 8.941 15.824 1.219 9.398 15.088 0.025 9.373
3 16 17.069 2.769 8.153 16.459 2.21 9.042 17.272 2.692 7.239
5 24 14.681 -3.658 4.445 17.399 0.737 3.556 14.656 -2.997 6.045 14.656 -4.039 2.819
5 24 17.374 1.524 5.359 14.656 -2.997 6.045 17.399 0.737 3.556 14.605 -2.108 7.62
5 24 17.374 1.524 5.359 14.605 -2.108 7.62 14.656 -2.997 6.045 17.272 2.692 7.239
5 24 17.272 2.692 7.239 16.459 2.21 9.042 14.783 -0.813 8.941 17.069 2.769 8.153
5 24 16.459 2.21 9.042 14.783 -0.813 8.941 17.272 2.692 7.239 15.824 1.219 9.398
5 24 14.783 -0.813 8.941 17.272 2.692 7.239 16.459 2.21 9.042 14.605 -2.108 7.62
5 24 14.58 -4.191 1.168 17.374 0.356 1.803 14.656 -4.039 2.819 17.297 0.356 -0.152
5 24 17.374 0.356 1.803 14.656 -4.039 2.819 14.58 -4.191 1.168 14.681 -3.658 4.445
5 24 14.58 -4.191 1.168 17.297 0.356 -0.152 17.374 0.356 1.803 14.453 -4.115 -0.559
5 24 14.453 -4.115 -0.559 17.297 0.356 -0.152 14.58 -4.191 1.168 14.351 -3.81 -2.261
5 24 14.351 -3.81 -2.261 17.297 0.356 -0.152 14.453 -4.115 -0.559 17.221 0.813 -1.956
5 24 14.351 -3.81 -2.261 17.221 0.813 -1.956 17.297 0.356 -0.152 14.224 -3.277 -3.912
5 24 14.224 -3.277 -3.912 17.221 0.813 -1.956 14.351 -3.81 -2.261 14.122 -2.489 -5.461
5 24 14.122 -2.489 -5.461 17.221 0.813 -1.956 14.224 -3.277 -3.912 17.094 1.753 -3.607
5 24 14.072 -1.448 -6.858 17.094 1.753 -3.607 14.122 -2.489 -5.461 14.046 -0.203 -8.077
5 24 17.094 1.753 -3.607 14.122 -2.489 -5.461 14.072 -1.448 -6.858 17.221 0.813 -1.956
5 24 14.046 -0.203 -8.077 17.094 1.753 -3.607 14.072 -1.448 -6.858 16.993 3.175 -4.928
5 24 14.046 1.194 -9.119 16.993 3.175 -4.928 14.046 -0.203 -8.077 14.072 2.667 -9.957
5 24 14.072 2.667 -9.957 16.993 3.175 -4.928 14.046 1.194 -9.119 14.122 4.242 -10.617
5 24 14.122 4.242 -10.617 16.993 3.175 -4.928 14.072 2.667 -9.957 16.942 4.826 -5.944
5 24 14.122 4.242 -10.617 16.942 4.826 -5.944 16.993 3.175 -4.928 14.224 5.461 -11.074
5 24 14.224 5.461 -11.074 16.942 4.826 -5.944 14.122 4.242 -10.617 16.916 6.909 -6.502
5 24 14.224 5.461 -11.074 16.916 6.909 -6.502 16.942 4.826 -5.944 14.427 9.195 -11.43
5 24 14.427 9.195 -11.43 16.916 6.909 -6.502 14.224 5.461 -11.074 16.891 9.246 -7.137
5 24 14.427 9.195 -11.43 16.891 9.246 -7.137 16.916 6.909 -6.502 14.529 10.541 -11.354
5 24 15.824 1.219 9.398 14.783 -0.813 8.941 16.459 2.21 9.042 15.088 0.025 9.373
