0 ~Minifig Helmet SW Rebel Pilot with Checkered Pattern Top Side
0 Name: s\30370ps4s01.dat
0 Author: Daniel Goerner [TK-949]
0 !LDRAW_ORG Subpart UPDATE 2012-02
0 !LICENSE Redistributable under CCAL version 2.0 : see CAreadme.txt

0 BFC CERTIFY CCW

0 !HISTORY 2012-08-09 [PTadmin] Official Update 2012-02

4 0 7.061 -9.119 5.207 7.029 -9.341 3.793 10.594 -7.425 4.02 10.719 -7.214 5.004
3 0 12.39 -6.279 2.06 12.403 -6.275 1.773 12.929 -5.893 2.007
3 0 12.38 -6.283 2.228 12.39 -6.279 2.06 12.929 -5.893 2.007
3 0 4.36 -5.632 -10.38 4.39 -6.495 -9.33 3.759 -5.791 -10.592
3 0 4.36 -5.632 -10.38 3.759 -5.791 -10.592 4.358 -5.615 -10.401
3 0 5.17 -10.062 -0.54 5.19 -9.934 -1.37 5.62 -9.87 -0.66
3 0 5.17 -10.062 -0.54 5.62 -9.87 -0.66 5.57 -10.055 0.536
4 0 6.73 -5.624 -8.824 6.756 -6.401 -7.899 5.187 -6.906 -8.325 5.63 -6.057 -9.03
3 0 4.39 -6.495 -9.33 4.39 -7.163 -8.541 3.759 -7.366 -8.712
3 0 4.39 -6.495 -9.33 3.759 -7.366 -8.712 3.759 -5.791 -10.592
4 0 11.497 -6.911 2.582 10.9 -7.342 2.48 11.07 -7.222 2.36 11.56 -6.869 2.44
4 0 10.691 -7.484 2.906 10.73 -7.463 2.53 10.9 -7.342 2.48 11.497 -6.911 2.582
4 0 10.691 -7.484 2.906 10.55 -7.586 2.9 10.55 -7.593 2.54 10.73 -7.463 2.53
4 0 5.45 -2.125 -12.6 4.97 -2.12 -12.85 4.98 -1.891 -13 5.49 -1.916 -12.72
3 0 11.37 -7.026 1.35 10.424 -7.707 1.3 10.414 -7.722 0.889
3 0 11.689 -6.795 1.456 11.37 -7.026 1.35 10.414 -7.722 0.889
4 0 5.44 -2.339 -12.46 4.98 -2.394 -12.66 4.97 -2.12 -12.85 5.45 -2.125 -12.6
3 0 5.17 -6.243 -9.11 5.136 -5.388 -10.153 5.588 -5.255 -10.008
3 0 4.36 -9.361 -4.51 4.356 -9.467 -4.291 3.759 -9.677 -4.394
3 0 4.36 -9.361 -4.51 3.759 -9.677 -4.394 3.759 -8.661 -6.629
3 0 6.946 -9.365 -0.565 5.197 -9.86 -1.859 6.934 -9.22 -1.651
3 0 4.3 -10.255 -1.52 3.759 -10.389 -2.032 4.309 -10.186 -1.966
4 0 5.22 -8.285 -6.03 5.217 -8.163 -6.301 5.676 -8.006 -6.198 5.68 -8.154 -5.87
4 0 5.22 -9.059 -4.36 5.22 -8.285 -6.03 5.68 -8.154 -5.87 5.68 -8.969 -4.13
4 0 5.679 -9 -4.064 5.219 -9.163 -4.143 5.22 -9.059 -4.36 5.68 -8.969 -4.13
4 0 5.68 -8.969 -4.13 5.68 -8.154 -5.87 6.813 -7.734 -5.699 6.855 -8.528 -3.985
3 0 4.37 -8.639 -6.08 3.759 -8.661 -6.629 4.375 -8.451 -6.491
3 0 5.57 -10.055 0.536 5.13 -10.222 0.504 5.17 -10.062 -0.54
3 0 5.63 -6.057 -9.03 5.187 -6.906 -8.325 5.17 -6.243 -9.11
3 0 5.63 -6.057 -9.03 5.17 -6.243 -9.11 5.588 -5.255 -10.008
4 0 6.946 -9.365 -0.565 5.62 -9.87 -0.66 5.19 -9.934 -1.37 5.197 -9.86 -1.859
4 0 4.3 -10.255 -1.52 4.27 -10.406 -0.56 3.759 -10.744 0.406 3.759 -10.389 -2.032
3 0 4.24 -10.515 0.11 4.212 -10.571 0.438 3.759 -10.744 0.406
3 0 4.24 -10.515 0.11 3.759 -10.744 0.406 4.27 -10.406 -0.56
3 0 4.36 -9.361 -4.51 3.759 -8.661 -6.629 4.37 -8.639 -6.08
3 0 4.177 -1.566 -13.589 3.785 -1.93 -13.589 4.23 -1.304 -13.69
4 0 4.38 -0.871 -13.83 4.23 -1.304 -13.69 3.785 -1.93 -13.589 3.759 0.61 -14.808
3 0 4.38 -0.871 -13.83 3.759 0.61 -14.808 4.53 -0.647 -13.87
3 0 4.16 -3.39 -12.41 4.207 -3.839 -12.074 3.734 -3.962 -12.243
3 0 4.16 -3.39 -12.41 3.734 -3.962 -12.243 4.1 -2.888 -12.78
3 0 5 -2.72 -12.43 4.98 -2.394 -12.66 5.44 -2.339 -12.46
3 0 4.08 -2.474 -13.07 3.785 -1.93 -13.589 4.08 -2.207 -13.25
4 0 4.1 -2.888 -12.78 3.734 -3.962 -12.243 3.785 -1.93 -13.589 4.08 -2.474 -13.07
4 0 5.053 -3.618 -11.772 5 -2.72 -12.43 5.44 -2.339 -12.46 5.49 -3.215 -11.82
4 0 5.49 -3.215 -11.82 6.655 -2.798 -11.483 6.655 -3.2 -11.201 5.053 -3.618 -11.772
3 0 5.79 -1.554 -12.81 5.034 -1.665 -13.124 6.655 -1.321 -12.522
3 0 5.79 -1.554 -12.81 6.655 -1.321 -12.522 6.655 -1.358 -12.496
4 0 5.587 -0.257 -13.589 5.27 -0.275 -13.72 3.759 0.61 -14.808 6.629 0.711 -13.589
3 0 4.53 -0.647 -13.87 3.759 0.61 -14.808 4.7 -0.468 -13.88
3 0 4.92 -0.348 -13.84 4.7 -0.468 -13.88 3.759 0.61 -14.808
3 0 5.27 -0.275 -13.72 4.92 -0.348 -13.84 3.759 0.61 -14.808
3 0 5.79 -1.554 -12.81 5.65 -1.646 -12.82 5.034 -1.665 -13.124
3 0 7.116 -0.934 -12.485 6.655 -1.321 -12.522 6.651 -1.023 -12.679
4 0 8.586 0.301 -12.368 6.639 -0.105 -13.16 6.629 0.711 -13.589 9.83 1.346 -12.268
4 0 11.56 -6.869 2.44 11.07 -7.222 2.36 11.22 -7.12 2.08 11.61 -6.837 2.22
3 0 4.08 -2.207 -13.25 3.785 -1.93 -13.589 4.117 -1.859 -13.465
4 0 10.463 -7.649 2.895 10.454 -7.662 2.533 10.55 -7.593 2.54 10.55 -7.586 2.9
4 0 11.66 -6.808 1.84 11.3 -7.068 1.78 11.37 -7.026 1.35 11.689 -6.795 1.456
4 0 11.66 -6.808 1.84 11.61 -6.837 2.22 11.22 -7.12 2.08 11.3 -7.068 1.78
3 0 11.78 -6.565 -0.49 11.45 -6.724 -1.063 11.78 -6.494 -1.025
4 0 11.78 -6.565 -0.49 11.773 -6.614 -0.16 11.44 -6.836 -0.28 11.45 -6.724 -1.063
3 0 5.56 -1.759 -12.79 5.034 -1.665 -13.124 5.65 -1.646 -12.82
4 0 10.414 -7.722 0.889 10.354 -7.601 -0.344 11.44 -6.836 -0.28 11.773 -6.614 -0.16
4 0 5.49 -1.916 -12.72 4.98 -1.891 -13 5.034 -1.665 -13.124 5.56 -1.759 -12.79
3 0 12.44 -6.052 -0.81 12.436 -6.036 -0.95 12.751 -5.817 -0.914
3 0 12.439 -6.071 -0.674 12.44 -6.052 -0.81 12.751 -5.817 -0.914
4 0 9.88 -3.759 -8.585 11.457 -3.02 -7.977 11.17 -3.239 -7.99 9.902 -4.048 -8.23
3 0 8.75 -8.103 -2.13 8.053 -8.462 -2.193 8.745 -7.994 -2.529
4 0 3.759 -10.693 2.87 4.38 -10.42 3.11 4.53 -10.335 3.28 3.759 -10.262 5.309
3 0 3.759 -10.262 5.309 4.53 -10.335 3.28 4.8 -10.199 3.48
3 0 3.759 -10.262 5.309 5.14 -10.052 3.6 5.55 -9.887 3.67
3 0 3.759 -10.262 5.309 4.8 -10.199 3.48 5.14 -10.052 3.6
3 0 10.2 0.737 -11.71 9.84 0.623 -11.857 9.83 1.346 -12.268
4 0 8.67 -5.88 -6.93 8.708 -6.786 -5.49 7.193 -7.451 -5.852 7.15 -6.632 -7.17
4 0 8.741 -8.309 -1.406 8.75 -8.103 -2.13 10.09 -7.416 -1.99 10.085 -7.632 -1.225
3 0 4.38 -10.42 3.11 3.759 -10.693 2.87 4.266 -10.503 2.882
3 0 12.141 1.854 -11.201 11.013 0.701 -11.214 10.86 0.802 -11.36
3 0 3.759 -10.262 5.309 5.55 -9.887 3.67 5.947 -9.732 3.718
4 0 10.59 0.841 -11.54 10.2 0.737 -11.71 9.83 1.346 -12.268 12.141 1.854 -11.201
4 0 10.236 -6.985 -3.251 10.283 -7.316 -1.972 10.09 -7.416 -1.99 10.083 -7.089 -3.177
3 0 10.138 -0.194 -11.224 9.855 -0.483 -11.227 9.852 -0.276 -11.345
4 0 7.008 -4.817 -9.551 6.96 -4.162 -10.16 8.54 -3.363 -9.84 8.582 -4.237 -9.022
4 0 6.869 -3.136 -11.119 6.96 -4.162 -10.16 6.687 -4.3 -10.215 6.655 -3.2 -11.201
3 0 7.187 -9.092 -1.617 6.934 -9.22 -1.651 7.193 -9.045 -1.776
3 0 12.141 1.854 -11.201 10.86 0.802 -11.36 10.59 0.841 -11.54
3 0 12.192 0.203 -10.185 11.66 -0.194 -10.25 11.549 0.014 -10.472
4 0 8.54 -3.363 -9.84 8.476 -2.653 -10.505 9.779 -2.261 -10.008 9.81 -2.709 -9.582
3 0 11.699 -0.301 -10.149 11.66 -0.194 -10.25 12.192 0.203 -10.185
3 0 9.779 -2.261 -10.008 9.785 -2.124 -10.102 9.791 -2.249 -10.009
3 0 10.031 -6.206 -5.175 9.462 -6.456 -5.31 10.03 -6.177 -5.22
4 0 10.105 -6.14 -5.209 10.03 -6.177 -5.22 9.98 -5.236 -6.72 9.999 -5.227 -6.717
4 0 8.67 -5.88 -6.93 8.654 -5.624 -7.347 9.967 -5.086 -6.964 9.98 -5.236 -6.72
3 0 11.588 -4.244 -6.425 11.25 -3.838 -7.22 11.17 -3.239 -7.99
4 0 7.119 -6.253 -7.793 7.15 -6.632 -7.17 6.773 -6.818 -7.231 6.756 -6.401 -7.899
4 0 12.421 -3.81 -6.147 12.197 -3.927 -6.222 12.13 -3.181 -7.16 12.319 -2.616 -7.645
3 0 12.13 -3.181 -7.16 12.081 -2.727 -7.737 12.319 -2.616 -7.645
3 0 9.816 -1.395 -10.601 10.19 -0.385 -11.078 10.366 -0.333 -10.999
4 0 9.816 -1.395 -10.601 10.531 -0.285 -10.926 10.682 -0.24 -10.858 10.74 -0.269 -10.8
3 0 9.816 -1.395 -10.601 10.366 -0.333 -10.999 10.531 -0.285 -10.926
3 0 11.588 -4.244 -6.425 11.309 -4.389 -6.518 11.25 -3.838 -7.22
4 0 10.64 -0.963 -10.37 10.88 -0.42 -10.6 11.03 -0.675 -10.32 10.78 -1.143 -10.15
3 0 9.816 -1.395 -10.601 9.855 -0.483 -11.227 10.19 -0.385 -11.078
4 0 11.716 -5.554 -4.073 11.425 -5.836 -3.911 11.397 -5.427 -4.817 11.685 -5.259 -4.741
4 0 10.78 -1.143 -10.15 11.03 -0.675 -10.32 11.106 -0.906 -10.105 10.806 -1.212 -10.083
4 0 10.64 -0.963 -10.37 9.816 -1.395 -10.601 10.74 -0.269 -10.8 10.88 -0.42 -10.6
4 0 11.57 -4.007 -6.72 11.588 -4.244 -6.425 11.17 -3.239 -7.99 11.508 -3.471 -7.407
3 0 11.508 -3.471 -7.407 11.17 -3.239 -7.99 11.457 -3.02 -7.977
3 0 10.236 -6.985 -3.251 10.215 -6.848 -3.573 10.705 -6.531 -3.512
3 0 12.306 -4.984 -4.401 12.296 -4.906 -4.581 12.522 -4.775 -4.521
3 0 11.689 -6.795 1.456 10.414 -7.722 0.889 11.72 -6.742 1.05
3 0 11.39 -5.295 -5.03 11.625 -4.623 -5.806 11.67 -5.06 -5.07
4 0 12.929 -5.893 2.007 12.43 -6.212 1.18 12.439 -6.071 -0.674 12.751 -5.817 -0.914
3 0 11.39 -5.295 -5.03 11.31 -4.4 -6.5 11.625 -4.623 -5.806
3 0 11.31 -4.4 -6.5 11.588 -4.244 -6.425 11.625 -4.623 -5.806
4 0 11.76 -6.673 0.52 11.72 -6.742 1.05 10.414 -7.722 0.889 11.773 -6.614 -0.16
3 0 12.929 -5.893 2.007 12.403 -6.275 1.773 12.43 -6.212 1.18
3 0 10.08 -6.915 -3.59 8.73 -7.593 -3.75 10.031 -6.206 -5.175
4 0 8.73 -7.593 -3.75 8.71 -6.814 -5.43 9.462 -6.456 -5.31 10.031 -6.206 -5.175
4 0 11.45 -6.724 -1.063 11.46 -6.522 -1.86 11.78 -6.282 -1.89 11.78 -6.494 -1.025
4 0 8.71 -6.814 -5.43 7.2 -7.548 -5.64 7.193 -7.451 -5.852 8.708 -6.786 -5.49
4 0 7.07 -5.455 -8.76 7.008 -4.817 -9.551 8.582 -4.237 -9.022 8.61 -4.693 -8.47
4 0 8.61 -4.693 -8.47 9.902 -4.048 -8.23 9.967 -5.086 -6.964 8.654 -5.624 -7.347
4 0 7.119 -6.253 -7.793 6.756 -6.401 -7.899 6.73 -5.624 -8.824 7.07 -5.455 -8.76
4 0 11.46 -6.522 -1.86 11.32 -6.62 -1.873 11.773 -6.216 -2.179 11.78 -6.282 -1.89
4 0 7.219 -8.414 -3.796 7.22 -8.347 -3.94 8.73 -7.593 -3.75 8.733 -7.697 -3.522
3 0 12.23 -4.207 -5.75 12.197 -3.927 -6.222 12.421 -3.81 -6.147
4 0 12.522 -4.775 -4.521 12.296 -4.906 -4.581 12.23 -4.207 -5.75 12.421 -3.81 -6.147
4 0 10.082 -7.058 -3.279 10.08 -6.915 -3.59 10.215 -6.848 -3.573 10.236 -6.985 -3.251
4 0 12.751 -5.817 -0.914 12.436 -6.036 -0.95 12.4 -5.717 -2.36 12.649 -5.436 -2.769
3 0 12.4 -5.717 -2.36 12.39 -5.667 -2.594 12.649 -5.436 -2.769
4 0 7.22 -8.347 -3.94 6.855 -8.528 -3.985 6.813 -7.734 -5.699 7.2 -7.548 -5.64
3 0 4.266 -10.503 2.882 3.759 -10.693 2.87 4.19 -10.535 2.61
3 0 3.759 -10.693 2.87 4.15 -10.556 2.32 4.19 -10.535 2.61
3 0 3.759 -10.693 2.87 4.13 -10.571 1.98 4.15 -10.556 2.32
3 0 6.99 -9.495 2.011 6.97 -9.498 2.27 5.55 -10.052 1
3 0 6.99 -9.495 2.011 5.55 -10.052 1 6.97 -9.515 1.085
3 0 6.08 -9.827 2.62 5.85 -9.914 2.59 6.97 -9.498 2.27
3 0 6.08 -9.827 2.62 6.97 -9.498 2.27 6.48 -9.677 2.65
4 0 5.55 -10.052 1 5.12 -10.21 1.26 5.13 -10.222 0.504 5.57 -10.055 0.536
3 0 6.97 -9.498 2.27 6.995 -9.489 2.272 7.004 -9.48 2.682
3 0 6.97 -9.498 2.27 7.004 -9.48 2.682 6.48 -9.677 2.65
4 0 4.13 -10.579 1.6 4.13 -10.571 1.98 3.759 -10.693 2.87 3.759 -10.744 0.406
4 0 5.197 -9.86 -1.859 5.66 -9.497 -2.44 6.912 -9.033 -2.303 6.934 -9.22 -1.651
4 0 4.33 -9.887 -2.93 4.309 -10.186 -1.966 3.759 -10.389 -2.032 3.759 -9.677 -4.394
3 0 4.33 -9.887 -2.93 3.759 -9.677 -4.394 4.356 -9.467 -4.291
3 0 5.21 -9.553 -2.86 5.219 -9.163 -4.143 5.679 -9 -4.064
3 0 4.13 -10.579 1.6 3.759 -10.744 0.406 4.17 -10.577 0.94
3 0 4.17 -10.577 0.94 3.759 -10.744 0.406 4.212 -10.571 0.438
4 0 5.66 -9.497 -2.44 5.197 -9.86 -1.859 5.21 -9.553 -2.86 5.679 -9 -4.064
4 0 4.31 -4.893 -11.07 4.336 -5.275 -10.713 3.759 -5.791 -10.592 4.26 -4.378 -11.56
3 0 4.358 -5.615 -10.401 3.759 -5.791 -10.592 4.336 -5.275 -10.713
3 0 5.1 -4.495 -10.96 5.06 -3.728 -11.67 6.655 -3.2 -11.201
4 0 4.26 -4.378 -11.56 3.759 -5.791 -10.592 3.734 -3.962 -12.243 4.207 -3.839 -12.074
3 0 11.588 -4.244 -6.425 11.31 -4.4 -6.5 11.309 -4.389 -6.518
4 0 11.31 -4.4 -6.5 11.39 -5.295 -5.03 10.105 -6.14 -5.209 9.999 -5.227 -6.717
4 0 11.67 -5.06 -5.07 11.685 -5.259 -4.741 11.397 -5.427 -4.817 11.39 -5.295 -5.03
3 0 6.687 -4.3 -10.215 5.57 -4.777 -10.44 6.655 -3.2 -11.201
3 0 5.2 -10.164 2.1 5.15 -10.185 1.9 5.55 -10.052 1
3 0 5.2 -10.164 2.1 5.55 -10.052 1 5.28 -10.131 2.29
4 0 5.44 -10.069 2.45 5.28 -10.131 2.29 5.55 -10.052 1 6.97 -9.498 2.27
4 0 5.63 -9.997 2.54 5.44 -10.069 2.45 6.97 -9.498 2.27 5.85 -9.914 2.59
4 0 5.13 -10.198 1.65 5.12 -10.21 1.26 5.55 -10.052 1 5.15 -10.185 1.9
3 0 6.655 -3.2 -11.201 5.06 -3.728 -11.67 5.053 -3.618 -11.772
4 0 5.57 -4.777 -10.44 5.13 -5.19 -10.33 5.1 -4.495 -10.96 6.655 -3.2 -11.201
4 0 5.57 -4.777 -10.44 5.588 -5.255 -10.008 5.136 -5.388 -10.153 5.13 -5.19 -10.33
4 0 10.87 -1.364 -9.92 10.806 -1.212 -10.083 11.106 -0.906 -10.105 11.15 -1.027 -9.98
3 0 12.02 -2.034 -8.46 11.967 -1.584 -8.941 12.268 -1.27 -8.992
4 0 10.95 -1.64 -9.65 10.87 -1.364 -9.92 11.15 -1.027 -9.98 11.24 -1.397 -9.63
3 0 12.268 -1.27 -8.992 11.947 -1.398 -9.123 11.91 -0.996 -9.46
4 0 10.971 -1.787 -9.522 10.95 -1.64 -9.65 11.24 -1.397 -9.63 11.29 -1.659 -9.391
4 0 12.319 -2.616 -7.645 12.081 -2.727 -7.737 12.02 -2.034 -8.46 12.268 -1.27 -8.992
3 0 10.99 -7.259 2.89 11.36 -6.995 2.75 11.19 -7.114 2.84
3 0 10.719 -7.214 5.004 10.594 -7.425 4.02 10.75 -7.306 4.03
4 0 10.99 -7.259 2.89 10.78 -7.416 2.91 11.48 -6.92 2.62 11.36 -6.995 2.75
3 0 11.45 -2.941 -8.06 11.457 -3.02 -7.977 9.88 -3.759 -8.585
3 0 11.45 -2.941 -8.06 9.88 -3.759 -8.585 11.365 -2.212 -8.838
3 0 10.78 -7.416 2.91 10.691 -7.484 2.906 11.497 -6.911 2.582
3 0 10.78 -7.416 2.91 11.497 -6.911 2.582 11.48 -6.92 2.62
4 0 12.192 0.203 -10.185 11.48 0.174 -10.61 11.28 0.469 -10.91 12.141 1.854 -11.201
3 0 12.192 0.203 -10.185 11.549 0.014 -10.472 11.48 0.174 -10.61
3 0 11.28 0.469 -10.91 11.07 0.67 -11.16 12.141 1.854 -11.201
3 0 10.19 -0.385 -11.078 9.855 -0.483 -11.227 10.138 -0.194 -11.224
3 0 11.07 0.67 -11.16 11.013 0.701 -11.214 12.141 1.854 -11.201
3 0 10.682 -0.24 -10.858 10.531 -0.285 -10.926 10.51 -0.131 -11.03
3 0 11.81 -0.571 -9.86 11.699 -0.301 -10.149 12.192 0.203 -10.185
4 0 12.268 -1.27 -8.992 11.91 -0.996 -9.46 11.81 -0.571 -9.86 12.192 0.203 -10.185
3 0 9.792 -2.256 -10.003 9.779 -2.261 -10.008 9.791 -2.249 -10.009
4 0 10.366 -0.333 -10.999 10.3 -0.149 -11.15 10.51 -0.131 -11.03 10.531 -0.285 -10.926
4 0 10.19 -0.385 -11.078 10.138 -0.194 -11.224 10.3 -0.149 -11.15 10.366 -0.333 -10.999
3 0 10.719 -7.214 5.004 10.75 -7.306 4.03 11.02 -7.1 4.04
3 0 12.24 -6.276 3.16 12.3 -6.257 2.95 12.929 -5.893 2.007
3 0 12.3 -6.257 2.95 12.34 -6.258 2.7 12.929 -5.893 2.007
4 0 12.929 -5.893 2.007 13.03 -5.436 4.851 12.15 -6.317 3.38 12.24 -6.276 3.16
3 0 7.061 -9.119 5.207 6.67 -9.47 3.77 7.029 -9.341 3.793
4 0 7.061 -9.119 5.207 3.759 -10.262 5.309 5.947 -9.732 3.718 6.67 -9.47 3.77
3 0 12.34 -6.258 2.7 12.37 -6.27 2.4 12.929 -5.893 2.007
4 0 10.05 -7.912 0.862 10.08 -7.745 -0.36 10.354 -7.601 -0.344 10.414 -7.722 0.889
4 0 7.084 -9.46 0.644 7.15 -9.261 -0.55 8.73 -8.449 -0.45 8.708 -8.613 0.764
4 0 7.187 -9.092 -1.617 7.15 -9.261 -0.55 6.946 -9.365 -0.565 6.934 -9.22 -1.651
3 0 12.37 -6.27 2.4 12.38 -6.283 2.228 12.929 -5.893 2.007
4 0 8.73 -8.449 -0.45 8.741 -8.309 -1.406 10.085 -7.632 -1.225 10.08 -7.745 -0.36
3 0 12.32 -5.082 -4.15 12.306 -4.984 -4.401 12.522 -4.775 -4.521
4 0 12.649 -5.436 -2.769 12.379 -5.609 -2.823 12.32 -5.082 -4.15 12.522 -4.775 -4.521
4 0 10.719 -7.214 5.004 11.49 -6.753 3.96 11.72 -6.587 3.86 13.03 -5.436 4.851
3 0 10.719 -7.214 5.004 11.02 -7.1 4.04 11.24 -6.936 4.02
3 0 10.719 -7.214 5.004 11.24 -6.936 4.02 11.49 -6.753 3.96
4 0 10.236 -6.985 -3.251 10.705 -6.531 -3.512 11.44 -6.036 -3.42 11.755 -6.01 -2.948
3 0 13.03 -5.436 4.851 11.87 -6.485 3.75 12.03 -6.382 3.59
3 0 13.03 -5.436 4.851 12.03 -6.382 3.59 12.15 -6.317 3.38
3 0 13.03 -5.436 4.851 11.72 -6.587 3.86 11.87 -6.485 3.75
3 0 11.44 -6.036 -3.42 11.425 -5.836 -3.911 11.716 -5.554 -4.073
3 0 11.74 -5.757 -3.56 11.755 -6.01 -2.948 11.44 -6.036 -3.42
3 0 11.74 -5.757 -3.56 11.44 -6.036 -3.42 11.716 -5.554 -4.073
3 0 6.773 -6.818 -7.231 5.187 -6.906 -8.325 6.756 -6.401 -7.899
4 0 9.816 -1.395 -10.601 9.75 -1.424 -10.62 9.7 -0.524 -11.29 9.855 -0.483 -11.227
4 0 5.217 -8.163 -6.301 5.2 -7.282 -7.71 5.66 -7.243 -7.41 5.676 -8.006 -6.198
3 0 4.39 -7.611 -7.82 3.759 -7.366 -8.712 4.39 -7.163 -8.541
4 0 4.39 -7.611 -7.82 4.375 -8.451 -6.491 3.759 -8.661 -6.629 3.759 -7.366 -8.712
4 0 8.352 -0.892 -11.825 8.43 -2.002 -10.99 6.84 -2.718 -11.43 6.7 -1.343 -12.48
3 0 8.352 -0.892 -11.825 6.7 -1.343 -12.48 6.655 -1.321 -12.522
3 0 9.7 -0.524 -11.29 8.352 -0.892 -11.825 6.655 -1.321 -12.522
4 0 6.84 -2.718 -11.43 6.869 -3.136 -11.119 6.655 -3.2 -11.201 6.655 -2.798 -11.483
4 0 5.66 -7.243 -7.41 5.2 -7.282 -7.71 5.187 -6.906 -8.325 6.773 -6.818 -7.231
3 0 9.779 -2.261 -10.008 8.476 -2.653 -10.505 9.785 -2.124 -10.102
3 0 6.7 -1.343 -12.48 6.655 -1.358 -12.496 6.655 -1.321 -12.522
3 0 6.655 -1.321 -12.522 5.64 -1.15 -13.1 6.651 -1.023 -12.679
4 0 6.655 -1.321 -12.522 5.25 -1.261 -13.23 5.42 -1.181 -13.19 5.64 -1.15 -13.1
4 0 6.655 -1.321 -12.522 5.034 -1.665 -13.124 5.12 -1.421 -13.21 5.25 -1.261 -13.23
3 0 4.117 -1.859 -13.465 3.785 -1.93 -13.589 4.177 -1.566 -13.589
3 0 6.639 -0.105 -13.16 5.587 -0.257 -13.589 6.629 0.711 -13.589
4 0 9.785 -2.124 -10.102 8.476 -2.653 -10.505 8.43 -2.002 -10.99 9.75 -1.424 -10.62
4 14 12.4 -5.717 -2.36 11.78 -6.282 -1.89 11.773 -6.216 -2.179 12.39 -5.667 -2.594
4 14 7.22 -8.347 -3.94 7.2 -7.548 -5.64 8.71 -6.814 -5.43 8.73 -7.593 -3.75
4 14 11.02 -7.1 4.04 10.75 -7.306 4.03 10.78 -7.416 2.91 10.99 -7.259 2.89
4 14 12.081 -2.727 -7.737 11.457 -3.02 -7.977 11.45 -2.941 -8.06 12.02 -2.034 -8.46
4 14 11.625 -4.623 -5.806 11.588 -4.244 -6.425 12.197 -3.927 -6.222 12.23 -4.207 -5.75
4 14 11.45 -2.941 -8.06 11.365 -2.212 -8.838 11.967 -1.584 -8.941 12.02 -2.034 -8.46
4 14 4.375 -8.451 -6.491 4.39 -7.611 -7.82 5.2 -7.282 -7.71 5.217 -8.163 -6.301
4 14 12.296 -4.906 -4.581 11.685 -5.259 -4.741 11.67 -5.06 -5.07 12.23 -4.207 -5.75
4 14 10.109 -6.172 -5.156 10.105 -6.14 -5.209 11.39 -5.295 -5.03 11.397 -5.427 -4.817
4 14 6.858 -8.585 -3.861 6.912 -9.033 -2.303 5.66 -9.497 -2.44 5.679 -9 -4.064
4 14 4.309 -10.186 -1.966 4.33 -9.887 -2.93 5.21 -9.553 -2.86 5.197 -9.86 -1.859
4 14 10.312 -7.518 -1.194 10.354 -7.601 -0.344 10.08 -7.745 -0.36 10.085 -7.632 -1.225
3 14 11.497 -6.911 2.582 12.38 -6.283 2.228 12.37 -6.27 2.4
4 14 10.109 -6.172 -5.156 10.215 -6.848 -3.573 10.08 -6.915 -3.59 10.031 -6.206 -5.175
4 14 5.219 -9.163 -4.143 5.21 -9.553 -2.86 4.33 -9.887 -2.93 4.356 -9.467 -4.291
4 14 11.49 -6.753 3.96 11.24 -6.936 4.02 11.19 -7.114 2.84 11.36 -6.995 2.75
4 14 11.24 -6.936 4.02 11.02 -7.1 4.04 10.99 -7.259 2.89 11.19 -7.114 2.84
4 14 7.193 -7.451 -5.852 7.2 -7.548 -5.64 6.813 -7.734 -5.699 6.807 -7.62 -5.944
3 14 9.462 -6.456 -5.31 8.71 -6.814 -5.43 8.708 -6.786 -5.49
3 14 11.67 -5.06 -5.07 11.625 -4.623 -5.806 12.23 -4.207 -5.75
4 14 11.74 -5.757 -3.56 12.32 -5.082 -4.15 12.379 -5.609 -2.823 11.755 -6.01 -2.948
4 14 11.689 -6.795 1.456 11.72 -6.742 1.05 12.43 -6.212 1.18 12.403 -6.275 1.773
4 14 5.64 -1.15 -13.1 5.42 -1.181 -13.19 5.587 -0.257 -13.589 6.639 -0.105 -13.16
4 14 12.32 -5.082 -4.15 11.74 -5.757 -3.56 11.716 -5.554 -4.073 12.306 -4.984 -4.401
4 14 5.12 -1.421 -13.21 4.177 -1.566 -13.589 5.587 -0.257 -13.589 5.25 -1.261 -13.23
3 14 5.42 -1.181 -13.19 5.25 -1.261 -13.23 5.587 -0.257 -13.589
3 14 11.44 -6.036 -3.42 10.705 -6.531 -3.512 11.425 -5.836 -3.911
4 14 5.034 -1.665 -13.124 4.117 -1.859 -13.465 4.177 -1.566 -13.589 5.12 -1.421 -13.21
3 14 6.651 -1.023 -12.679 5.64 -1.15 -13.1 6.639 -0.105 -13.16
4 14 5.676 -8.006 -6.198 5.66 -7.243 -7.41 6.773 -6.818 -7.231 6.807 -7.62 -5.944
4 14 11.309 -4.389 -6.518 11.31 -4.4 -6.5 9.999 -5.227 -6.717 9.982 -5.08 -6.96
4 14 4.39 -7.611 -7.82 4.39 -7.163 -8.541 5.187 -6.906 -8.325 5.2 -7.282 -7.71
3 14 10.594 -7.425 4.02 10.465 -7.645 2.997 10.691 -7.484 2.906
4 14 8.733 -7.697 -3.522 8.73 -7.593 -3.75 10.08 -6.915 -3.59 10.082 -7.058 -3.279
3 14 11.76 -6.673 0.52 11.773 -6.614 -0.16 12.439 -6.071 -0.674
4 14 12.43 -6.212 1.18 11.72 -6.742 1.05 11.76 -6.673 0.52 12.439 -6.071 -0.674
4 14 11.46 -6.522 -1.86 11.45 -6.724 -1.063 10.312 -7.518 -1.194 11.32 -6.62 -1.873
3 14 6.67 -9.47 3.77 5.947 -9.732 3.718 7.01 -9.474 2.946
3 14 6.67 -9.47 3.77 7.01 -9.474 2.946 7.029 -9.341 3.793
4 14 4.13 -10.571 1.98 4.13 -10.579 1.6 5.12 -10.21 1.26 5.13 -10.198 1.65
4 14 4.13 -10.571 1.98 5.13 -10.198 1.65 5.15 -10.185 1.9 4.15 -10.556 2.32
4 14 7.008 -4.817 -9.551 7.07 -5.455 -8.76 6.73 -5.624 -8.824 6.706 -4.928 -9.652
4 14 8.61 -4.693 -8.47 8.654 -5.624 -7.347 7.119 -6.253 -7.793 7.07 -5.455 -8.76
4 14 6.655 -2.798 -11.483 6.655 -1.358 -12.496 6.7 -1.343 -12.48 6.84 -2.718 -11.43
4 14 4.15 -10.556 2.32 5.15 -10.185 1.9 5.2 -10.164 2.1 4.19 -10.535 2.61
4 14 10.682 -0.24 -10.858 10.51 -0.131 -11.03 11.28 0.469 -10.91 11.48 0.174 -10.61
4 14 10.51 -0.131 -11.03 10.3 -0.149 -11.15 11.07 0.67 -11.16 11.28 0.469 -10.91
3 14 11.549 0.014 -10.472 10.682 -0.24 -10.858 11.48 0.174 -10.61
4 14 4.19 -10.535 2.61 5.2 -10.164 2.1 5.28 -10.131 2.29 4.266 -10.503 2.882
4 14 5.12 -10.21 1.26 4.13 -10.579 1.6 4.17 -10.577 0.94 5.13 -10.222 0.504
4 14 8.43 -2.002 -10.99 8.352 -0.892 -11.825 9.7 -0.524 -11.29 9.75 -1.424 -10.62
4 14 12.436 -6.036 -0.95 11.78 -6.494 -1.025 11.78 -6.282 -1.89 12.4 -5.717 -2.36
4 14 7.15 -9.261 -0.55 7.187 -9.092 -1.617 8.741 -8.309 -1.406 8.73 -8.449 -0.45
4 14 5.588 -5.255 -10.008 5.57 -4.777 -10.44 6.687 -4.3 -10.215 6.706 -4.928 -9.652
4 14 8.708 -8.613 0.764 8.73 -8.449 -0.45 10.08 -7.745 -0.36 10.05 -7.912 0.862
4 14 11.72 -6.587 3.86 11.49 -6.753 3.96 11.36 -6.995 2.75 11.48 -6.92 2.62
4 14 5.053 -3.618 -11.772 5.06 -3.728 -11.67 4.26 -4.378 -11.56 4.207 -3.839 -12.074
4 14 7.15 -9.261 -0.55 7.084 -9.46 0.644 6.96 -9.525 0.635 6.946 -9.365 -0.565
3 14 9.967 -5.086 -6.964 9.902 -4.048 -8.23 9.982 -5.08 -6.96
4 14 5.136 -5.388 -10.153 4.358 -5.615 -10.401 4.336 -5.275 -10.713 5.13 -5.19 -10.33
4 14 5.06 -3.728 -11.67 5.1 -4.495 -10.96 4.31 -4.893 -11.07 4.26 -4.378 -11.56
4 14 5.1 -4.495 -10.96 5.13 -5.19 -10.33 4.336 -5.275 -10.713 4.31 -4.893 -11.07
4 14 11.15 -1.027 -9.98 11.106 -0.906 -10.105 11.699 -0.301 -10.149 11.81 -0.571 -9.86
4 14 11.24 -1.397 -9.63 11.15 -1.027 -9.98 11.81 -0.571 -9.86 11.91 -0.996 -9.46
4 14 10.806 -1.212 -10.083 10.87 -1.364 -9.92 9.792 -2.256 -10.003 9.791 -2.249 -10.009
4 14 5.55 -10.052 1 5.57 -10.055 0.536 6.96 -9.525 0.635 6.97 -9.515 1.085
4 14 9.792 -2.256 -10.003 10.87 -1.364 -9.92 10.95 -1.64 -9.65 10.971 -1.787 -9.522
4 14 11.29 -1.659 -9.391 11.24 -1.397 -9.63 11.91 -0.996 -9.46 11.947 -1.398 -9.123
4 14 10.691 -7.484 2.906 10.78 -7.416 2.91 10.75 -7.306 4.03 10.594 -7.425 4.02
4 14 12.34 -6.258 2.7 11.48 -6.92 2.62 11.497 -6.911 2.582 12.37 -6.27 2.4
4 14 12.3 -6.257 2.95 12.24 -6.276 3.16 11.48 -6.92 2.62 12.34 -6.258 2.7
4 14 11.87 -6.485 3.75 11.72 -6.587 3.86 11.48 -6.92 2.62 12.03 -6.382 3.59
4 14 12.15 -6.317 3.38 12.03 -6.382 3.59 11.48 -6.92 2.62 12.24 -6.276 3.16
4 14 8.61 -4.693 -8.47 8.582 -4.237 -9.022 9.88 -3.759 -8.585 9.902 -4.048 -8.23
3 14 6.995 -9.489 2.272 6.97 -9.498 2.27 6.99 -9.495 2.011
3 14 4.266 -10.503 2.882 5.28 -10.131 2.29 5.44 -10.069 2.45
3 14 9.785 -2.124 -10.102 9.75 -1.424 -10.62 9.816 -1.395 -10.601
4 14 10.3 -0.149 -11.15 10.138 -0.194 -11.224 11.013 0.701 -11.214 11.07 0.67 -11.16
4 14 6.869 -3.136 -11.119 6.84 -2.718 -11.43 8.43 -2.002 -10.99 8.476 -2.653 -10.505
3 14 4.266 -10.503 2.882 5.44 -10.069 2.45 5.63 -9.997 2.54
3 14 7.01 -9.474 2.946 5.85 -9.914 2.59 6.08 -9.827 2.62
3 14 7.01 -9.474 2.946 6.08 -9.827 2.62 6.48 -9.677 2.65
3 14 7.01 -9.474 2.946 6.48 -9.677 2.65 7.004 -9.48 2.682
4 14 4.266 -10.503 2.882 5.63 -9.997 2.54 5.85 -9.914 2.59 7.01 -9.474 2.946
3 14 4.17 -10.577 0.94 4.212 -10.571 0.438 5.13 -10.222 0.504
3 14 10.312 -7.518 -1.194 10.283 -7.316 -1.972 11.32 -6.62 -1.873
4 14 11.773 -6.216 -2.179 11.755 -6.01 -2.948 12.379 -5.609 -2.823 12.39 -5.667 -2.594
4 14 7.219 -8.414 -3.796 7.21 -8.885 -2.27 6.912 -9.033 -2.303 6.858 -8.585 -3.861
4 14 10.465 -7.645 2.997 7.01 -9.474 2.946 7.004 -9.48 2.682 10.463 -7.649 2.895
4 14 8.7 -8.612 1.19 8.708 -8.613 0.764 10.05 -7.912 0.862 10.04 -7.911 1.28
3 14 9.869 -3.586 -8.749 9.81 -2.709 -9.582 9.82 -2.703 -9.58
4 14 9.852 -0.276 -11.345 7.116 -0.934 -12.485 8.586 0.301 -12.368 9.84 0.623 -11.857
3 14 6.99 -9.495 2.011 7.06 -9.468 1.09 8.7 -8.612 1.19
4 14 8.64 -8.624 2.42 6.995 -9.489 2.272 6.99 -9.495 2.011 8.7 -8.612 1.19
4 14 10.424 -7.707 1.3 10.454 -7.662 2.533 9.99 -7.908 2.5 10.04 -7.911 1.28
4 14 7.084 -9.46 0.644 7.06 -9.468 1.09 6.97 -9.515 1.085 6.96 -9.525 0.635
4 14 9.82 -2.703 -9.58 9.792 -2.256 -10.003 10.971 -1.787 -9.522 11 -1.964 -9.34
4 14 10.083 -7.089 -3.177 8.745 -7.994 -2.529 8.733 -7.697 -3.522 10.082 -7.058 -3.279
3 14 7.193 -9.045 -1.776 7.21 -8.885 -2.27 8.053 -8.462 -2.193
4 14 11.947 -1.398 -9.123 11.967 -1.584 -8.941 11.365 -2.212 -8.838 11.32 -1.791 -9.25
3 14 11.947 -1.398 -9.123 11.32 -1.791 -9.25 11.29 -1.659 -9.391
3 16 12.141 1.854 -11.201 9.83 1.346 -12.268 12.116 3.632 -12.014
3 16 12.116 3.632 -12.014 9.627 3.251 -13.157 12.065 5.486 -12.598
3 16 6.629 0.711 -13.589 3.759 0.61 -14.808 4.115 1.346 -15.164
3 16 7.112 2.87 -14.199 4.115 1.346 -15.164 4.826 5.131 -15.519
3 16 9.627 3.251 -13.157 9.83 1.346 -12.268 7.112 2.87 -14.199
3 16 9.83 1.346 -12.268 6.629 0.711 -13.589 7.112 2.87 -14.199
3 16 10.262 5.461 -13.437 7.112 2.87 -14.199 4.826 5.131 -15.519
3 16 12.065 5.486 -12.598 9.627 3.251 -13.157 10.262 5.461 -13.437
3 0 9.852 -0.276 -11.345 9.855 -0.483 -11.227 9.7 -0.524 -11.29
3 0 9.852 -0.276 -11.345 9.7 -0.524 -11.29 7.116 -0.934 -12.485
3 0 11.967 -1.584 -8.941 11.947 -1.398 -9.123 12.268 -1.27 -8.992
3 0 9.84 0.623 -11.857 8.586 0.301 -12.368 9.83 1.346 -12.268
3 0 9.7 -0.524 -11.29 6.655 -1.321 -12.522 7.116 -0.934 -12.485
3 0 9.88 -3.759 -8.585 9.869 -3.586 -8.749 11.365 -2.212 -8.838
4 0 11.32 -1.791 -9.25 11.365 -2.212 -8.838 11 -1.964 -9.34 11.29 -1.659 -9.391
4 0 11.365 -2.212 -8.838 9.869 -3.586 -8.749 9.82 -2.703 -9.58 11 -1.964 -9.34
4 0 9.792 -2.256 -10.003 9.82 -2.703 -9.58 9.81 -2.709 -9.582 9.779 -2.261 -10.008
3 0 11 -1.964 -9.34 10.971 -1.787 -9.522 11.29 -1.659 -9.391
4 0 11.773 -6.216 -2.179 11.32 -6.62 -1.873 10.283 -7.316 -1.972 11.755 -6.01 -2.948
3 0 10.463 -7.649 2.895 7.004 -9.48 2.682 8.64 -8.624 2.42
3 0 7.004 -9.48 2.682 6.995 -9.489 2.272 8.64 -8.624 2.42
3 0 12.39 -5.667 -2.594 12.379 -5.609 -2.823 12.649 -5.436 -2.769
3 0 10.283 -7.316 -1.972 10.236 -6.985 -3.251 11.755 -6.01 -2.948
3 0 9.99 -7.908 2.5 10.454 -7.662 2.533 10.463 -7.649 2.895
3 0 9.99 -7.908 2.5 10.463 -7.649 2.895 8.64 -8.624 2.42
4 0 7.06 -9.468 1.09 7.084 -9.46 0.644 8.708 -8.613 0.764 8.7 -8.612 1.19
4 0 10.04 -7.911 1.28 10.05 -7.912 0.862 10.414 -7.722 0.889 10.424 -7.707 1.3
4 0 8.64 -8.624 2.42 8.7 -8.612 1.19 10.04 -7.911 1.28 9.99 -7.908 2.5
3 0 6.99 -9.495 2.011 6.97 -9.515 1.085 7.06 -9.468 1.09
4 0 6.934 -9.22 -1.651 6.912 -9.033 -2.303 7.21 -8.885 -2.27 7.193 -9.045 -1.776
3 0 10.083 -7.089 -3.177 10.082 -7.058 -3.279 10.236 -6.985 -3.251
4 0 8.053 -8.462 -2.193 7.21 -8.885 -2.27 7.219 -8.414 -3.796 8.745 -7.994 -2.529
3 0 8.745 -7.994 -2.529 7.219 -8.414 -3.796 8.733 -7.697 -3.522
4 14 6.858 -8.585 -3.861 6.855 -8.528 -3.985 7.22 -8.347 -3.94 7.219 -8.414 -3.796
3 16 9.627 3.251 -13.157 7.112 2.87 -14.199 10.262 5.461 -13.437
3 16 12.116 3.632 -12.014 9.83 1.346 -12.268 9.627 3.251 -13.157
3 16 6.629 0.711 -13.589 4.115 1.346 -15.164 7.112 2.87 -14.199
3 14 6.655 -2.798 -11.483 5.79 -1.554 -12.81 6.655 -1.358 -12.496
4 14 4.98 -1.891 -13 4.08 -2.207 -13.25 4.117 -1.859 -13.465 5.034 -1.665 -13.124
3 14 8.741 -8.309 -1.406 8.053 -8.462 -2.193 8.75 -8.103 -2.13
4 14 4.92 -0.348 -13.84 4.38 -0.871 -13.83 4.53 -0.647 -13.87 4.7 -0.468 -13.88
4 14 10.085 -7.632 -1.225 10.09 -7.416 -1.99 10.283 -7.316 -1.972 10.312 -7.518 -1.194
3 14 6.655 -2.798 -11.483 5.45 -2.125 -12.6 5.49 -1.916 -12.72
3 14 6.655 -2.798 -11.483 5.49 -1.916 -12.72 5.56 -1.759 -12.79
4 14 6.655 -2.798 -11.483 5.56 -1.759 -12.79 5.65 -1.646 -12.82 5.79 -1.554 -12.81
4 14 8.741 -8.309 -1.406 7.187 -9.092 -1.617 7.193 -9.045 -1.776 8.053 -8.462 -2.193
3 14 6.655 -2.798 -11.483 5.49 -3.215 -11.82 5.44 -2.339 -12.46
3 14 6.655 -2.798 -11.483 5.44 -2.339 -12.46 5.45 -2.125 -12.6
4 14 4.98 -2.394 -12.66 4.1 -2.888 -12.78 4.08 -2.474 -13.07 4.97 -2.12 -12.85
4 14 4.97 -2.12 -12.85 4.08 -2.474 -13.07 4.08 -2.207 -13.25 4.98 -1.891 -13
4 14 5.053 -3.618 -11.772 4.207 -3.839 -12.074 4.16 -3.39 -12.41 5 -2.72 -12.43
4 14 5 -2.72 -12.43 4.16 -3.39 -12.41 4.1 -2.888 -12.78 4.98 -2.394 -12.66
3 14 5.55 -9.887 3.67 5.14 -10.052 3.6 7.01 -9.474 2.946
3 14 5.55 -9.887 3.67 7.01 -9.474 2.946 5.947 -9.732 3.718
4 14 4.8 -10.199 3.48 4.53 -10.335 3.28 7.01 -9.474 2.946 5.14 -10.052 3.6
4 14 4.38 -10.42 3.11 4.266 -10.503 2.882 7.01 -9.474 2.946 4.53 -10.335 3.28
4 14 12.306 -4.984 -4.401 11.716 -5.554 -4.073 11.685 -5.259 -4.741 12.296 -4.906 -4.581
4 14 12.197 -3.927 -6.222 11.588 -4.244 -6.425 11.57 -4.007 -6.72 12.13 -3.181 -7.16
3 14 11.425 -5.836 -3.911 10.109 -6.172 -5.156 11.397 -5.427 -4.817
4 14 10.705 -6.531 -3.512 10.215 -6.848 -3.573 10.109 -6.172 -5.156 11.425 -5.836 -3.911
4 14 12.13 -3.181 -7.16 11.57 -4.007 -6.72 11.508 -3.471 -7.407 12.081 -2.727 -7.737
4 14 9.982 -5.08 -6.96 9.902 -4.048 -8.23 11.17 -3.239 -7.99 11.25 -3.838 -7.22
3 14 11.508 -3.471 -7.407 11.457 -3.02 -7.977 12.081 -2.727 -7.737
4 14 8.745 -7.994 -2.529 10.083 -7.089 -3.177 10.09 -7.416 -1.99 8.75 -8.103 -2.13
3 14 11.309 -4.389 -6.518 9.982 -5.08 -6.96 11.25 -3.838 -7.22
4 14 7.116 -0.934 -12.485 6.651 -1.023 -12.679 6.639 -0.105 -13.16 8.586 0.301 -12.368
4 14 5.587 -0.257 -13.589 4.177 -1.566 -13.589 4.23 -1.304 -13.69 5.27 -0.275 -13.72
4 14 5.27 -0.275 -13.72 4.23 -1.304 -13.69 4.38 -0.871 -13.83 4.92 -0.348 -13.84
4 14 11.45 -6.724 -1.063 11.44 -6.836 -0.28 10.354 -7.601 -0.344 10.312 -7.518 -1.194
3 14 11.549 0.014 -10.472 10.88 -0.42 -10.6 10.74 -0.269 -10.8
4 14 5.679 -9 -4.064 5.68 -8.969 -4.13 6.855 -8.528 -3.985 6.858 -8.585 -3.861
4 14 4.37 -8.639 -6.08 5.22 -8.285 -6.03 5.22 -9.059 -4.36 4.36 -9.361 -4.51
4 14 6.96 -4.162 -10.16 7.008 -4.817 -9.551 6.706 -4.928 -9.652 6.687 -4.3 -10.215
3 14 11.549 0.014 -10.472 10.74 -0.269 -10.8 10.682 -0.24 -10.858
4 14 4.356 -9.467 -4.291 4.36 -9.361 -4.51 5.22 -9.059 -4.36 5.219 -9.163 -4.143
4 14 10.64 -0.963 -10.37 10.78 -1.143 -10.15 9.785 -2.124 -10.102 9.816 -1.395 -10.601
4 14 5.68 -8.154 -5.87 5.676 -8.006 -6.198 6.807 -7.62 -5.944 6.813 -7.734 -5.699
4 14 5.22 -8.285 -6.03 4.37 -8.639 -6.08 4.375 -8.451 -6.491 5.217 -8.163 -6.301
4 14 11.549 0.014 -10.472 11.66 -0.194 -10.25 11.03 -0.675 -10.32 10.88 -0.42 -10.6
4 14 11.699 -0.301 -10.149 11.106 -0.906 -10.105 11.03 -0.675 -10.32 11.66 -0.194 -10.25
4 14 10.138 -0.194 -11.224 9.852 -0.276 -11.345 9.84 0.623 -11.857 10.2 0.737 -11.71
3 14 10.03 -6.177 -5.22 9.462 -6.456 -5.31 9.98 -5.236 -6.72
4 14 9.98 -5.236 -6.72 9.462 -6.456 -5.31 8.708 -6.786 -5.49 8.67 -5.88 -6.93
4 14 10.031 -6.206 -5.175 10.03 -6.177 -5.22 10.105 -6.14 -5.209 10.109 -6.172 -5.156
4 14 7.15 -6.632 -7.17 7.193 -7.451 -5.852 6.807 -7.62 -5.944 6.773 -6.818 -7.231
4 14 9.999 -5.227 -6.717 9.98 -5.236 -6.72 9.967 -5.086 -6.964 9.982 -5.08 -6.96
4 14 8.67 -5.88 -6.93 7.15 -6.632 -7.17 7.119 -6.253 -7.793 8.654 -5.624 -7.347
4 14 10.138 -0.194 -11.224 10.2 0.737 -11.71 10.59 0.841 -11.54 10.86 0.802 -11.36
4 14 6.96 -4.162 -10.16 6.869 -3.136 -11.119 8.476 -2.653 -10.505 8.54 -3.363 -9.84
3 14 11.013 0.701 -11.214 10.138 -0.194 -11.224 10.86 0.802 -11.36
4 14 8.54 -3.363 -9.84 9.81 -2.709 -9.582 9.869 -3.586 -8.749 8.582 -4.237 -9.022
3 14 9.88 -3.759 -8.585 8.582 -4.237 -9.022 9.869 -3.586 -8.749
4 14 12.38 -6.283 2.228 11.497 -6.911 2.582 11.56 -6.869 2.44 12.39 -6.279 2.06
3 14 11.3 -7.068 1.78 10.424 -7.707 1.3 11.37 -7.026 1.35
3 14 11.56 -6.869 2.44 11.61 -6.837 2.22 12.39 -6.279 2.06
3 14 10.465 -7.645 2.997 10.463 -7.649 2.895 10.55 -7.586 2.9
4 14 12.39 -6.279 2.06 11.66 -6.808 1.84 11.689 -6.795 1.456 12.403 -6.275 1.773
4 14 11.22 -7.12 2.08 11.07 -7.222 2.36 10.424 -7.707 1.3 11.3 -7.068 1.78
4 14 11.78 -6.565 -0.49 11.78 -6.494 -1.025 12.436 -6.036 -0.95 12.44 -6.052 -0.81
4 14 11.773 -6.614 -0.16 11.78 -6.565 -0.49 12.44 -6.052 -0.81 12.439 -6.071 -0.674
3 14 11.61 -6.837 2.22 11.66 -6.808 1.84 12.39 -6.279 2.06
4 14 10.9 -7.342 2.48 10.73 -7.463 2.53 10.424 -7.707 1.3 11.07 -7.222 2.36
3 14 10.55 -7.593 2.54 10.454 -7.662 2.533 10.424 -7.707 1.3
3 14 10.55 -7.593 2.54 10.424 -7.707 1.3 10.73 -7.463 2.53
3 14 10.465 -7.645 2.997 10.55 -7.586 2.9 10.691 -7.484 2.906
3 14 4.24 -10.515 0.11 4.27 -10.406 -0.56 5.17 -10.062 -0.54
4 14 5.13 -10.222 0.504 4.212 -10.571 0.438 4.24 -10.515 0.11 5.17 -10.062 -0.54
4 14 5.19 -9.934 -1.37 4.3 -10.255 -1.52 4.309 -10.186 -1.966 5.197 -9.86 -1.859
4 14 10.806 -1.212 -10.083 9.791 -2.249 -10.009 9.785 -2.124 -10.102 10.78 -1.143 -10.15
4 14 6.96 -9.525 0.635 5.57 -10.055 0.536 5.62 -9.87 -0.66 6.946 -9.365 -0.565
4 14 5.187 -6.906 -8.325 4.39 -7.163 -8.541 4.39 -6.495 -9.33 5.17 -6.243 -9.11
4 14 4.3 -10.255 -1.52 5.19 -9.934 -1.37 5.17 -10.062 -0.54 4.27 -10.406 -0.56
4 14 10.465 -7.645 2.997 10.594 -7.425 4.02 7.029 -9.341 3.793 7.01 -9.474 2.946
4 14 6.706 -4.928 -9.652 6.73 -5.624 -8.824 5.63 -6.057 -9.03 5.588 -5.255 -10.008
4 14 4.39 -6.495 -9.33 4.36 -5.632 -10.38 5.136 -5.388 -10.153 5.17 -6.243 -9.11
3 14 5.136 -5.388 -10.153 4.36 -5.632 -10.38 4.358 -5.615 -10.401
5 24 10.414 -7.722 0.889 6.96 -9.525 0.635 10.312 -7.518 -1.194 10.465 -7.645 2.997
5 24 10.312 -7.518 -1.194 10.414 -7.722 0.889 6.96 -9.525 0.635 12.751 -5.817 -0.914
5 24 6.96 -9.525 0.635 6.934 -9.22 -1.651 10.312 -7.518 -1.194 3.759 -10.744 0.406
5 24 6.934 -9.22 -1.651 10.312 -7.518 -1.194 6.96 -9.525 0.635 10.236 -6.985 -3.251
5 24 6.934 -9.22 -1.651 10.236 -6.985 -3.251 10.312 -7.518 -1.194 6.858 -8.585 -3.861
5 24 10.236 -6.985 -3.251 10.312 -7.518 -1.194 6.934 -9.22 -1.651 12.649 -5.436 -2.769
5 24 6.934 -9.22 -1.651 6.858 -8.585 -3.861 10.236 -6.985 -3.251 3.759 -10.389 -2.032
5 24 6.858 -8.585 -3.861 10.236 -6.985 -3.251 6.934 -9.22 -1.651 10.109 -6.172 -5.156
5 24 3.759 -10.262 5.309 7.01 -9.474 2.946 7.061 -9.119 5.207 3.759 -10.693 2.87
5 24 7.01 -9.474 2.946 7.061 -9.119 5.207 3.759 -10.262 5.309 10.465 -7.645 2.997
5 24 3.759 -10.693 2.87 7.01 -9.474 2.946 3.759 -10.262 5.309 6.96 -9.525 0.635
5 24 12.649 -5.436 -2.769 10.236 -6.985 -3.251 12.522 -4.775 -4.521 10.312 -7.518 -1.194
5 24 10.236 -6.985 -3.251 12.522 -4.775 -4.521 12.649 -5.436 -2.769 10.109 -6.172 -5.156
5 24 10.236 -6.985 -3.251 10.109 -6.172 -5.156 12.522 -4.775 -4.521 6.858 -8.585 -3.861
5 24 10.109 -6.172 -5.156 12.522 -4.775 -4.521 10.236 -6.985 -3.251 12.421 -3.81 -6.147
5 24 12.421 -3.81 -6.147 9.982 -5.08 -6.96 12.319 -2.616 -7.645 12.522 -4.775 -4.521
5 24 9.982 -5.08 -6.96 9.881 -3.759 -8.585 12.319 -2.616 -7.645 6.756 -6.401 -7.899
5 24 9.881 -3.759 -8.585 12.319 -2.616 -7.645 9.982 -5.08 -6.96 12.268 -1.27 -8.992
5 24 9.881 -3.759 -8.585 12.268 -1.27 -8.992 12.319 -2.616 -7.645 9.779 -2.261 -10.008
5 24 9.881 -3.759 -8.585 9.779 -2.261 -10.008 12.268 -1.27 -8.992 6.706 -4.928 -9.652
5 24 9.779 -2.261 -10.008 12.268 -1.27 -8.992 9.881 -3.759 -8.585 12.192 0.203 -10.185
5 24 9.779 -2.261 -10.008 12.192 0.203 -10.185 12.268 -1.27 -8.992 9.855 -0.483 -11.227
5 24 9.855 -0.483 -11.227 12.141 1.854 -11.201 12.192 0.203 -10.185 9.83 1.346 -12.268
5 24 12.192 0.203 -10.185 9.855 -0.483 -11.227 12.141 1.854 -11.201 9.779 -2.261 -10.008
5 24 12.141 1.854 -11.201 9.83 1.346 -12.268 12.116 3.632 -12.014 9.855 -0.483 -11.227
5 24 9.83 1.346 -12.268 12.116 3.632 -12.014 12.141 1.854 -11.201 9.627 3.251 -13.157
5 24 9.83 1.346 -12.268 9.627 3.251 -13.157 12.116 3.632 -12.014 6.629 0.711 -13.589
5 24 9.627 3.251 -13.157 12.116 3.632 -12.014 9.83 1.346 -12.268 12.065 5.486 -12.598
5 24 9.779 -2.261 -10.008 6.655 -3.2 -11.201 9.855 -0.483 -11.227 9.881 -3.759 -8.585
5 24 9.855 -0.483 -11.227 9.779 -2.261 -10.008 6.655 -3.2 -11.201 12.192 0.203 -10.185
5 24 6.655 -3.2 -11.201 6.655 -1.321 -12.522 9.855 -0.483 -11.227 3.734 -3.962 -12.243
5 24 6.655 -1.321 -12.522 9.855 -0.483 -11.227 6.655 -3.2 -11.201 9.83 1.346 -12.268
5 24 6.655 -1.321 -12.522 9.83 1.346 -12.268 9.855 -0.483 -11.227 6.629 0.711 -13.589
5 24 9.83 1.346 -12.268 9.855 -0.483 -11.227 6.655 -1.321 -12.522 12.141 1.854 -11.201
5 24 6.655 -1.321 -12.522 6.629 0.711 -13.589 9.83 1.346 -12.268 3.785 -1.93 -13.589
5 24 6.629 0.711 -13.589 9.83 1.346 -12.268 6.655 -1.321 -12.522 9.627 3.251 -13.157
5 24 6.807 -7.62 -5.944 3.759 -8.661 -6.629 6.756 -6.401 -7.899 6.858 -8.585 -3.861
5 24 6.756 -6.401 -7.899 6.807 -7.62 -5.944 3.759 -8.661 -6.629 9.982 -5.08 -6.96
5 24 3.759 -7.366 -8.712 6.756 -6.401 -7.899 3.759 -8.661 -6.629 6.706 -4.928 -9.652
5 24 6.655 -1.321 -12.522 3.785 -1.93 -13.589 6.629 0.711 -13.589 6.655 -3.2 -11.201
5 24 3.785 -1.93 -13.589 6.629 0.711 -13.589 6.655 -1.321 -12.522 3.759 0.61 -14.808
5 24 3.759 0.61 -14.808 6.629 0.711 -13.589 3.785 -1.93 -13.589 4.115 1.346 -15.164
5 24 4.115 1.346 -15.164 6.629 0.711 -13.589 3.759 0.61 -14.808 7.112 2.87 -14.199
5 24 12.649 -5.436 -2.769 10.312 -7.518 -1.194 10.236 -6.985 -3.251 12.751 -5.817 -0.914
5 24 12.751 -5.817 -0.914 10.312 -7.518 -1.194 12.649 -5.436 -2.769 10.414 -7.722 0.889
5 24 12.751 -5.817 -0.914 10.414 -7.722 0.889 10.312 -7.518 -1.194 12.929 -5.893 2.007
5 24 12.929 -5.893 2.007 10.414 -7.722 0.889 12.751 -5.817 -0.914 10.465 -7.645 2.997
5 24 12.929 -5.893 2.007 10.465 -7.645 2.997 10.414 -7.722 0.889 10.719 -7.214 5.004
5 24 10.465 -7.645 2.997 10.414 -7.722 0.889 12.929 -5.893 2.007 7.01 -9.474 2.946
5 24 9.627 3.251 -13.157 12.065 5.486 -12.598 12.116 3.632 -12.014 10.262 5.461 -13.437
5 24 7.112 2.87 -14.199 6.629 0.711 -13.589 4.115 1.346 -15.164 9.627 3.251 -13.157
5 24 4.115 1.346 -15.164 7.112 2.87 -14.199 6.629 0.711 -13.589 4.826 5.131 -15.519
5 24 9.627 3.251 -13.157 10.262 5.461 -13.437 12.065 5.486 -12.598 7.112 2.87 -14.199
5 24 10.465 -7.645 2.997 10.719 -7.214 5.004 7.061 -9.119 5.207 12.929 -5.893 2.007
5 24 7.01 -9.474 2.946 10.465 -7.645 2.997 10.719 -7.214 5.004 10.414 -7.722 0.889
5 24 7.01 -9.474 2.946 6.96 -9.525 0.635 10.414 -7.722 0.889 3.759 -10.693 2.87
5 24 3.759 -10.744 0.406 6.96 -9.525 0.635 7.01 -9.474 2.946 6.934 -9.22 -1.651
5 24 3.759 -10.389 -2.032 6.934 -9.22 -1.651 6.96 -9.525 0.635 6.858 -8.585 -3.861
5 24 3.759 -9.677 -4.394 6.858 -8.585 -3.861 6.934 -9.22 -1.651 6.807 -7.62 -5.944
5 24 10.109 -6.172 -5.156 9.982 -5.08 -6.96 12.421 -3.81 -6.147 6.807 -7.62 -5.944
5 24 6.858 -8.585 -3.861 6.807 -7.62 -5.944 10.109 -6.172 -5.156 3.759 -9.677 -4.394
5 24 6.807 -7.62 -5.944 10.109 -6.172 -5.156 10.236 -6.985 -3.251 9.982 -5.08 -6.96
5 24 6.756 -6.401 -7.899 9.982 -5.08 -6.96 10.109 -6.172 -5.156 9.881 -3.759 -8.585
5 24 6.756 -6.401 -7.899 6.706 -4.928 -9.652 9.881 -3.759 -8.585 3.759 -7.366 -8.712
5 24 6.706 -4.928 -9.652 9.881 -3.759 -8.585 9.982 -5.08 -6.96 9.779 -2.261 -10.008
5 24 6.706 -4.928 -9.652 6.655 -3.2 -11.201 9.779 -2.261 -10.008 3.759 -5.791 -10.592
5 24 7.112 2.87 -14.199 9.627 3.251 -13.157 9.83 1.346 -12.268 10.262 5.461 -13.437
5 24 3.759 -5.791 -10.592 6.706 -4.928 -9.652 6.756 -6.401 -7.899 6.655 -3.2 -11.201
5 24 3.734 -3.962 -12.243 6.655 -3.2 -11.201 6.706 -4.928 -9.652 6.655 -1.321 -12.522
5 24 7.112 2.87 -14.199 10.262 5.461 -13.437 9.627 3.251 -13.157 4.826 5.131 -15.519
5 24 4.826 5.131 -15.519 7.112 2.87 -14.199 4.115 1.346 -15.164 10.262 5.461 -13.437
