0 ~Minifig Helmet Star Wars Rebel Pilot - Rebel Logo Frame
0 Name: s\30370ps2c.dat
0 Author: Damien Roux [Darats]
0 !LDRAW_ORG Subpart UPDATE 2014-02
0 !LICENSE Redistributable under CCAL version 2.0 : see CAreadme.txt

0 BFC CERTIFY CCW

0 !HISTORY 2011-12-29 [PTadmin] Official Update 2011-02
0 !HISTORY 2014-07-25 [smr] move Rebel Logo from s\30370ps2c.dat to s\30370ps2s01.dat
0 !HISTORY 2014-12-23 [PTadmin] Official Update 2014-02

4 16 10.312 -7.518 -1.194 10.414 -7.722 0.889 6.96 -9.525 0.635 6.934 -9.22 -1.651
3 16 6.934 -9.22 -1.651 10.236 -6.985 -3.251 10.312 -7.518 -1.194
3 16 6.858 -8.585 -3.861 10.236 -6.985 -3.251 6.934 -9.22 -1.651
3 16 3.759 -10.262 5.309 7.01 -9.474 2.946 7.061 -9.119 5.207
3 16 3.759 -10.693 2.87 7.01 -9.474 2.946 3.759 -10.262 5.309
3 16 12.649 -5.436 -2.769 10.236 -6.985 -3.251 12.522 -4.775 -4.521
3 16 10.236 -6.985 -3.251 10.109 -6.172 -5.156 12.522 -4.775 -4.521
3 16 12.649 -5.436 -2.769 10.312 -7.518 -1.194 10.236 -6.985 -3.251
3 16 12.751 -5.817 -0.914 10.312 -7.518 -1.194 12.649 -5.436 -2.769
3 16 12.751 -5.817 -0.914 10.414 -7.722 0.889 10.312 -7.518 -1.194
3 16 12.929 -5.893 2.007 10.414 -7.722 0.889 12.751 -5.817 -0.914
3 16 12.929 -5.893 2.007 10.465 -7.645 2.997 10.414 -7.722 0.889
4 16 10.465 -7.645 2.997 10.719 -7.214 5.004 7.061 -9.119 5.207 7.01 -9.474 2.946
4 16 10.414 -7.722 0.889 10.465 -7.645 2.997 7.01 -9.474 2.946 6.96 -9.525 0.635
4 16 6.96 -9.525 0.635 7.01 -9.474 2.946 3.759 -10.693 2.87 3.759 -10.744 0.406
4 16 6.934 -9.22 -1.651 6.96 -9.525 0.635 3.759 -10.744 0.406 3.759 -10.389 -2.032
4 16 6.858 -8.585 -3.861 6.934 -9.22 -1.651 3.759 -10.389 -2.032 3.759 -9.677 -4.394
4 16 10.109 -6.172 -5.156 10.236 -6.985 -3.251 6.858 -8.585 -3.861 6.815 -7.62 -5.944
4 16 6.815 -7.62 -5.944 6.858 -8.585 -3.861 3.759 -9.677 -4.394 3.759 -8.661 -6.629
4 16 10.719 -7.214 5.004 10.465 -7.645 2.997 12.929 -5.893 2.007 13.03 -5.436 4.851
3 16 11.55 -2.977 -7.942 12.319 -2.616 -7.645 11.55 -3.3 -7.567
4 16 11.55 -3.3 -7.567 12.319 -2.616 -7.645 12.421 -3.81 -6.147 11.15 -4.35 -6.714
3 16 11.15 -4.35 -6.714 12.421 -3.81 -6.147 10.988 -4.556 -6.625
4 16 9.884 -3.8 -8.535 10.049 -5 -6.99 10.02 -5.06 -6.947 9.982 -5.08 -6.96
3 16 9.884 -3.8 -8.535 10.2 -4.5 -7.43 10.049 -5 -6.99
4 16 9.9 -3.8 -8.52 10.15 -4.05 -7.998 10.2 -4.5 -7.43 9.884 -3.8 -8.535
3 16 11.45 -2.123 -8.852 12.268 -1.27 -8.992 11.55 -2.5 -8.403
4 16 11.55 -2.5 -8.403 12.268 -1.27 -8.992 12.319 -2.616 -7.645 11.55 -2.977 -7.942
3 16 12.268 -1.27 -8.992 11.35 -1.75 -9.264 11.275 -1.665 -9.397
3 16 11.35 -1.75 -9.264 12.268 -1.27 -8.992 11.45 -2.123 -8.852
3 16 10.95 -1.3 -9.912 10.801 -1.217 -10.083 12.192 0.203 -10.185
3 16 10.95 -1.3 -9.912 12.192 0.203 -10.185 11.275 -1.665 -9.397
3 16 12.192 0.203 -10.185 12.268 -1.27 -8.992 11.275 -1.665 -9.397
3 16 12.141 1.854 -11.201 12.192 0.203 -10.185 9.855 -0.483 -11.227
3 16 12.116 3.632 -12.014 12.141 1.854 -11.201 9.83 1.346 -12.268
3 16 9.627 3.251 -13.157 12.116 3.632 -12.014 9.83 1.346 -12.268
4 16 9.855 -0.483 -11.227 8.9 -0.9 -11.495 7.65 -1.3 -11.949 6.655 -1.321 -12.522
3 16 9.837 -0.9 -10.941 8.9 -0.9 -11.495 9.855 -0.483 -11.227
3 16 6.655 -1.321 -12.522 6.8 -1.75 -12.134 6.655 -1.885 -12.125
3 16 7.65 -1.3 -11.949 6.8 -1.75 -12.134 6.655 -1.321 -12.522
3 16 6.655 -1.321 -12.522 9.83 1.346 -12.268 9.855 -0.483 -11.227
3 16 6.655 -1.321 -12.522 6.629 0.76 -13.589 9.83 1.346 -12.268
3 16 6.4 -7.2 -6.914 6.815 -7.62 -5.944 3.759 -8.661 -6.629
3 16 6.781 -6.989 -6.957 6.815 -7.62 -5.944 6.4 -7.2 -6.914
4 16 3.759 -8.661 -6.629 3.759 -7.366 -8.712 6.3 -6.7 -7.778 6.4 -7.2 -6.914
3 16 6.3 -6.7 -7.778 3.759 -7.366 -8.712 6.598 -6.452 -7.942
3 16 3.785 -1.93 -13.589 6.629 0.76 -13.589 6.655 -1.321 -12.522
3 16 6.629 0.76 -13.589 3.785 -1.93 -13.589 3.759 0.61 -14.808
3 16 3.759 0.61 -14.808 4.115 1.346 -15.164 6.629 0.76 -13.589
3 16 9.627 3.251 -13.157 12.065 5.486 -12.598 12.116 3.632 -12.014
3 16 6.629 0.76 -13.589 4.115 1.346 -15.164 7.112 2.87 -14.199
3 16 10.262 5.461 -13.437 9.627 3.251 -13.157 7.112 2.87 -14.199
3 16 12.065 5.486 -12.598 9.627 3.251 -13.157 10.262 5.461 -13.437
3 16 9.855 -0.483 -11.227 9.95 -0.9 -10.867 9.837 -0.9 -10.941
3 16 10.5 -1.05 -10.4 9.95 -0.9 -10.867 9.855 -0.483 -11.227
4 16 10.5 -1.05 -10.4 9.855 -0.483 -11.227 12.192 0.203 -10.185 10.801 -1.217 -10.083
3 16 9.83 1.346 -12.268 12.141 1.854 -11.201 9.855 -0.483 -11.227
4 16 10.6 -5.05 -6.31 10.988 -4.556 -6.625 12.421 -3.81 -6.147 12.522 -4.775 -4.521
4 16 10.6 -5.05 -6.31 12.522 -4.775 -4.521 10.109 -6.172 -5.156 10.048 -5.645 -6.027
3 16 10.02 -5.06 -6.947 9.987 -5.125 -6.885 9.982 -5.08 -6.96
3 16 10.109 -6.172 -5.156 9.95 -5.75 -5.954 10.048 -5.645 -6.027
3 16 10.109 -6.172 -5.156 9.25 -6.25 -5.823 9.95 -5.75 -5.954
4 16 8.45 -6.65 -5.938 9.25 -6.25 -5.823 10.109 -6.172 -5.156 6.815 -7.62 -5.944
4 16 7.3 -6.7 -6.924 8.45 -6.65 -5.938 6.815 -7.62 -5.944 6.781 -6.989 -6.957
3 16 7.65 -6.45 -6.989 7.3 -6.7 -6.924 7.45 -6.2 -7.567
4 16 8.45 -6.65 -5.938 7.3 -6.7 -6.924 7.65 -6.45 -6.989 8.25 -6.25 -6.743
3 16 9.2 -6.1 -6.1 8.25 -6.25 -6.743 8.05 -6 -7.321
4 16 9.2 -6.1 -6.1 8.05 -6 -7.321 8.021 -5.883 -7.531 9.982 -5.08 -6.96
4 16 9.982 -5.08 -6.96 9.987 -5.125 -6.885 9.85 -5.4 -6.586 9.2 -6.1 -6.1
3 16 8.25 -6.25 -6.743 9.2 -6.1 -6.1 8.45 -6.65 -5.938
4 16 8 -5.8 -7.644 8 -5.5 -7.996 9.982 -5.08 -6.96 8.021 -5.883 -7.531
4 16 8 -5.5 -7.996 8.1 -5.2 -8.269 8.35 -4.75 -8.602 9.982 -5.08 -6.96
4 16 8.35 -4.75 -8.602 8.55 -4.45 -8.798 9.884 -3.8 -8.535 9.982 -5.08 -6.96
4 16 9.77 -3.8 -8.622 9.884 -3.8 -8.535 8.55 -4.45 -8.798 8.868 -4.132 -8.925
3 16 6.9 -6.2 -8.023 6.753 -6.322 -7.993 6.751 -6.257 -8.07
4 16 7.4 -5.25 -8.746 7.05 -5.65 -8.548 6.738 -5.861 -8.542 6.706 -4.928 -9.652
4 16 7.7 -4.65 -9.216 7.6 -4.9 -9.001 7.4 -5.25 -8.746 6.706 -4.928 -9.652
3 16 7.7 -4.65 -9.216 6.706 -4.928 -9.652 7.713 -4.557 -9.313
4 16 8.95 -4.05 -8.945 9.45 -3.8 -8.836 9.77 -3.8 -8.622 8.868 -4.132 -8.925
4 16 7.713 -4.557 -9.313 6.706 -4.928 -9.652 6.675 -3.865 -10.605 6.7 -3.85 -10.602
4 16 6.7 -3.85 -10.602 7.15 -3.75 -10.399 7.75 -4.3 -9.521 7.713 -4.557 -9.313
4 16 7.15 -3.75 -10.399 7.555 -3.8 -10.097 7.75 -4.05 -9.748 7.75 -4.3 -9.521
4 16 7.112 2.87 -14.199 9.627 3.251 -13.157 9.83 1.346 -12.268 6.629 0.76 -13.589
4 16 6.753 -6.322 -7.993 6.598 -6.452 -7.942 6.25 -6.45 -8.169 6.751 -6.257 -8.07
4 16 6.25 -6.45 -8.169 6.598 -6.452 -7.942 3.759 -7.366 -8.712 5.1 -6.6 -8.739
4 16 5.1 -6.6 -8.739 5.1 -6.05 -9.386 6 -6.2 -8.623 6.25 -6.45 -8.169
4 16 5.2 -5.65 -9.797 5.314 -5.336 -10.096 6 -6.2 -8.623 5.1 -6.05 -9.386
4 16 6 -6.2 -8.623 5.314 -5.336 -10.096 6.706 -4.928 -9.652 6.65 -5.92 -8.529
3 16 6.65 -5.92 -8.529 6.706 -4.928 -9.652 6.738 -5.861 -8.542
4 16 3.759 -5.791 -10.592 4.7 -5.95 -9.773 5.1 -6.6 -8.739 3.759 -7.366 -8.712
3 16 3.759 -5.791 -10.592 4.653 -5.529 -10.307 4.7 -5.95 -9.773
4 16 5.4 -5.1 -10.254 5.65 -4.7 -10.461 6.706 -4.928 -9.652 5.314 -5.336 -10.096
4 16 5.65 -4.7 -10.461 6 -4.3 -10.611 6.35 -4.05 -10.629 6.706 -4.928 -9.652
3 16 6.35 -4.05 -10.629 6.675 -3.865 -10.605 6.706 -4.928 -9.652
3 16 3.759 -5.791 -10.592 4.65 -5.5 -10.334 4.653 -5.529 -10.307
4 16 4.7 -5 -10.745 4.65 -5.5 -10.334 3.759 -5.791 -10.592 3.734 -3.962 -12.243
3 16 3.734 -3.962 -12.243 4.8 -4.4 -11.222 4.7 -5 -10.745
3 16 3.734 -3.962 -12.243 5.05 -3.75 -11.656 4.8 -4.4 -11.222
3 16 3.734 -3.962 -12.243 5.151 -3.592 -11.737 5.05 -3.75 -11.656
4 16 5.5 -3.04 -11.929 5.151 -3.592 -11.737 3.734 -3.962 -12.243 3.785 -1.93 -13.589
4 16 6.05 -2.444 -12.055 5.5 -3.04 -11.929 3.785 -1.93 -13.589 6.655 -1.321 -12.522
3 16 6.05 -2.444 -12.055 6.655 -1.321 -12.522 6.655 -1.885 -12.125
3 16 7.112 2.87 -14.199 4.115 1.346 -15.164 4.826 5.131 -15.519
3 16 7.112 2.87 -14.199 4.826 5.131 -15.519 10.262 5.461 -13.437
5 24 10.414 -7.722 0.889 6.96 -9.525 0.635 10.312 -7.518 -1.194 10.465 -7.645 2.997
5 24 10.312 -7.518 -1.194 10.414 -7.722 0.889 6.96 -9.525 0.635 12.751 -5.817 -0.914
5 24 6.96 -9.525 0.635 6.934 -9.22 -1.651 10.312 -7.518 -1.194 3.759 -10.744 0.406
5 24 6.934 -9.22 -1.651 10.312 -7.518 -1.194 6.96 -9.525 0.635 10.236 -6.985 -3.251
5 24 6.934 -9.22 -1.651 10.236 -6.985 -3.251 10.312 -7.518 -1.194 6.858 -8.585 -3.861
5 24 10.236 -6.985 -3.251 10.312 -7.518 -1.194 6.934 -9.22 -1.651 12.649 -5.436 -2.769
5 24 6.934 -9.22 -1.651 6.858 -8.585 -3.861 10.236 -6.985 -3.251 3.759 -10.389 -2.032
5 24 6.858 -8.585 -3.861 10.236 -6.985 -3.251 6.934 -9.22 -1.651 10.109 -6.172 -5.156
5 24 3.759 -10.262 5.309 7.01 -9.474 2.946 7.061 -9.119 5.207 3.759 -10.693 2.87
5 24 7.01 -9.474 2.946 7.061 -9.119 5.207 3.759 -10.262 5.309 10.465 -7.645 2.997
5 24 3.759 -10.693 2.87 7.01 -9.474 2.946 3.759 -10.262 5.309 6.96 -9.525 0.635
5 24 12.649 -5.436 -2.769 10.236 -6.985 -3.251 12.522 -4.775 -4.521 10.312 -7.518 -1.194
5 24 10.236 -6.985 -3.251 12.522 -4.775 -4.521 12.649 -5.436 -2.769 10.109 -6.172 -5.156
5 24 10.236 -6.985 -3.251 10.109 -6.172 -5.156 12.522 -4.775 -4.521 6.858 -8.585 -3.861
5 24 10.109 -6.172 -5.156 12.522 -4.775 -4.521 10.236 -6.985 -3.251 12.421 -3.81 -6.147
5 24 12.421 -3.81 -6.147 9.982 -5.08 -6.96 12.319 -2.616 -7.645 12.522 -4.775 -4.521
5 24 9.982 -5.08 -6.96 9.881 -3.759 -8.585 12.319 -2.616 -7.645 6.756 -6.401 -7.899
5 24 9.881 -3.759 -8.585 12.319 -2.616 -7.645 9.982 -5.08 -6.96 12.268 -1.27 -8.992
5 24 9.881 -3.759 -8.585 12.268 -1.27 -8.992 12.319 -2.616 -7.645 9.779 -2.261 -10.008
5 24 9.881 -3.759 -8.585 9.779 -2.261 -10.008 12.268 -1.27 -8.992 6.706 -4.928 -9.652
5 24 9.779 -2.261 -10.008 12.268 -1.27 -8.992 9.881 -3.759 -8.585 12.192 0.203 -10.185
5 24 9.779 -2.261 -10.008 12.192 0.203 -10.185 12.268 -1.27 -8.992 9.855 -0.483 -11.227
5 24 9.855 -0.483 -11.227 12.141 1.854 -11.201 12.192 0.203 -10.185 9.83 1.346 -12.268
5 24 12.192 0.203 -10.185 9.855 -0.483 -11.227 12.141 1.854 -11.201 9.779 -2.261 -10.008
5 24 12.141 1.854 -11.201 9.83 1.346 -12.268 12.116 3.632 -12.014 9.855 -0.483 -11.227
5 24 9.83 1.346 -12.268 12.116 3.632 -12.014 12.141 1.854 -11.201 9.627 3.251 -13.157
5 24 9.83 1.346 -12.268 9.627 3.251 -13.157 12.116 3.632 -12.014 6.629 0.76 -13.589
5 24 9.627 3.251 -13.157 12.116 3.632 -12.014 9.83 1.346 -12.268 12.065 5.486 -12.598
5 24 9.779 -2.261 -10.008 6.655 -3.2 -11.201 9.855 -0.483 -11.227 9.881 -3.759 -8.585
5 24 9.855 -0.483 -11.227 9.779 -2.261 -10.008 6.655 -3.2 -11.201 12.192 0.203 -10.185
5 24 6.655 -3.2 -11.201 6.655 -1.321 -12.522 9.855 -0.483 -11.227 3.734 -3.962 -12.243
5 24 6.655 -1.321 -12.522 9.855 -0.483 -11.227 6.655 -3.2 -11.201 9.83 1.346 -12.268
5 24 6.655 -1.321 -12.522 9.83 1.346 -12.268 9.855 -0.483 -11.227 6.629 0.76 -13.589
5 24 9.83 1.346 -12.268 9.855 -0.483 -11.227 6.655 -1.321 -12.522 12.141 1.854 -11.201
5 24 6.655 -1.321 -12.522 6.629 0.76 -13.589 9.83 1.346 -12.268 3.785 -1.93 -13.589
5 24 6.629 0.76 -13.589 9.83 1.346 -12.268 6.655 -1.321 -12.522 9.627 3.251 -13.157
5 24 6.815 -7.62 -5.944 3.759 -8.661 -6.629 6.756 -6.401 -7.899 6.858 -8.585 -3.861
5 24 6.756 -6.401 -7.899 6.815 -7.62 -5.944 3.759 -8.661 -6.629 9.982 -5.08 -6.96
5 24 3.759 -7.366 -8.712 6.756 -6.401 -7.899 3.759 -8.661 -6.629 6.706 -4.928 -9.652
5 24 6.655 -1.321 -12.522 3.785 -1.93 -13.589 6.629 0.76 -13.589 6.655 -3.2 -11.201
5 24 3.785 -1.93 -13.589 6.629 0.76 -13.589 6.655 -1.321 -12.522 3.759 0.61 -14.808
5 24 3.759 0.61 -14.808 6.629 0.76 -13.589 3.785 -1.93 -13.589 4.115 1.346 -15.164
5 24 4.115 1.346 -15.164 6.629 0.76 -13.589 3.759 0.61 -14.808 7.112 2.87 -14.199
5 24 12.649 -5.436 -2.769 10.312 -7.518 -1.194 10.236 -6.985 -3.251 12.751 -5.817 -0.914
5 24 12.751 -5.817 -0.914 10.312 -7.518 -1.194 12.649 -5.436 -2.769 10.414 -7.722 0.889
5 24 12.751 -5.817 -0.914 10.414 -7.722 0.889 10.312 -7.518 -1.194 12.929 -5.893 2.007
5 24 12.929 -5.893 2.007 10.414 -7.722 0.889 12.751 -5.817 -0.914 10.465 -7.645 2.997
5 24 12.929 -5.893 2.007 10.465 -7.645 2.997 10.414 -7.722 0.889 10.719 -7.214 5.004
5 24 10.465 -7.645 2.997 10.414 -7.722 0.889 12.929 -5.893 2.007 7.01 -9.474 2.946
5 24 9.627 3.251 -13.157 12.065 5.486 -12.598 12.116 3.632 -12.014 10.262 5.461 -13.437
5 24 7.112 2.87 -14.199 6.629 0.76 -13.589 4.115 1.346 -15.164 9.627 3.251 -13.157
5 24 4.115 1.346 -15.164 7.112 2.87 -14.199 6.629 0.76 -13.589 4.826 5.131 -15.519
5 24 9.627 3.251 -13.157 10.262 5.461 -13.437 12.065 5.486 -12.598 7.112 2.87 -14.199
5 24 10.465 -7.645 2.997 10.719 -7.214 5.004 7.061 -9.119 5.207 12.929 -5.893 2.007
5 24 7.01 -9.474 2.946 10.465 -7.645 2.997 10.719 -7.214 5.004 10.414 -7.722 0.889
5 24 7.01 -9.474 2.946 6.96 -9.525 0.635 10.414 -7.722 0.889 3.759 -10.693 2.87
5 24 3.759 -10.744 0.406 6.96 -9.525 0.635 7.01 -9.474 2.946 6.934 -9.22 -1.651
5 24 3.759 -10.389 -2.032 6.934 -9.22 -1.651 6.96 -9.525 0.635 6.858 -8.585 -3.861
5 24 3.759 -9.677 -4.394 6.858 -8.585 -3.861 6.934 -9.22 -1.651 6.815 -7.62 -5.944
5 24 10.109 -6.172 -5.156 9.982 -5.08 -6.96 12.421 -3.81 -6.147 6.815 -7.62 -5.944
5 24 6.858 -8.585 -3.861 6.815 -7.62 -5.944 10.109 -6.172 -5.156 3.759 -9.677 -4.394
5 24 6.815 -7.62 -5.944 10.109 -6.172 -5.156 10.236 -6.985 -3.251 9.982 -5.08 -6.96
5 24 6.756 -6.401 -7.899 9.982 -5.08 -6.96 10.109 -6.172 -5.156 9.881 -3.759 -8.585
5 24 6.756 -6.401 -7.899 6.706 -4.928 -9.652 9.881 -3.759 -8.585 3.759 -7.366 -8.712
5 24 6.706 -4.928 -9.652 9.881 -3.759 -8.585 9.982 -5.08 -6.96 9.779 -2.261 -10.008
5 24 6.706 -4.928 -9.652 6.655 -3.2 -11.201 9.779 -2.261 -10.008 3.759 -5.791 -10.592
5 24 7.112 2.87 -14.199 9.627 3.251 -13.157 9.83 1.346 -12.268 10.262 5.461 -13.437
5 24 3.759 -5.791 -10.592 6.706 -4.928 -9.652 6.756 -6.401 -7.899 6.655 -3.2 -11.201
5 24 3.734 -3.962 -12.243 6.655 -3.2 -11.201 6.706 -4.928 -9.652 6.655 -1.321 -12.522
5 24 7.112 2.87 -14.199 10.262 5.461 -13.437 9.627 3.251 -13.157 4.826 5.131 -15.519
5 24 4.826 5.131 -15.519 7.112 2.87 -14.199 4.115 1.346 -15.164 10.262 5.461 -13.437
