0 ~Slope Brick 45  2 x  2 without Front Face
0 Name: s\3039s01.dat
0 Author: John Van Zwieten [jvan]
0 !LDRAW_ORG Subpart UPDATE 2003-03
0 !LICENSE Redistributable under CCAL version 2.0 : see CAreadme.txt

0 BFC CERTIFY CCW

0 !HISTORY 1999-12-31 [PTadmin] Official Update 1999-06
0 !HISTORY 2003-07-02 [Steffen] BFCed; change in part name: "w/o" --> "without"
0 !HISTORY 2003-12-19 [PTadmin] Official Update 2003-03
0 !HISTORY 2007-08-30 [PTadmin] Header formatted for Contributor Agreement
0 !HISTORY 2008-07-01 [PTadmin] Official Update 2008-01

1 16 0 20 -10 1 0 0 0 -1 0 0 0 1 stud4a.dat
1 16 0 4 -10 6 0 0 0 6 0 0 0 6 2-4edge.dat
1 16 0 4 -10 6 0 0 0 99 6 0 0 -6 2-4edge.dat
1 16 0 4 -10 8 0 0 0 8 0 0 0 8 2-4edge.dat
1 16 0 4 -10 8 0 0 0 99 8 0 0 -8 2-4edge.dat
0 BFC INVERTNEXT
1 16 0 10 -10 0 0 6 0 -6 0 -6 0 0 1-4cyls.dat
0 BFC INVERTNEXT
1 16 0 10 -10 0 0 -6 0 -6 0 -6 0 0 1-4cyls.dat
0 BFC INVERTNEXT
1 16 0 4 -10 6 0 0 0 16 0 0 0 6 2-4cyli.dat
0 BFC INVERTNEXT
1 16 0 10 -10 6 0 0 0 10 0 0 0 -6 2-4cyli.dat
1 16 0 12 -10 0 0 8 0 -8 0 -8 0 0 1-4cyls.dat
1 16 0 12 -10 0 0 -8 0 -8 0 -8 0 0 1-4cyls.dat
1 16 0 4 -10 8 0 0 0 16 0 0 0 8 2-4cyli.dat
1 16 0 12 -10 8 0 0 0 8 0 0 0 -8 2-4cyli.dat
2 24 16 24 6 -16 24 6
2 24 -16 24 6 -16 24 -26
2 24 -16 24 -26 16 24 -26
2 24 16 24 -26 16 24 6
2 24 20 24 10 -20 24 10
2 24 -20 24 10 -20 24 -30
2 24 -20 24 -30 20 24 -30
2 24 20 24 -30 20 24 10
2 24 16 24 6 16 4 6
2 24 -16 24 6 -16 4 6
2 24 16 24 -26 16 20 -26
2 24 -16 24 -26 -16 20 -26
2 24 16 4 6 -16 4 6
2 24 16 4 -10 -16 4 -10
2 24 16 20 -26 -16 20 -26
2 24 16 4 6 16 4 -10
2 24 -16 4 6 -16 4 -10
2 24 16 20 -26 16 4 -10
2 24 -16 20 -26 -16 4 -10
2 24 20 24 10 20 0 10
2 24 -20 24 10 -20 0 10
2 24 20 24 -30 20 20 -30
2 24 -20 24 -30 -20 20 -30
2 24 20 0 10 -20 0 10
2 24 20 0 -10 -20 0 -10
2 24 20 20 -30 -20 20 -30
2 24 20 0 10 20 0 -10
2 24 -20 0 10 -20 0 -10
2 24 20 20 -30 20 0 -10
2 24 -20 20 -30 -20 0 -10
4 16 20 24 10 16 24 6 -16 24 6 -20 24 10
4 16 -20 24 10 -16 24 6 -16 24 -26 -20 24 -30
4 16 -20 24 -30 -16 24 -26 16 24 -26 20 24 -30
4 16 20 24 -30 16 24 -26 16 24 6 20 24 10
4 16 16 4 6 16 4 -10 -16 4 -10 -16 4 6
4 16 20 0 -10 20 0 10 -20 0 10 -20 0 -10
4 16 -20 24 10 -20 0 10 20 0 10 20 24 10
4 16 16 24 6 16 4 6 -16 4 6 -16 24 6
4 16 -16 24 -26 -16 20 -26 16 20 -26 16 24 -26
4 16 20 24 -30 20 20 -30 -20 20 -30 -20 24 -30
4 16 20 24 10 20 0 10 20 20 -30 20 24 -30
3 16 20 0 10 20 0 -10 20 20 -30
4 16 16 20 -26 16 4 6 16 24 6 16 24 -26
3 16 16 20 -26 16 4 -10 16 4 6
4 16 -16 24 6 -16 4 6 -16 20 -26 -16 24 -26
3 16 -16 4 6 -16 4 -10 -16 20 -26
4 16 -20 20 -30 -20 0 10 -20 24 10 -20 24 -30
3 16 -20 20 -30 -20 0 -10 -20 0 10
4 16 16 20 -26 -16 20 -26 -16 4 -10 16 4 -10
0 4 16 20 20 -30 20 0 -10 -20 0 -10 -20 20 -30
1 16 -10 0 0 1 0 0 0 1 0 0 0 1 stud.dat
1 16 10 0 0 1 0 0 0 1 0 0 0 1 stud.dat
0
