0 ~Hinge Arm Locking - Axlehole Body
0 Name: s\30552s01.dat
0 Author: Franklin W. Cain [fwcain]
0 !LDRAW_ORG Subpart UPDATE 2015-01
0 !LICENSE Redistributable under CCAL version 2.0 : see CAreadme.txt

0 BFC CERTIFY CW

0 !HISTORY 2003-07-02 [technog] BFC'd, made use of more primitives, added missing lines
0 !HISTORY 2004-03-02 [PTadmin] Official Update 2004-01
0 !HISTORY 2007-09-09 [PTadmin] Header formatted for Contributor Agreement
0 !HISTORY 2008-07-01 [PTadmin] Official Update 2008-01
0 !HISTORY 2009-07-06 [PTadmin] Renamed from s/481s01
0 !HISTORY 2012-10-05 [Philo] Closed gaps and corrected side bleeding
0 !HISTORY 2015-10-11 [PTadmin] Official Update 2015-01

1 16 0 0 0 0 0 -1 1 0 0 0 -20 0 axlehol5.dat
1 16 0 0 -2.875 2.25 0 0 0 0 2.25 0 1 0 4-4ring3.dat
1 16 0 0 -17.125 2.25 0 0 0 0 2.25 0 -1 0 4-4ring3.dat
1 16 0 0 -20 3 0 0 0 0 3 0 1 0 4-4ring2.dat
1 16 0 0 0 9 0 0 0 0 9 0 -2.875 0 4-4cyli.dat
1 16 0 0 -20 9 0 0 0 0 9 0 2.875 0 4-4cylo.dat
1 16 0 0 -2.875 9 0 0 0 0 9 0 1 0 4-4edge.dat
1 16 0 -1 -2.875 8 0 0 0 0 -7.5 0 -2.85 0 2-4cylo.dat
1 16 0 1 -2.875 8 0 0 0 0 7.5 0 -2.85 0 2-4cylo.dat
1 16 0 -1 -5.725 8.533 0 0 0 0 -8 0 -2.85 0 2-4cylo.dat
1 16 0 1 -5.725 8.533 0 0 0 0 8 0 -2.85 0 2-4cylo.dat
1 16 0 -1 -8.575 8 0 0 0 0 -7.5 0 -2.85 0 2-4cylo.dat
1 16 0 1 -8.575 8 0 0 0 0 7.5 0 -2.85 0 2-4cylo.dat
1 16 0 -1 -11.425 8.533 0 0 0 0 -8 0 -2.85 0 2-4cylo.dat
1 16 0 1 -11.425 8.533 0 0 0 0 8 0 -2.85 0 2-4cylo.dat
1 16 0 -1 -14.275 8 0 0 0 0 -7.5 0 -2.85 0 2-4cylo.dat
1 16 0 1 -14.275 8 0 0 0 0 7.5 0 -2.85 0 2-4cylo.dat
1 16 0 -1 -5.725 -0.5335 0 0 0 0 -0.5 0 -1 0 2-4rin15.dat
1 16 0 1 -5.725 -0.5335 0 0 0 0 0.5 0 -1 0 2-4rin15.dat
1 16 0 -1 -8.575 -0.5335 0 0 0 0 -0.5 0 1 0 2-4rin15.dat
1 16 0 1 -8.575 -0.5335 0 0 0 0 0.5 0 1 0 2-4rin15.dat
1 16 0 -1 -11.425 -0.5335 0 0 0 0 -0.5 0 -1 0 2-4rin15.dat
1 16 0 1 -11.425 -0.5335 0 0 0 0 0.5 0 -1 0 2-4rin15.dat
1 16 0 -1 -14.275 -0.5335 0 0 0 0 -0.5 0 1 0 2-4rin15.dat
1 16 0 1 -14.275 -0.5335 0 0 0 0 0.5 0 1 0 2-4rin15.dat
0 // inside
2 24 6 0 0 5.602 2 0
2 24 -6 0 0 -5.602 2 0
2 24 6 0 -20 5.602 2 -20
2 24 -6 0 -20 -5.602 2 -20
2 24 -6 0 0 -5.602 -2 0
2 24 6 0 0 5.602 -2 0
2 24 -6 0 -20 -5.602 -2 -20
2 24 6 0 -20 5.602 -2 -20
2 24 -5.602 -2 0 -5.602 -2 -20
2 24 5.602 -2 0 5.602 -2 -20
2 24 -5.602 2 0 -5.602 2 -20
2 24 5.602 2 0 5.602 2 -20
5 24 -6 0 -2.875 -6 0 0 -5.602 2 -2 -5.602 -2 -2
5 24 6 0 -2.875 6 0 0 5.602 2 -2 5.602 -2 -2
5 24 -6 0 -20 -6 0 -17.125 -5.602 2 -18 -5.602 -2 -18
5 24 6 0 -20 6 0 -17.125 5.602 2 -18 5.602 -2 -18
4 16 -5.801 -1 -2.875 -5.801 -1 -17.125 -5.602 -2 -20 -5.602 -2 0
4 16 5.801 -1 -2.875 6.75 -1 -2.875 6.75 0 -2.875 6 0 -2.875
4 16 6 0 -2.875 6.75 0 -2.875 6.75 1 -2.875 5.801 1 -2.875
4 16 -6 0 -2.875 -6.75 0 -2.875 -6.75 -1 -2.875 -5.801 -1 -2.875
4 16 -5.801 1 -2.875 -6.75 1 -2.875 -6.75 0 -2.875 -6 0 -2.875
4 16 6 0 -17.125 6.75 0 -17.125 6.75 -1 -17.125 5.801 -1 -17.125
4 16 5.801 1 -17.125 6.75 1 -17.125 6.75 0 -17.125 6 0 -17.125
4 16 -5.801 -1 -17.125 -6.75 -1 -17.125 -6.75 0 -17.125 -6 0 -17.125
4 16 -6 0 -17.125 -6.75 0 -17.125 -6.75 1 -17.125 -5.801 1 -17.125
4 16 5.801 -1 -2.875 6 0 -2.875 6 0 0 5.602 -2 0
4 16 5.602 2 0 6 0 0 6 0 -2.875 5.801 1 -2.875
4 16 -5.602 -2 0 -6 0 0 -6 0 -2.875 -5.801 -1 -2.875
4 16 -5.801 1 -2.875 -6 0 -2.875 -6 0 0 -5.602 2 0
4 16 5.602 -2 -20 6 0 -20 6 0 -17.125 5.801 -1 -17.125
4 16 5.801 1 -17.125 6 0 -17.125 6 0 -20 5.602 2 -20
4 16 -5.801 -1 -17.125 -6 0 -17.125 -6 0 -20 -5.602 -2 -20
4 16 -5.602 2 -20 -6 0 -20 -6 0 -17.125 -5.801 1 -17.125
4 16 5.801 -1 -17.125 5.801 -1 -2.875 5.602 -2 0 5.602 -2 -20
4 16 -5.801 1 -17.125 -5.801 1 -2.875 -5.602 2 0 -5.602 2 -20
4 16 5.801 1 -2.875 5.801 1 -17.125 5.602 2 -20 5.602 2 0
1 16 -6.9 -1 -10 0 0 1.099 0 -1 0 -7.125 0 0 rect3.dat
1 16 6.9 -1 -10 0 0 -1.099 0 -1 0 -7.125 0 0 rect3.dat
1 16 -6.9 1 -10 0 0 1.099 0 1 0 -7.125 0 0 rect3.dat
1 16 6.9 1 -10 0 0 -1.099 0 1 0 -7.125 0 0 rect3.dat
2 24 -6 0 -2.875 -5.801 -1 -2.875
2 24 6 0 -2.875 5.801 -1 -2.875
2 24 -6 0 -2.875 -5.801 1 -2.875
2 24 6 0 -2.875 5.801 1 -2.875
2 24 -6 0 -17.125 -5.801 -1 -17.125
2 24 6 0 -17.125 5.801 -1 -17.125
2 24 -6 0 -17.125 -5.801 1 -17.125
2 24 6 0 -17.125 5.801 1 -17.125
2 24 -8 -1 -2.875 -8 -1 -5.725
2 24 8 -1 -2.875 8 -1 -5.725
2 24 -8 1 -2.875 -8 1 -5.725
2 24 8 1 -2.875 8 1 -5.725
2 24 -8 -1 -8.575 -8 -1 -11.425
2 24 8 -1 -8.575 8 -1 -11.425
2 24 -8 1 -8.575 -8 1 -11.425
2 24 8 1 -8.575 8 1 -11.425
2 24 -8 -1 -14.275 -8 -1 -17.125
2 24 8 -1 -14.275 8 -1 -17.125
2 24 -8 1 -14.275 -8 1 -17.125
2 24 8 1 -14.275 8 1 -17.125
1 16 -8.266 -1 -7.15 0 0 -0.266 0 -1 0 -1.425 0 0 rect3.dat
1 16 8.266 -1 -7.15 0 0 0.266 0 -1 0 -1.425 0 0 rect3.dat
1 16 -8.266 1 -7.15 0 0 -0.266 0 1 0 -1.425 0 0 rect3.dat
1 16 8.266 1 -7.15 0 0 0.266 0 1 0 -1.425 0 0 rect3.dat
1 16 -8.266 -1 -12.85 0 0 -0.266 0 -1 0 -1.425 0 0 rect3.dat
1 16 8.266 -1 -12.85 0 0 0.266 0 -1 0 -1.425 0 0 rect3.dat
1 16 -8.266 1 -12.85 0 0 -0.266 0 1 0 -1.425 0 0 rect3.dat
1 16 8.266 1 -12.85 0 0 0.266 0 1 0 -1.425 0 0 rect3.dat
