0 ~Turntable  2 x  2 Plate - Hole
0 Name: s\3680s01.dat
0 Author: Magnus Forsberg [MagFors]
0 !LDRAW_ORG Subpart UPDATE 2015-01
0 !LICENSE Redistributable under CCAL version 2.0 : see CAreadme.txt

0 BFC CERTIFY CCW

0 !HISTORY 2015-10-11 [PTadmin] Official Update 2015-01

1 16 0 6 0 6 0 0 0 1 0 0 0 6 4-4edge.dat
1 16 0 6 0 1 0 0 0 -0.5 0 0 0 1 stud4a.dat
0 BFC INVERTNEXT
1 16 0 4 0 4 0 0 0 2 0 0 0 4 4-4cylo.dat
1 16 0 6 0 2 0 0 0 -1 0 0 0 2 4-4ring2.dat
1 16 0 4 0 4 0 0 0 1 0 0 0 -4 4-4ndis.dat
1 16 0 4 11.3825 0 0 4 0 3 0 -4.6175 0 0 box3u5p.dat
4 16 4 4 6.765 4 4 16 -4 4 16 -4 4 6.765
1 16 -11.3825 4 0 4.6175 0 0 0 3 0 0 0 4 box3u5p.dat
4 16 -6.765 4 4 -16 4 4 -16 4 -4 -6.765 4 -4
1 16 0 4 -11.3825 0 0 -4 0 3 0 4.6175 0 0 box3u5p.dat
4 16 -4 4 -6.765 -4 4 -16 4 4 -16 4 4 -6.765
1 16 11.3825 4 0 -4.6175 0 0 0 3 0 0 0 -4 box3u5p.dat
4 16 6.765 4 -4 16 4 -4 16 4 4 6.765 4 4
0 BFC INVERTNEXT
1 16 0 8 0 -16 0 0 0 -1 0 0 0 16 box4o4a.dat
0 BFC INVERTNEXT
1 16 10 5.5 10 0 6 0 -1.5 0 0 0 0 6 box2-9.dat
0 BFC INVERTNEXT
1 16 -10 5.5 10 0 0 -6 -1.5 0 0 0 6 0 box2-9.dat
0 BFC INVERTNEXT
1 16 -10 5.5 -10 0 -6 0 -1.5 0 0 0 0 -6 box2-9.dat
0 BFC INVERTNEXT
1 16 10 5.5 -10 0 0 6 -1.5 0 0 0 -6 0 box2-9.dat
1 16 0 4 0 17.5 0 0 0 -1 0 0 0 17.5 4-4ndis.dat
1 16 0 4 0 16.16789 0 6.69696 0 1 0 -6.69696 0 16.16789 1-8chrd.dat
4 16 16 4 7 16 4 -7 16.1679 4 -6.697 16.1677 4 6.6969
1 16 0 4 0 6.69696 0 -16.16789 0 1 0 16.16789 0 6.69696 1-8chrd.dat
4 16 -7 4 16 7 4 16 6.697 4 16.1679 -6.6969 4 16.1677
1 16 0 4 0 -16.16789 0 -6.69696 0 1 0 6.69696 0 -16.16789 1-8chrd.dat
4 16 -16 4 -7 -16 4 7 -16.1679 4 6.697 -16.1677 4 -6.6969
1 16 0 4 0 -6.69696 0 16.16789 0 1 0 -16.16789 0 -6.69696 1-8chrd.dat
4 16 7 4 -16 -7 4 -16 -6.697 4 -16.1679 6.6969 4 -16.1677
0 BFC INVERTNEXT
1 16 0 0 0 17.5 0 0 0 4 0 0 0 17.5 4-4cylo.dat
1 16 0 0 0 17.5 0 0 0 1 0 0 0 17.5 4-4ndis.dat
4 16 20 0 20 17.5 0 17.5 17.5 0 -17.5 20 0 -20
4 16 -20 0 -20 -17.5 0 -17.5 -17.5 0 17.5 -20 0 20
4 16 -20 0 20 -17.5 0 17.5 17.5 0 17.5 20 0 20
4 16 20 0 -20 17.5 0 -17.5 -17.5 0 -17.5 -20 0 -20
4 16 7.3912 6 3.0616 5.6568 6 5.6568 5.6568 4 5.6568 6.765 4 4
4 16 5.6568 6 5.6568 3.0616 6 7.3912 4 4 6.765 5.6568 4 5.6568
5 24 5.6568 6 5.6568 5.6568 4 5.6568 3.0616 6 7.3912 7.3912 6 3.0616
1 16 0 7 0 7.39104 0 3.06147 0 -1 0 -3.06147 0 7.39104 1-8edge.dat
2 24 6.765 7 4 7.391 7 3.0615
2 24 6.765 7 4 6.765 4 4
2 24 6.765 4 4 5.6569 4 5.6569
2 24 5.6569 4 5.6569 4 4 6.765
2 24 4 4 6.765 4 7 6.765
2 24 4 7 6.765 3.0615 7 7.391
4 16 6.765 4 4 5.6569 4 5.6569 4 4 6.765 4 4 4
4 16 -4 4 6.765 -4 4 4 4 4 4 4 4 6.765
4 16 -3.0616 6 7.3912 -5.6568 6 5.6568 -5.6568 4 5.6568 -4 4 6.765
4 16 -5.6568 6 5.6568 -7.3912 6 3.0616 -6.765 4 4 -5.6568 4 5.6568
5 24 -5.6568 6 5.6568 -5.6568 4 5.6568 -7.3912 6 3.0616 -3.0616 6 7.3912
1 16 0 7 0 3.06147 0 -7.39104 0 -1 0 7.39104 0 3.06147 1-8edge.dat
2 24 -4 7 6.765 -3.0615 7 7.391
2 24 -4 7 6.765 -4 4 6.765
2 24 -4 4 6.765 -5.6569 4 5.6569
2 24 -5.6569 4 5.6569 -6.765 4 4
2 24 -6.765 4 4 -6.765 7 4
2 24 -6.765 7 4 -7.391 7 3.0615
4 16 -4 4 6.765 -5.6569 4 5.6569 -6.765 4 4 -4 4 4
4 16 -6.765 4 -4 -4 4 -4 -4 4 4 -6.765 4 4
4 16 -7.3912 6 -3.0616 -5.6568 6 -5.6568 -5.6568 4 -5.6568 -6.765 4 -4
4 16 -5.6568 6 -5.6568 -3.0616 6 -7.3912 -4 4 -6.765 -5.6568 4 -5.6568
5 24 -5.6568 6 -5.6568 -5.6568 4 -5.6568 -3.0616 6 -7.3912 -7.3912 6 -3.0616
1 16 0 7 0 -7.39104 0 -3.06147 0 -1 0 3.06147 0 -7.39104 1-8edge.dat
2 24 -6.765 7 -4 -7.391 7 -3.0615
2 24 -6.765 7 -4 -6.765 4 -4
2 24 -6.765 4 -4 -5.6569 4 -5.6569
2 24 -5.6569 4 -5.6569 -4 4 -6.765
2 24 -4 4 -6.765 -4 7 -6.765
2 24 -4 7 -6.765 -3.0615 7 -7.391
4 16 -6.765 4 -4 -5.6569 4 -5.6569 -4 4 -6.765 -4 4 -4
4 16 4 4 -6.765 4 4 -4 -4 4 -4 -4 4 -6.765
4 16 3.0616 6 -7.3912 5.6568 6 -5.6568 5.6568 4 -5.6568 4 4 -6.765
4 16 5.6568 6 -5.6568 7.3912 6 -3.0616 6.765 4 -4 5.6568 4 -5.6568
5 24 5.6568 6 -5.6568 5.6568 4 -5.6568 7.3912 6 -3.0616 3.0616 6 -7.3912
1 16 0 7 0 -3.06147 0 7.39104 0 -1 0 -7.39104 0 -3.06147 1-8edge.dat
2 24 4 7 -6.765 3.0615 7 -7.391
2 24 4 7 -6.765 4 4 -6.765
2 24 4 4 -6.765 5.6569 4 -5.6569
2 24 5.6569 4 -5.6569 6.765 4 -4
2 24 6.765 4 -4 6.765 7 -4
2 24 6.765 7 -4 7.391 7 -3.0615
4 16 4 4 -6.765 5.6569 4 -5.6569 6.765 4 -4 4 4 -4
4 16 6.765 4 4 4 4 4 4 4 -4 6.765 4 -4
