0 ~Minifig Leg Right without Front and Side Surfaces
0 Name: s\3816s02.dat
0 Author: Magnus Forsberg [MagFors]
0 !LDRAW_ORG Subpart UPDATE 2013-02
0 !LICENSE Redistributable under CCAL version 2.0 : see CAreadme.txt

0 BFC CERTIFY CW

0 !HISTORY 2013-12-23 [PTadmin] Official Update 2013-02

0 // Interior

2 24 -4 28 -7 -4 28 5
2 24 -4 28 5 -16 28 5
2 24 -16 28 5 -16 28 -7
2 24 -16 28 5 -16 24 5
2 24 -4 28 5 -4 24 5
0 BFC INVERTNEXT
1 16 -10 18 5 6 0 0 0 0 6 0 4 0 4-4cylo.dat
1 16 -10 18 5 6 0 0 0 0 6 0 1 0 4-4ndis.dat
4 16 -4 28 5 -16 28 5 -16 24 5 -10 24 5
3 16 -4 28 5 -10 24 5 -4 24 5
4 16 -10 12 5 -16 12 5 -16 8 5 -4 8 5
3 16 -4 12 5 -10 12 5 -4 8 5
0 BFC INVERTNEXT
1 16 -10 16 5 -6 0 0 0 0 -8 0 -8 0 box4-4a.dat
4 16 -16 24 -3 -16 24 5 -16 28 5 -16 28 -7
3 16 -16 28 -7 -16 24 -7 -16 24 -3
4 16 -4 28 -7 -4 28 5 -4 24 5 -4 24 -3
3 16 -4 24 -3 -4 24 -7 -4 28 -7
0 BFC INVERTNEXT
1 16 -10 26 -5 -6 0 0 0 0 -2 0 -2 0 box2-5.dat
0 // Bottom
2 24 -19.5 28 -11 -1.5 28 -11
2 24 -1.5 28 -11 -1.5 28 9
2 24 -1.5 28 9 -19.5 28 9
2 24 -19.5 28 9 -19.5 28 -11
4 16 -16 28 -7 -16 28 5 -19.5 28 9 -19.5 28 -11
4 16 -16 28 5 -4 28 5 -1.5 28 9 -19.5 28 9
4 16 -4 28 5 -4 28 -7 -1.5 28 -11 -1.5 28 9
4 16 -4 28 -7 -16 28 -7 -19.5 28 -11 -1.5 28 -11
0 // Front
2 24 -19.5 28 -11 -19.18 20 -11
2 24 -1.5 28 -11 -1.5 20 -11
2 24 -19.18 20 -11 -19.18 20 -6
2 24 -19.18 20 -6 -1.5 20 -6
2 24 -1.5 20 -6 -1.5 20 -11
2 24 -1.5 20 -11 -19.18 20 -11
2 24 -2 6.74 -6 -2 7.69 -6
2 24 -19.18 20 -6 -18.64 6.74 -6
2 24 -1.5 20 -6 -1.5 7.69 -6
2 24 -18.64 6.74 -6 -2 6.74 -6
0 // Side out
2 24 -19.5 28 9 -18.36 0 9
2 24 -18.36 0 9 -18.23 -3.42 8.28
2 24 -18.23 -3.42 8.28 -18.11 -6.3 6.3
2 24 -18.11 -6.3 6.3 -18.03 -8.28 3.42
2 24 -18.03 -8.28 3.42 -18 -9 0
2 24 -18 -9 0 -18.03 -8.28 -3.42
2 24 -18.03 -8.28 -3.42 -18.11 -6.3 -6.3
2 24 -18.11 -6.3 -6.3 -18.23 -3.42 -8.28
2 24 -18.23 -3.42 -8.28 -18.36 0 -9
2 24 -18.36 0 -9 -18.5 3.42 -8.28
2 24 -18.5 3.42 -8.28 -18.64 6.74 -6

0 // Side in
2 24 -1.5 28 9 -1.5 4.1 9
4 16 -1.5 20 -11 -1.5 20 -6 -1.5 28 9 -1.5 28 -11
3 16 -1.5 7.7 -6 -1.5 9.2 -3.8 -1.5 20 -6
4 16 -1.5 9.2 -3.8 -1.5 10 0 -1.5 28 9 -1.5 20 -6
3 16 -1.5 10 0 -1.5 9.2 3.8 -1.5 28 9
3 16 -1.5 9.2 3.8 -1.5 7 7 -1.5 28 9
3 16 -1.5 7 7 -1.5 4.1 9 -1.5 28 9

0 // Side out
2 24 -2 7.7 -6 -2 9.2 -3.8
2 24 -2 9.2 -3.8 -2 10 0
2 24 -2 10 0 -2 9.2 3.8
2 24 -2 9.2 3.8 -2 7 7
2 24 -2 7 7 -2 4.1 9
2 24 -1.5 7.7 -6 -1.5 9.2 -3.8
2 24 -1.5 9.2 -3.8 -1.5 10 0
2 24 -1.5 10 0 -1.5 9.2 3.8
2 24 -1.5 9.2 3.8 -1.5 7 7
2 24 -1.5 7 7 -1.5 4.1 9
2 24 -1.5 7.7 -6 -2 7.7 -6
2 24 -1.5 4.1 9 -2 4.1 9
4 16 -2 7.7 -6 -2 9.2 -3.8 -1.5 9.2 -3.8 -1.5 7.7 -6
4 16 -2 9.2 -3.8 -2 10 0 -1.5 10 0 -1.5 9.2 -3.8
4 16 -2 10 0 -2 9.2 3.8 -1.5 9.2 3.8 -1.5 10 0
4 16 -2 9.2 3.8 -2 7 7 -1.5 7 7 -1.5 9.2 3.8
4 16 -2 7 7 -2 4.1 9 -1.5 4.1 9 -1.5 7 7
5 24 -2 9.2 -3.8 -1.5 9.2 -3.8 -2 7.7 -6 -2 10 0
5 24 -2 10 0 -1.5 10 0 -2 9.2 -3.8 -2 9.2 3.8
5 24 -2 9.2 3.8 -1.5 9.2 3.8 -2 10 0 -2 7 7
5 24 -2 7 7 -1.5 7 7 -2 9.2 3.8 -2 4.1 9

2 24 -2 4.1 9 -2 0 9
2 24 -2 0 9 -2 -3.42 8.28
2 24 -2 -3.42 8.28 -2 -6.3 6.3
2 24 -2 -6.3 6.3 -2 -8.28 3.42
2 24 -2 -8.28 3.42 -2 -9 0
2 24 -2 -9 0 -2 -8.28 -3.42
2 24 -2 -8.28 -3.42 -2 -6.3 -6.3
2 24 -2 -6.3 -6.3 -2 -3.42 -8.28
2 24 -2 -3.42 -8.28 -2 0 -9
2 24 -2 0 -9 -2 3.42 -8.28
2 24 -2 3.42 -8.28 -2 6.74 -6
0 BFC INVERTNEXT
1 16 -7.72 0 0 0 5.72 0 3 0 0 0 0 3 4-4cylo.dat
4 16 -2 0 9 -2 4.1 9 -2 2.1213 2.1213 -2 1.1481 2.7717
4 16 -2 -3.42 8.28 -2 0 9 -2 1.1481 2.7717 -2 0 3
4 16 -2 -6.3 6.3 -2 -3.42 8.28 -2 0 3 -2 -1.1481 2.7717
4 16 -2 -8.28 3.42 -2 -6.3 6.3 -2 -1.1481 2.7717 -2 -2.1213 2.1213
4 16 -2 -9 0 -2 -8.28 3.42 -2 -2.1213 2.1213 -2 -2.7717 1.1481
4 16 -2 -8.28 -3.42 -2 -9 0 -2 -2.7717 1.1481 -2 -3 0
4 16 -2 -6.3 -6.3 -2 -8.28 -3.42 -2 -3 0 -2 -2.7717 -1.1481
4 16 -2 -3.42 -8.28 -2 -6.3 -6.3 -2 -2.7717 -1.1481 -2 -2.1213 -2.1213
4 16 -2 0 -9 -2 -3.42 -8.28 -2 -2.1213 -2.1213 -2 -1.1481 -2.7717
4 16 -2 3.42 -8.28 -2 0 -9 -2 -1.1481 -2.7717 -2 0 -3
4 16 -2 6.74 -6 -2 3.42 -8.28 -2 0 -3 -2 1.1481 -2.7717
4 16 -2 7.7 -6 -2 6.74 -6 -2 1.1481 -2.7717 -2 2.1213 -2.1213
4 16 -2 9.2 -3.8 -2 7.7 -6 -2 2.1213 -2.1213 -2 2.7717 -1.1481
4 16 -2 10 0 -2 9.2 -3.8 -2 2.7717 -1.1481 -2 3 0
4 16 -2 9.2 3.8 -2 10 0 -2 3 0 -2 2.7717 1.1481
4 16 -2 7 7 -2 9.2 3.8 -2 2.7717 1.1481 -2 2.1213 2.1213
3 16 -2 7 7 -2 2.1213 2.1213 -2 4.1 9

0 // Hole side
0 BFC INVERTNEXT
1 16 -14.34 0 0 0 6.62 0 -6 0 0 0 0 -6 1-4cylc.dat
2 24 -7.72 0 -6 -7.72 2.3 -5.54
2 24 -7.72 2.3 -5.54 -7.72 3.55 -4.71
2 24 -7.72 3.55 -4.71 -10 4 -4.4
2 24 -10 4 -4.4 -12.3 3.54 -4.71
2 24 -12.3 3.54 -4.71 -14.24 2.24 -5.55
2 24 -14.24 2.24 -5.55 -14.34 2.1 -5.58
2 24 -14.34 2.1 -5.58 -14.34 0 -6
2 24 -14.34 2.1 -5.58 -14.34 2.1 5
2 24 -7.72 3.55 5 -7.72 3.55 -4.71
2 24 -14.34 -6 5 -7.72 -6 5
2 24 -7.72 -6 5 -7.72 3.55 5
2 24 -14.34 2.1 5 -14.34 -6 5
2 24 -14.34 -6 5 -14.34 -6 0
2 24 -7.72 -6 0 -7.72 -6 5
4 16 -14.34 -6 0 -7.72 -6 0 -7.72 -6 5 -14.34 -6 5
4 16 -14.34 0 -6 -14.34 2.1 -5.58 -7.72 2.3 -5.54 -7.72 0 -6
3 16 -14.34 2.1 -5.58 -14.24 2.24 -5.55 -7.72 2.3 -5.54
3 16 -7.72 2.3 -5.54 -14.24 2.24 -5.55 -12.3 3.54 -4.71
4 16 -7.72 3.55 -4.71 -7.72 2.3 -5.54 -12.3 3.54 -4.71 -10 4 -4.4
5 24 -7.72 2.3 -5.54 -14.24 2.24 -5.55 -14.34 2.1 -5.58 -12.3 3.54 -4.71
4 16 -14.34 0 0 -14.34 -6 0 -14.34 -6 5 -14.34 2.1 5
4 16 -14.34 0 0 -14.34 2.1 5 -14.34 2.1 -5.58 -14.34 0 -6
1 16 -7.72 0 0 0 1 0 -3 0 0 0 0 -3 1-4ring1.dat
1 16 -7.72 0 0 0 1 0 0 0 3 -3 0 0 3-4ndis.dat
4 16 -7.72 -6 0 -7.72 -3 0 -7.72 -3 3 -7.72 -6 5
4 16 -7.72 3 3 -7.72 3.55 5 -7.72 -6 5 -7.72 0 3
4 16 -7.72 3 -3 -7.72 3.55 -4.71 -7.72 3.55 5 -7.72 3 0
4 16 -7.72 0 -6 -7.72 2.3 -5.54 -7.72 3 -3 -7.72 0 -3
3 16 -7.72 3.55 -4.71 -7.72 3 -3 -7.72 2.3 -5.54

1 16 -10 -2 5 6 0 0 0 0 -6 0 1 0 2-4edge.dat
2 24 -14.34 2.1 5 -15.5434 0.2962 5
2 24 -15.5434 0.2962 5 -16 -2 5
2 24 -4 -2 5 -4.4566 0.2962 5
2 24 -4.4566 0.2962 5 -5.7574 2.2426 5
2 24 -5.7574 2.2426 5 -7.72 3.55 5

4 16 -15.5434 0.2962 5 -14.34 2.1 5 -14.34 -6 5 -16 -2 5
4 16 -15.5434 -4.2962 5 -16 -2 5 -14.34 -6 5 -14.2426 -6.2426 5
4 16 -12.2962 -7.5434 5 -12.8194 -7.1937 5 -14.34 -6 5 -10 -8 5
4 16 -10 -8 5 -14.34 -6 5 -7.72 -6 5 -7.7038 -7.5434 5
4 16 -7.1806 -7.1937 5 -7.7038 -7.5434 5 -7.72 -6 5 -4.4566 -4.2962 5
4 16 -4 -2 5 -4.4566 -4.2962 5 -7.72 -6 5 -4.4566 0.2962 5
4 16 -5.7574 2.2426 5 -4.4566 0.2962 5 -7.72 -6 5 -7.72 3.55 5

0 // inner cyl
2 24 -12.2962 3.5434 9 -10 4 9
2 24 -14.2426 2.2426 9 -12.2962 3.5434 9
2 24 -15.5434 0.2962 9 -14.2426 2.2426 9
2 24 -15.6023 0 9 -15.5434 0.2962 9
2 24 -16 -2 8.5789 -15.6023 0 9
2 24 -15.7176 -3.42 8.28 -16 -2 8.5789
2 24 -15.5434 -4.2962 7.6776 -15.7176 -3.42 8.28
2 24 -14.2426 -6.2426 6.3395 -15.5434 -4.2962 7.6776
2 24 -14.2426 -6.2426 6.3395 -14.1567 -6.3 6.3
2 24 -14.1567 -6.3 6.3 -12.2962 -7.5434 4.4914
2 24 -12.2962 -7.5434 4.4914 -10 -8 3.8273
2 24 -10 -8 3.8273 -7.7038 -7.5434 4.4914
2 24 -7.7038 -7.5434 4.4914 -5.8433 -6.3 6.3
2 24 -5.8433 -6.3 6.3 -5.7574 -6.2426 6.3395
2 24 -5.7574 -6.2426 6.3395 -4.4566 -4.2962 7.6776
2 24 -4.4566 -4.2962 7.6776 -4.2824 -3.42 8.28
2 24 -4.2824 -3.42 8.28 -4 -2 8.5789
2 24 -4 -2 8.5789 -4.3977 0 9
2 24 -4.3977 0 9 -4.4566 0.2962 9
2 24 -4.4566 0.2962 9 -5.7574 2.2426 9
2 24 -7.7038 3.5434 9 -5.7574 2.2426 9
2 24 -10 4 9 -7.7038 3.5434 9

4 16 -12.2962 3.5434 9 -10 4 9 -10 4 -4.4 -12.3 3.54 -4.71
4 16 -14.2426 2.2426 9 -12.2962 3.5434 9 -12.3 3.54 -4.71 -14.24 2.24 -5.55
4 16 -14.2426 2.2426 9 -14.24 2.24 -5.55 -14.34 2.1 -5.58 -14.34 2.1 5
4 16 -14.34 2.1 5 -15.5434 0.2962 5 -15.5434 0.2962 9 -14.2426 2.2426 9
3 16 -15.6023 0 9 -15.5434 0.2962 9 -15.5434 0.2962 5
4 16 -16 -2 8.5789 -15.6023 0 9 -15.5434 0.2962 5 -16 -2 5
4 16 -15.7176 -3.42 8.28 -16 -2 8.5789 -16 -2 5 -15.5434 -4.2962 5
3 16 -15.5434 -4.2962 7.6776 -15.7176 -3.42 8.28 -15.5434 -4.2962 5
4 16 -14.2426 -6.2426 6.3395 -15.5434 -4.2962 7.6776 -15.5434 -4.2962 5 -14.2426 -6.2426 5
4 16 -14.1567 -6.3 6.3 -14.2426 -6.2426 6.3395 -14.2426 -6.2426 5 -12.8194 -7.1937 5
3 16 -12.2962 -7.5434 4.4914 -12.8194 -7.1937 5 -12.2962 -7.5434 5
5 24 -12.2962 3.5434 9 -12.3 3.54 -4.71 -10 4 9 -14.2426 2.2426 9
5 24 -14.2426 2.2426 9 -14.24 2.24 -5.55 -12.2962 3.5434 9 -15.5434 0.2962 9
5 24 -15.5434 0.2962 9 -15.5434 0.2962 5 -14.2426 2.2426 9 -15.6023 0 9
5 24 -16 -2 5 -16 -2 8.5789 -15.5434 0.2962 5 -15.7176 -3.42 5
5 24 -15.5434 -4.2962 5 -15.5434 -4.2962 7.6776 -15.7176 -3.42 5 -14.2426 -6.2426 5
5 24 -14.2426 -6.2426 5 -14.2426 -6.2426 6.3395 -15.5434 -4.2962 5 -14.1567 -6.3 5
5 24 -12.2962 -7.5434 5 -12.2962 -7.5434 4.4914 -14.1567 -6.3 5 -10 -8 5
4 16 -12.2962 -7.5434 5 -10 -8 5 -10 -8 3.8273 -12.2962 -7.5434 4.4914
4 16 -10 -8 5 -7.7038 -7.5434 5 -7.7038 -7.5434 4.4914 -10 -8 3.8273
5 24 -10 -8 5 -10 -8 3.82 -7.7038 -7.5434 5 -12.2962 -7.5434 5
3 16 -7.1806 -7.1937 5 -7.7038 -7.5434 4.4914 -7.7038 -7.5434 5
4 16 -5.8433 -6.3 6.3 -7.1806 -7.1937 5 -5.7574 -6.2426 5 -5.7574 -6.2426 6.3395
4 16 -4.4566 -4.2962 7.6776 -5.7574 -6.2426 6.3395 -5.7574 -6.2426 5 -4.4566 -4.2962 5
4 16 -4.2824 -3.42 8.28 -4.4566 -4.2962 7.6776 -4.4566 -4.2962 5 -4 -2 5
3 16 -4 -2 8.5789 -4.2824 -3.42 8.28 -4 -2 5
4 16 -4 -2 8.5789 -4 -2 5 -4.4566 0.2962 5 -4.3977 0 9
3 16 -4.4566 0.2962 9 -4.3977 0 9 -4.4566 0.2962 5
4 16 -4.4566 0.2962 9 -4.4566 0.2962 5 -5.7574 2.2426 5 -5.7574 2.2426 9
4 16 -5.7574 2.2426 9 -5.7574 2.2426 5 -7.72 3.55 5 -7.7038 3.5434 9
3 16 -7.7038 3.5434 9 -7.72 3.55 5 -10 4 9
4 16 -7.72 3.55 5 -7.72 3.55 -4.71 -10 4 -4.4 -10 4 9
5 24 -7.7038 -7.5434 5 -7.7038 -7.5434 4.4914 -10 -8 5 -5.8433 -6.3 5
5 24 -5.7574 -6.2426 5 -5.7574 -6.2426 6.3395 -5.8433 -6.3 5 -4.4566 -4.2962 5
5 24 -4.4566 -4.2962 5 -4.4566 -4.2962 7.6776 -5.7574 -6.2426 5 -4.2824 -3.42 5
5 24 -4 -2 5 -4 -2 8.5789 -4.2824 -3.42 5 -4.4566 0.2962 5
5 24 -4.4566 0.2962 5 -4.4566 0.2962 9 -4.3977 0 5 -5.7574 2.2426 5
5 24 -5.7574 2.2426 5 -5.7574 2.2426 9 -4.4566 0.2962 5 -7.72 3.55 5
5 24 -7.7038 3.5434 9 -7.72 3.55 5 -5.7574 2.2426 9 -10 4 9
5 24 -10 4 9 -10 4 -4.4 -7.7038 3.5434 9 -12.2962 3.5434 9

0 // topside
3 16 -10 -8 3.8273 -2 -8.28 3.42 -18.03 -8.28 3.42
3 16 -18.03 -8.28 3.42 -12.2962 -7.5434 4.4914 -10 -8 3.8273
3 16 -2 -8.28 3.42 -10 -8 3.8273 -7.7038 -7.5434 4.4914
3 16 -2 -8.28 3.42 -7.7038 -7.5434 4.4914 -7.1806 -7.1937 5
3 16 -18.03 -8.28 3.42 -12.8194 -7.1937 5 -12.2962 -7.5434 4.4914
4 16 -18.11 -6.3 6.3 -14.1567 -6.3 6.3 -12.8194 -7.1937 5 -18.03 -8.28 3.42
4 16 -7.1806 -7.1937 5 -5.8433 -6.3 6.3 -2 -6.3 6.3 -2 -8.28 3.42
4 16 -2 -8.28 3.42 -2 -9 0 -18 -9 0 -18.03 -8.28 3.42
4 16 -2 -9 0 -2 -8.28 -3.42 -18.03 -8.28 -3.42 -18 -9 0
4 16 -2 -8.28 -3.42 -2 -6.3 -6.3 -18.11 -6.3 -6.3 -18.03 -8.28 -3.42
5 24 -2 -8.28 3.42 -18.03 -8.28 3.42 -2 -7.19 5.01 -2 -9 0
5 24 -2 -3.42 -8.28 -18.23 -3.42 -8.28 -2 -6.3 -6.3 -2 0 -9
5 24 -2 -6.3 -6.3 -18.11 -6.3 -6.3 -2 -3.42 -8.28 -2 -8.28 -3.42
5 24 -2 0 -9 -18.36 0 -9 -2 -3.42 -8.28 -2 3.42 -8.28
5 24 -2 3.42 -8.28 -18.5 3.42 -8.28 -2 0 -9 -2 6.74 -6
5 24 -2 6.74 -6 -18.64 6.74 -6 -2 3.42 -8.28 -2 7.7 -6
5 24 -2 -9 0 -18 -9 0 -2 -8.28 3.42 -2 -8.28 -3.42
5 24 -2 -8.28 -3.42 -18.03 -8.28 -3.42 -2 -9 0 -2 -6.3 -6.3

0 // backside
4 16 -18.36 0 9 -15.6023 0 9 -16 -2 8.5789 -18.23 -3.42 8.28
3 16 -15.7176 -3.42 8.28 -18.23 -3.42 8.28 -16 -2 8.5789
3 16 -15.5434 -4.2962 7.6776 -18.23 -3.42 8.28 -15.7176 -3.42 8.28
4 16 -18.23 -3.42 8.28 -15.5434 -4.2962 7.6776 -14.2426 -6.2426 6.3395 -18.11 -6.3 6.3
3 16 -14.1567 -6.3 6.3 -18.11 -6.3 6.3 -14.2426 -6.2426 6.3395
5 24 -15.6023 0 9 -18.36 0 9 -15.5434 0.2962 9 -16 -2 8.5789
5 24 -15.7176 -3.42 8.28 -18.23 -3.42 8.28 -16 -2 8.5789 -15.5434 -4.2962 7.6776
5 24 -14.1567 -6.3 6.3 -18.11 -6.3 6.3 -14.2426 -6.2426 6.3395 -12.2962 -7.5434 4.4914

4 16 -2 -3.42 8.28 -4 -2 8.5789 -4.3977 0 9 -2 0 9
3 16 -4.2824 -3.42 8.28 -4 -2 8.5789 -2 -3.42 8.28
3 16 -4.4566 -4.2962 7.6776 -4.2824 -3.42 8.28 -2 -3.42 8.28
4 16 -2 -6.3 6.3 -5.7574 -6.2426 6.3395 -4.4566 -4.2962 7.6776 -2 -3.42 8.28
3 16 -5.8433 -6.3 6.3 -5.7574 -6.2426 6.3395 -2 -6.3 6.3
5 24 -2 0 9 -4.3977 0 9 -2 0.2962 9 -2 -2 8.5789
5 24 -2 -3.42 8.28 -4.2824 -3.42 8.28 -2 -2 8.5789 -2 -4.2962 7.6776
5 24 -2 -6.3 6.3 -5.8433 -6.3 6.3 -2 -6.2426 6.3395 -2 -7.5434 4.4914

0 // backside bottom
1 16 -10 18 9 6 0 0 0 0 6 0 -1 0 4-4ndis.dat
4 16 -2 4.1 9 -7.7038 3.5434 9 -10 4 9 -10 12 9
4 16 -2 0 9 -5.7574 2.2426 9 -7.7038 3.5434 9 -2 4.1 9
3 16 -4.4566 0.2962 9 -5.7574 2.2426 9 -2 0 9
3 16 -4.3977 0 9 -4.4566 0.2962 9 -2 0 9
3 16 -18.36 0 9 -15.5434 0.2962 9 -15.6023 0 9
3 16 -18.36 0 9 -14.2426 2.2426 9 -15.5434 0.2962 9
4 16 -16 12 9 -12.2962 3.5434 9 -14.2426 2.2426 9 -18.36 0 9
4 16 -10 4 9 -12.2962 3.5434 9 -16 12 9 -10 12 9
4 16 -10 24 9 -16 24 9 -19.5 28 9 -1.5 28 9
3 16 -10 24 9 -1.5 28 9 -4 24 9
3 16 -1.5 28 9 -4 18 9 -4 24 9
4 16 -1.5 4.1 9 -4 12 9 -4 18 9 -1.5 28 9
4 16 -2 4.1 9 -10 12 9 -4 12 9 -1.5 4.1 9
4 16 -16 18 9 -16 12 9 -18.36 0 9 -19.5 28 9
3 16 -16 18 9 -19.5 28 9 -16 24 9
3 16 -12.8194 -7.1937 5 -14.2426 -6.2426 5 -14.34 -6 5
3 16 -5.7574 -6.2426 5 -7.1806 -7.1937 5 -4.4566 -4.2962 5
3 16 -7.72 -6 5 -7.72 -3 3 -7.72 0 3
3 16 -7.72 3.55 5 -7.72 3 3 -7.72 3 0
