0 ~Wing  4 x  8 Left without studs
0 Name: s\3933s01.dat
0 Author: James Jessiman
0 !LDRAW_ORG Subpart UPDATE 2005-01
0 !LICENSE Redistributable under CCAL version 2.0 : see CAreadme.txt

0 BFC CERTIFY CCW

0 !HISTORY 2004-10-02 [guyvivan] Made BFC Compliant, corected mirrored stud
0 !HISTORY 2004-11-12 [guyvivan] Fixed Both diagonal placeholders too short
0 !HISTORY 2005-12-28 [PTadmin] Official Update 2005-01
0 !HISTORY 2007-09-05 [PTadmin] Header formatted for Contributor Agreement
0 !HISTORY 2008-07-01 [PTadmin] Official Update 2008-01

1 16 0 4 60 1 0 0 0 -1 0 0 0 1 stud4.dat
1 16 -20 4 60 1 0 0 0 -1 0 0 0 1 stud4.dat
1 16 0 4 40 1 0 0 0 -1 0 0 0 1 stud4.dat
1 16 -20 4 40 1 0 0 0 -1 0 0 0 1 stud4.dat
1 16 0 4 20 1 0 0 0 -1 0 0 0 1 stud4.dat
1 16 -20 4 20 1 0 0 0 -1 0 0 0 1 stud4.dat
1 16 0 4 0 1 0 0 0 -1 0 0 0 1 stud4.dat
1 16 -20 4 0 1 0 0 0 -1 0 0 0 1 stud4.dat
1 16 -20 4 -20 1 0 0 0 -1 0 0 0 1 stud4.dat
1 16 -20 4 -40 1 0 0 0 -1 0 0 0 1 stud4.dat
1 16 -30 4 -60 1 0 0 0 -1 0 0 0 1 stud3.dat
2 24 16 8 13.33 1.8 8 -19.8
2 24 0.6 8 -22.6 -1.93 8 -28.5
2 24 -1.93 8 -28.5 -4 8 -28.5
2 24 -4 8 -28.5 -4 8 -31.5
2 24 -4 8 -31.5 -3.22 8 -31.5
2 24 -3.22 8 -31.5 -16.21 8 -61.8
2 24 -17.41 8 -64.6 -19.07 8 -68.5
2 24 -19.07 8 -68.5 -24 8 -68.5
2 24 -24 8 -68.5 -24 8 -71.5
2 24 -24 8 -71.5 -20.36 8 -71.5
2 24 -20.36 8 -71.5 -22.29 8 -76
2 24 16 4 13.33 1.8 4 -19.8
2 24 0.6 4 -22.6 -1.93 4 -28.5
2 24 -1.93 4 -28.5 -4 4 -28.5
2 24 -4 4 -28.5 -4 4 -31.5
2 24 -4 4 -31.5 -3.22 4 -31.5
2 24 -3.22 4 -31.5 -16.21 4 -61.8
2 24 -17.41 4 -64.6 -19.07 4 -68.5
2 24 -19.07 4 -68.5 -24 4 -68.5
2 24 -24 4 -68.5 -24 4 -71.5
2 24 -24 4 -71.5 -20.36 4 -71.5
2 24 -20.36 4 -71.5 -22.29 4 -76
2 24 -1.93 4 -28.5 -1.93 8 -28.5
2 24 -4 4 -28.5 -4 8 -28.5
2 24 -4 4 -31.5 -4 8 -31.5
2 24 -3.22 4 -31.5 -3.22 8 -31.5
2 24 -19.07 4 -68.5 -19.07 8 -68.5
2 24 -24 4 -68.5 -24 8 -68.5
2 24 -24 4 -71.5 -24 8 -71.5
2 24 -20.36 4 -71.5 -20.36 8 -71.5
2 24 -36 4 -76 -36 8 -76
2 24 -20 8 -80 38.71 8 57
2 24 -20 0 -80 38.71 0 57
4 16 20 8 80 16 8 76 -36 8 76 -40 8 80
4 16 -40 8 80 -36 8 76 -36 8 -76 -40 8 -80
4 16 -40 8 -80 -36 8 -76 -22.29 8 -76 -20 8 -80
4 16 -20 8 -80 -22.29 8 -76 34.29 8 56 38.71 8 57
3 16 38.71 8 57 34.29 8 56 38.71 8 60
4 16 38.71 8 60 34.29 8 56 19 8 56 20 8 60
4 16 20 8 60 19 8 56 16 8 76 20 8 80
4 16 16 8 76 19 8 56 19 8 20.32 16 8 13.33
4 16 -4 8 -28.5 -1.93 8 -28.5 -3.22 8 -31.5 -4 8 -31.5
4 16 -24 8 -68.5 -19.07 8 -68.5 -20.36 8 -71.5 -24 8 -71.5
4 16 16 8 13.33 1.8 8 -19.8 1.8 4 -19.8 16 4 13.33
4 16 0.6 8 -22.6 -1.93 8 -28.5 -1.93 4 -28.5 0.6 4 -22.6
4 16 -1.93 8 -28.5 -4 8 -28.5 -4 4 -28.5 -1.93 4 -28.5
4 16 -4 8 -28.5 -4 8 -31.5 -4 4 -31.5 -4 4 -28.5
4 16 -4 8 -31.5 -3.22 8 -31.5 -3.22 4 -31.5 -4 4 -31.5
4 16 -3.22 8 -31.5 -16.21 8 -61.8 -16.21 4 -61.8 -3.22 4 -31.5
4 16 -17.41 8 -64.6 -19.07 8 -68.5 -19.07 4 -68.5 -17.41 4 -64.6
4 16 -19.07 8 -68.5 -24 8 -68.5 -24 4 -68.5 -19.07 4 -68.5
4 16 -24 8 -68.5 -24 8 -71.5 -24 4 -71.5 -24 4 -68.5
4 16 -24 8 -71.5 -20.36 8 -71.5 -20.36 4 -71.5 -24 4 -71.5
4 16 -20.36 8 -71.5 -22.29 8 -76 -22.29 4 -76 -20.36 4 -71.5
3 16 34.29 4 56 19 4 20.32 19 4 56
0 BFC INVERTNEXT
1 16 19 4 56 15.29 0 0 0 4 0 0 0 -35.68 tri3.dat
3 16 -36 4 76 16 4 76 -36 4 -76
4 16 16 4 76 16 4 13.33 -22.29 4 -76 -36 4 -76
1 16 -10 4 80 -30 0 0 0 0 4 0 -1 0 rect2p.dat
1 16 -30 4 0 0 -10 0 4 0 0 0 0 -80 box2-5.dat
0 BFC INVERTNEXT
1 16 -29.145 6 0 0 -6.855 0 2 0 0 0 0 -76 box2-5.dat
0 BFC INVERTNEXT
1 16 -10 6 44.665 0 26 0 2 0 0 0 0 31.335 box2-5.dat
0 BFC INVERTNEXT
1 16 29.355 4 70 0 -9.355 0 4 0 0 0 0 -10 box2-5.dat
4 16 -20 8 -80 38.71 8 57 38.71 0 57 -20 0 -80
1 16 38.71 4 58.5 0 -1 0 4 0 0 0 0 -1.5 rect3.dat
4 16 20 0 60 20 0 80 -40 0 80 -40 0 -80
4 16 38.71 0 57 20 0 60 -40 0 -80 -20 0 -80
3 16 38.71 0 60 20 0 60 38.71 0 57
2 24 -24.757 4 -53.243 -26.757 4 -55.243
2 24 -26.757 4 -55.243 -17.41 4 -64.6
2 24 -16.21 4 -61.8 -24.757 4 -53.243
2 24 -26.757 4 -55.243 -26.757 8 -55.243
2 24 -17.41 4 -64.6 -17.41 8 -64.6
2 24 -16.21 4 -61.8 -16.21 8 -61.8
2 24 -24.757 4 -53.243 -24.757 8 -53.243
2 24 -16.21 8 -61.8 -24.757 8 -53.243
2 24 -24.757 8 -53.243 -26.757 8 -55.243
2 24 -26.757 8 -55.243 -17.41 8 -64.6
4 16 -24.757 8 -53.243 -16.21 8 -61.8 -17.41 8 -64.6 -26.757 8 -55.243
4 16 -16.21 8 -61.8 -24.757 8 -53.243 -24.757 4 -53.243 -16.21 4 -61.8
4 16 -24.757 8 -53.243 -26.757 8 -55.243 -26.757 4 -55.243 -24.757 4 -53.243
4 16 -26.757 8 -55.243 -17.41 8 -64.6 -17.41 4 -64.6 -26.757 4 -55.243
2 24 1.8 8 -19.8 -4.757 8 -13.243
2 24 -4.757 8 -13.243 -6.757 8 -15.243
2 24 -6.757 8 -15.243 0.6 8 -22.6
2 24 1.8 4 -19.8 -4.757 4 -13.243
2 24 -4.757 4 -13.243 -6.757 4 -15.243
2 24 -6.757 4 -15.243 0.6 4 -22.6
2 24 1.8 4 -19.8 1.8 8 -19.8
2 24 -4.757 4 -13.243 -4.757 8 -13.243
2 24 -6.757 4 -15.243 -6.757 8 -15.243
2 24 0.6 4 -22.6 0.6 8 -22.6
4 16 -4.757 8 -13.243 1.8 8 -19.8 0.6 8 -22.6 -6.757 8 -15.243
4 16 1.8 8 -19.8 -4.757 8 -13.243 -4.757 4 -13.243 1.8 4 -19.8
4 16 -4.757 8 -13.243 -6.757 8 -15.243 -6.757 4 -15.243 -4.757 4 -13.243
4 16 -6.757 8 -15.243 0.6 8 -22.6 0.6 4 -22.6 -6.757 4 -15.243
0
