0 ~Wing  2 x  4 Left without studs
0 Name: s\41770s01.dat
0 Author: Guy Vivan [guyvivan]
0 !LDRAW_ORG Subpart UPDATE 2004-04
0 !LICENSE Redistributable under CCAL version 2.0 : see CAreadme.txt

0 BFC CERTIFY CCW

0 !HISTORY 2004-11-06 [PTadmin] Official Update 2004-04
0 !HISTORY 2007-09-05 [PTadmin] Header formatted for Contributor Agreement
0 !HISTORY 2008-07-01 [PTadmin] Official Update 2008-01

1 16 0 4 20 -1 0 0 0 -1 0 0 0 1 stud4.dat
1 16 0 4 0 -1 0 0 0 -1 0 0 0 1 stud4.dat
1 16 0 8 -20 -2.2961 0 -5.54328 0 -1 0 -5.54328 0 2.2961 2-4edge.dat
1 16 0 4 -20 -2.2961 0 -5.54328 0 -1 0 -5.54328 0 2.2961 2-4edge.dat
1 16 0 4 -20 -2.2961 0 -5.54328 0 -1 0 -5.54328 0 2.2961 2-4disc.dat
1 16 0 4 0 0 0 -6 0 -1 0 -6 0 0 4-4disc.dat
0 BFC INVERTNEXT
1 16 0 8 -20 -2.2961 0 -5.54328 0 -4 0 -5.54328 0 2.2961 2-4cyli.dat
1 16 0 8 -20 -3.06147 0 -7.39104 0 -1 0 -7.39104 0 3.06147 2-4edge.dat
1 16 0 4 -20 -3.06147 0 -7.39104 0 -1 0 -7.39104 0 3.06147 2-4edge.dat
1 16 0 8 -20 -3.06147 0 -7.39104 0 -4 0 -7.39104 0 3.06147 2-4cyli.dat
1 16 0 8 -20 -0.765367 0 -1.84776 0 -1 0 -1.84776 0 0.765367 2-4ring3.dat
1 16 0 4 -20 0 0 -8 0 -1 0 -8 0 0 2-4ndis.dat
1 16 0 4 0 0 0 -8 0 -1 0 -8 0 0 2-4ndis.dat
4 16 -20 0 40 -20 0 -40 0 0 -40 20 0 40
2 24 0 0 -40 20 0 40
1 16 -10 4 -40 0 0 10 4 0 0 0 1 0 rect3.dat
1 16 0 4 40 0 0 20 -4 0 0 0 -1 0 rect3.dat
1 16 -20 4 0 0 1 0 -4 0 0 0 0 40 rect.dat
1 16 -16 6 0 0 -1 0 2 0 0 0 0 36 rect.dat
4 16 20 8 40 20 0 40 18.27 4 33.06 18.27 8 33.06
2 24 18.27 4 33.06 18.27 8 33.06
2 24 18.27 8 33.06 20 8 40
2 24 15.86 4 23.423 18.27 4 33.06
4 16 13.81 8 15.25 15.86 8 23.423 15.86 4 23.423 13.81 4 15.25
2 24 13.81 8 15.25 15.86 8 23.423
2 24 15.86 8 23.423 15.86 4 23.423
2 24 13.81 4 15.25 13.81 8 15.25
2 24 10.91 4 3.62 13.81 4 15.25
4 16 8.95 8 -4.21 10.91 8 3.62 10.91 4 3.62 8.95 4 -4.21
2 24 8.95 8 -4.21 10.91 8 3.62
2 24 10.91 8 3.62 10.91 4 3.62
2 24 8.95 4 -4.21 8.95 8 -4.21
2 24 6.25 4 -14.99 8.95 4 -4.21
3 16 6.25 4 -14.99 20 0 40 0 0 -40
3 16 6.25 4 -14.99 18.27 4 33.06 20 0 40
4 16 0 8 -40 6.25 8 -14.99 6.25 4 -14.99 0 0 -40
2 24 0 8 -40 6.25 8 -14.99
2 24 6.25 8 -14.99 6.25 4 -14.99
4 16 8.95 4 -4.21 6.956 4 -3.714 6.956 8 -3.714 8.95 8 -4.21
2 24 8.95 4 -4.21 6.956 4 -3.714
2 24 6.956 4 -3.714 6.956 8 -3.714
2 24 6.956 8 -3.714 8.95 8 -4.21
3 16 6.956 8 -3.714 7.392 8 -3.064 8.95 8 -4.21
3 16 8.95 8 -4.21 7.392 8 -3.064 8 8 0
3 16 10.91 8 3.62 8.95 8 -4.21 8 8 0
3 16 10.91 8 3.62 8 8 0 7.392 8 3.064
3 16 10.91 8 3.62 7.392 8 3.064 6.235 8 4.791
2 24 6.235 4 4.791 6.235 8 4.791
4 16 10.91 8 3.62 6.235 8 4.791 6.235 4 4.791 10.91 4 3.62
2 24 10.91 8 3.62 6.235 8 4.791
2 24 6.235 4 4.791 10.91 4 3.62
4 16 18.27 4 33.06 14.38 4 34.03 14.38 8 34.03 18.27 8 33.06
2 24 18.27 4 33.06 14.38 4 34.03
2 24 14.38 4 34.03 14.38 8 34.03
2 24 14.38 8 34.03 18.27 8 33.06
4 16 14.88 4 36 14.88 8 36 14.38 8 34.03 14.38 4 34.03
2 24 14.88 4 36 14.88 8 36
2 24 14.88 8 36 14.38 8 34.03
2 24 14.38 4 34.03 14.88 4 36
4 16 14.88 8 36 14.88 4 36 -16 4 36 -16 8 36
2 24 14.88 4 36 -16 4 36
2 24 -16 8 36 14.88 8 36
3 16 -16 4 36 14.88 4 36 -8 4 8
4 16 -3.123 8 -36 -16 8 -36 -16 4 -36 -3.123 4 -36
2 24 -3.123 8 -36 -16 8 -36
2 24 -16 4 -36 -3.123 4 -36
2 24 -3.123 4 -36 -3.123 8 -36
4 16 -3.123 4 -36 -1.103 4 -27.92 -1.103 8 -27.92 -3.123 8 -36
2 24 -3.123 4 -36 -1.103 4 -27.92
2 24 -1.103 4 -27.92 -1.103 8 -27.92
2 24 -1.103 8 -27.92 -3.123 8 -36
4 16 -3.064 4 -27.392 -3.064 8 -27.392 -1.103 8 -27.92 -1.103 4 -27.92
2 24 -3.064 8 -27.392 -1.103 8 -27.92
2 24 -1.103 4 -27.92 -3.064 4 -27.392
4 16 3.064 4 -12.608 5.656 4 -14.344 5.656 8 -14.344 3.064 8 -12.608
2 24 3.064 4 -12.608 5.656 4 -14.344
5 24 5.656 4 -14.344 5.656 8 -14.344 3.064 8 -12.608 6.25 4 -14.99
2 24 5.656 8 -14.344 3.064 8 -12.608
4 16 5.656 4 -14.344 6.25 4 -14.99 6.25 8 -14.99 5.656 8 -14.344
2 24 5.656 4 -14.344 6.25 4 -14.99
2 24 6.25 8 -14.99 5.656 8 -14.344
4 16 0 4 -8 0 4 -12 -8 4 -12 -8 4 -8
2 24 9.93 4 16.22 13.81 4 15.25
3 16 0 4 -8 3.064 4 -12.608 0 4 -12
4 16 -16 4 -36 -16 4 36 -8 4 8 -8 4 -28
4 16 3.064 4 -7.392 5.656 4 -5.656 6.25 4 -14.99 5.656 4 -14.344
4 16 -8 4 -28 -1.103 4 -27.92 -3.123 4 -36 -16 4 -36
4 16 5.656 4 -14.344 3.064 4 -12.608 0 4 -8 3.064 4 -7.392
3 16 3.064 4 7.392 0 4 8 9.93 4 16.22
3 16 9.93 4 16.22 5.656 4 5.656 3.064 4 7.392
3 16 9.93 4 16.22 6.235 4 4.791 5.656 4 5.656
4 16 13.81 4 15.25 10.91 4 3.62 6.235 4 4.791 9.93 4 16.22
4 16 14.88 4 36 9.93 4 16.22 0 4 8 -8 4 8
2 24 11.98 4 24.393 9.93 4 16.22
4 16 15.86 4 23.423 11.98 4 24.393 14.38 4 34.03 18.27 4 33.06
2 24 15.86 4 23.423 11.98 4 24.393
4 16 8.95 4 -4.21 6.25 4 -14.99 5.656 4 -5.656 6.956 4 -3.714
4 16 15.86 8 23.423 13.81 8 15.25 9.93 8 16.22 11.98 8 24.393
2 24 13.81 8 15.25 9.93 8 16.22
2 24 9.93 8 16.22 11.98 8 24.393
2 24 11.98 8 24.393 15.86 8 23.423
4 16 11.98 4 24.393 15.86 4 23.423 15.86 8 23.423 11.98 8 24.393
2 24 11.98 8 24.393 11.98 4 24.393
4 16 13.81 8 15.25 13.81 4 15.25 9.93 4 16.22 9.93 8 16.22
2 24 9.93 4 16.22 9.93 8 16.22
4 16 9.93 4 16.22 11.98 4 24.393 11.98 8 24.393 9.93 8 16.22
4 16 -1.103 8 -27.92 -3.064 8 -27.392 -2.298 8 -25.544 -0.594 8 -25.88
2 24 -2.298 8 -25.544 -0.594 8 -25.88
3 16 -0.594 4 -25.88 -2.298 4 -25.544 2.298 4 -14.456
4 16 -0.594 8 -25.88 2.26 8 -14.45 5.656 8 -14.344 6.25 8 -14.99
2 24 -0.594 8 -25.88 2.26 8 -14.45
3 16 0 8 -40 -3.123 8 -36 -1.103 8 -27.92
4 16 0 8 -40 -20 8 -40 -16 8 -36 -3.123 8 -36
4 16 6.25 8 -14.99 0 8 -40 -1.103 8 -27.92 -0.594 8 -25.88
4 16 -20 8 40 -16 8 36 -16 8 -36 -20 8 -40
3 16 3.064 8 -12.608 5.656 8 -14.344 2.26 8 -14.45
4 16 -20 8 40 20 8 40 14.88 8 36 -16 8 36
4 16 18.27 8 33.06 14.38 8 34.03 14.88 8 36 20 8 40
4 16 -2.298 8 -25.544 -2.298 4 -25.544 -0.594 4 -25.88 -0.594 8 -25.88
2 24 -2.298 4 -25.544 -0.594 4 -25.88
2 24 -0.594 4 -25.88 -0.594 8 -25.88
2 24 2.26 4 -14.45 -0.594 4 -25.88
2 24 2.26 8 -14.45 2.26 4 -14.45
4 16 2.26 8 -14.45 -0.594 8 -25.88 -0.594 4 -25.88 2.26 4 -14.45
0
