0 ~Slope Brick 75  2 x  1 x  3 without Top Faces 
0 Name: s\4460s01.dat
0 Author: James Jessiman
0 !LDRAW_ORG Subpart UPDATE 2013-02
0 !LICENSE Redistributable under CCAL version 2.0 : see CAreadme.txt

0 BFC CERTIFY CCW

0 !HISTORY 2013-12-18 [MMR1988] Subpart creation
0 !HISTORY 2013-12-23 [PTadmin] Official Update 2013-02

1 16 0 36 -20 10 0 0 0 -2 34 0 0 -10 box2-5.dat
1 16 0 36 10 0 0 -10 36 0 0 0 -1 0 rect2p.dat
1 16 0 0 0 10 0 0 0 1 0 0 0 10 recte3.dat
1 16 0 72 -10 10 0 0 0 1 0 0 0 20 recte3.dat

4 16 10 72 -30 10 72 10 10 0 10 10 0 -10
3 16 10 72 -30 10 0 -10 10 68 -30
4 16 -10 0 -10 -10 0 10 -10 72 10 -10 72 -30
3 16 -10 68 -30 -10 0 -10 -10 72 -30

0 BFC INVERTNEXT
1 16 0 38 -17 6 0 0 0 -2.5 31.5 0 0 -9 box2-7.dat
1 16 0 72 -21.5 6 0 0 0 1 0 0 0 -4.5 recte3.dat
1 16 0 4 -7.5 6 0 0 0 1 0 0 0 -0.5 recte3.dat

0 BFC INVERTNEXT
1 16 0 38 -3 0 0 6 34 0 0 0 9 0 box3u4a.dat

1 16 -6 38 -5 0 1 1 34 0 0 0 1 -1 box2-5.dat
1 16 6 38 -5 0 -1 -1 34 0 0 0 -1 1 box2-5.dat

4 16 6 21.5 -13 6 4 -8 6 72 -7 6 72 -13
3 16 6 4 -8 6 4 -7 6 72 -7
4 16 -6 72 -13 -6 72 -7 -6 4 -8 -6 21.5 -13
3 16 -6 72 -7 -6 4 -7 -6 4 -8
2 24 6 72 -7 6 72 -13
2 24 -6 72 -7 -6 72 -13

4 16 -6 21.5 -13 -4 28.5 -15 -4 72 -15 -6 72 -13
4 16 -4 72 -15 -4 28.5 -15 -6 35.5 -17 -6 72 -17
4 16 6 72 -13 4 72 -15 4 28.5 -15 6 21.5 -13
4 16 6 35.5 -17 4 28.5 -15 4 72 -15 6 72 -17
2 24 -6 72 -17 -6 35.5 -17
2 24 6 72 -17 6 35.5 -17
2 24 4 72 -15 4 28.5 -15
2 24 -4 72 -15 -4 28.5 -15
2 24 -6 72 -13 -6 21.5 -13
2 24 6 72 -13 6 21.5 -13
2 24 6 72 -13 4 72 -15
2 24 -6 72 -17 -4 72 -15
2 24 -6 72 -13 -4 72 -15
2 24 6 72 -17 4 72 -15
2 24 -6 21.5 -13 -4 28.5 -15
2 24 -4 28.5 -15 -6 35.5 -17
2 24 6 21.5 -13 4 28.5 -15
2 24 4 28.5 -15 6 35.5 -17

4 16 -6 35.5 -17 -6 67 -26 -6 72 -26 -6 72 -17
4 16 6 67 -26 6 35.5 -17 6 72 -17 6 72 -26

3 16 6 72 -3 6 72 -7 4 72 -5
3 16 -6 72 -3 -4 72 -5 -6 72 -7
3 16 6 72 -13 6 72 -17 4 72 -15
3 16 -6 72 -13 -4 72 -15 -6 72 -17
4 16 10 72 10 6 72 6 -6 72 6 -10 72 10
4 16 -10 72 -30 -6 72 -26 6 72 -26 10 72 -30
3 16 -10 72 10 -6 72 6 -6 72 -3
3 16 -10 72 10 -6 72 -3 -6 72 -7
4 16 -10 72 10 -6 72 -7 -6 72 -13 -10 72 -30
3 16 -6 72 -17 -10 72 -30 -6 72 -13
3 16 -10 72 -30 -6 72 -17 -6 72 -26
3 16 6 72 -3 6 72 6 10 72 10
3 16 6 72 -7 6 72 -3 10 72 10
4 16 10 72 -30 6 72 -13 6 72 -7 10 72 10
3 16 6 72 -13 10 72 -30 6 72 -17
3 16 6 72 -26 6 72 -17 10 72 -30
