0 ~Wedge  4 x  4 Triple Inverted without Ribs
0 Name: s\4855s01.dat
0 Author: Magnus Forsberg [MagFors]
0 !LDRAW_ORG Subpart UPDATE 2017-01
0 !LICENSE Redistributable under CCAL version 2.0 : see CAreadme.txt

0 BFC CERTIFY CCW

0 !HISTORY 2017-12-30 [PTadmin] Official Update 2017-01

1 16 0 20 0 1 0 0 0 -1 0 0 0 1 stud3.dat
0 BFC INVERTNEXT
1 16 0 24 0 16 0 0 0 -4 0 0 0 6 box5.dat
4 16 -16 24 6 -20 24 10 20 24 10 16 24 6
4 16 -16 24 -6 -20 24 -10 -20 24 10 -16 24 6
4 16 16 24 -6 20 24 -10 -20 24 -10 -16 24 -6
4 16 16 24 6 20 24 10 20 24 -10 16 24 -6
2 24 22 18 -9 22 10.2 -32
2 24 22 10.2 -32 18 14.2 -32
2 24 -18 14.2 -32 -22 10.2 -32
2 24 -22 10.2 -32 -22 18 -9
2 24 38 0 8 22 0 8
2 24 22 0 -32 11 0 -32
2 24 -11 0 -32 -22 0 -32
2 24 -22 0 8 -38 0 8
2 24 22 0 8 22 18 8
2 24 22 0 -32 22 10.2 -32
2 24 -22 0 -32 -22 10.2 -32
2 24 -22 0 8 -22 18 8
2 24 -40 0 10 -20 0 10
2 24 20 0 10 40 0 10
2 24 -20 0 10 -20 16 10
2 24 20 0 10 20 16 10
1 16 30 14 0 0 -1 10 0 0 -10 10 0 0 rect.dat
3 16 20 24 -10 40 4 -10 20 4 -70
1 16 0 14 -40 20 0 0 0 -1 -10 0 0 -30 rect.dat
3 16 -20 24 -10 -20 4 -70 -40 4 -10
1 16 -30 14 0 0 1 -10 0 0 -10 -10 0 0 rect.dat
1 16 30 10 -0.5 8 1 0 -8 0 0 0 0 8.5 rect.dat

3 16 22 18 -9 22 10.2 -32 38 2 -9
3 16 18 14.2 -32 18 2 -68 22 10.2 -32
3 16 38 2 -9 22 10.2 -32 18 2 -68
3 16 -22 10.2 -32 -22 18 -9 -38 2 -9
3 16 -18 2 -68 -18 14.2 -32 -22 10.2 -32
3 16 -22 10.2 -32 -38 2 -9 -18 2 -68
1 16 0 8.1 -50 -18 0 0 0 1 -6.1 0 0 -18 rect.dat
1 16 19 17.31 -20 1 1 0 -1 0 3.39 0 0 10 rect.dat
1 16 0 18.31 -20 0 0 -18 3.39 1 0 10 0 0 rect3.dat
1 16 -19 17.31 -20 0 -1 -1 3.39 0 -1 10 0 0 rect3.dat

1 16 -30 10 -0.5 -8 -1 0 -8 0 0 0 0 -8.5 rect.dat
1 16 30 2 -40 0 -1 10 2 0 0 0 0 30 rect.dat
1 16 -30 2 -40 -10 1 0 0 0 2 30 0 0 rect.dat
1 16 28 1 -38.5 10 1 0 0 0 1 29.5 0 0 rect.dat
1 16 -28 1 -38.5 0 -1 -10 1 0 0 0 0 29.5 rect.dat
1 16 0 16 0 20 0 0 0 1 0 0 0 10 rect.dat
4 16 22 0 8 38 0 8 40 0 10 20 0 10
1 16 21 0 -11 0 0 -1 0 1 0 20 0 1 rect2p.dat
4 16 -22 0 -32 22 0 -32 20 0 -30 -20 0 -30
1 16 -21 0 -11 0 0 1 0 1 0 -20 0 1 rect2p.dat
4 16 -38 0 8 -22 0 8 -20 0 10 -40 0 10
4 16 -38 0 -9 -38 0 8 -40 0 10 -40 0 -10
4 16 -18 0 -68 -38 0 -9 -40 0 -10 -20 0 -70
4 16 18 0 -68 -18 0 -68 -20 0 -70 20 0 -70
4 16 38 0 -9 18 0 -68 20 0 -70 40 0 -10
4 16 38 0 8 38 0 -9 40 0 -10 40 0 10
3 16 20 24 10 20 16 10 40 4 10
4 16 40 4 10 20 16 10 20 0 10 40 0 10
1 16 0 20 10 0 0 -20 4 0 0 0 -1 0 rect1.dat
4 16 -40 0 10 -20 0 10 -20 16 10 -40 4 10
3 16 -20 24 10 -40 4 10 -20 16 10
4 16 22 0 8 22 18 8 38 2 8 38 0 8
4 16 -22 0 8 -38 0 8 -38 2 8 -22 18 8
4 16 -18 21.7 -10 18 21.7 -10 20 19.7 -10 -20 19.7 -10
1 16 0 17.85 -10 0 0 20 1.85 0 0 0 1 0 rect2p.dat
4 16 -18 14.92 -30 -20 12.92 -30 20 12.92 -30 18 14.92 -30
1 16 0 6.46 -30 -20 0 0 0 0 -6.46 0 -1 0 rect3.dat
3 16 -22 10.2 -32 -18 14.2 -32 -22 0 -32
4 16 -18 14.2 -32 -11 14.2 -32 -11 0 -32 -22 0 -32
1 16 0 7.1 -32 9 0 0 0 0 -7.1 0 1 0 rect3.dat
4 16 11 0 -32 11 14.2 -32 18 14.2 -32 22 0 -32
3 16 18 14.2 -32 22 10.2 -32 22 0 -32

1 16 0 1 -68 0 0 18 -1 0 0 0 -1 0 rect1.dat
1 16 0 2 -70 0 0 -20 -2 0 0 0 1 0 rect1.dat
1 16 40 2 0 0 -1 0 0 0 -2 10 0 0 rect2a.dat
1 16 38 1 -0.5 0 1 0 -1 0 0 0 0 8.5 rect2a.dat
3 16 22 18 -9 22 18 8 22 10.2 -32
4 16 22 0 -32 22 10.2 -32 22 18 8 22 0 8
4 16 20 0 -30 20 16 -10 20 19.7 -10 20 12.92 -30
4 16 20 0 -30 20 0 10 20 16 10 20 16 -10
4 16 -20 0 -30 -20 12.92 -30 -20 19.7 -10 -20 16 -10
4 16 -20 0 -30 -20 16 -10 -20 16 10 -20 0 10
3 16 -22 10.2 -32 -22 18 8 -22 18 -9
4 16 -22 0 -32 -22 0 8 -22 18 8 -22 10.2 -32
1 16 -38 1 -0.5 0 -1 0 0 0 -1 8.5 0 0 rect2a.dat
1 16 -40 2 0 0 1 0 -2 0 0 0 0 10 rect2a.dat
1 16 0 16 0 0 0 -1 0 1 0 1 0 0 stug-2x1.dat

1 16 30 0 0 1 0 0 0 1 0 0 0 1 stud2a.dat
1 16 -30 0 0 1 0 0 0 1 0 0 0 1 stud2a.dat

1 16 10 8 -20 1 0 0 0 1 0 0 0 1 stud2a.dat
1 16 -10 8 -20 1 0 0 0 1 0 0 0 1 stud2a.dat

1 16 10 0 -40 1 0 0 0 1 0 0 0 1 stud2a.dat
1 16 -10 0 -40 1 0 0 0 1 0 0 0 1 stud2a.dat

1 16 10 0 -60 1 0 0 0 1 0 0 0 1 stud2a.dat
1 16 -10 0 -60 1 0 0 0 1 0 0 0 1 stud2a.dat

1 16 10 8 -12.09945 1 0 0 0 1 0 0 0 2.09945 rect3.dat
2 24 11 8 -14.1989 10 8 -14
2 24 9 8 -14.1989 10 8 -14

1 16 -10 8 -12.09945 1 0 0 0 1 0 0 0 2.09945 rect3.dat
2 24 -11 8 -14.1989 -10 8 -14
2 24 -9 8 -14.1989 -10 8 -14

2 24 11 21.7 -10 11 20.2428 -14.1989
2 24 9 21.7 -10 9 20.2428 -14.1989
2 24 -9 21.7 -10 -9 20.2428 -14.1989
2 24 -11 21.7 -10 -11 20.2428 -14.1989
2 24 11 21.7 -10 11 8 -10
2 24 9 21.7 -10 9 8 -10
2 24 -9 21.7 -10 -9 8 -10
2 24 -11 21.7 -10 -11 8 -10
2 24 11 8 -14.1989 11 20.2428 -14.1989
2 24 9 8 -14.1989 9 20.2428 -14.1989
2 24 -9 8 -14.1989 -9 20.2428 -14.1989
2 24 -11 8 -14.1989 -11 20.2428 -14.1989
4 16 9 8 -10 11 8 -10 11 16 -10 9 16 -10
4 16 -9 8 -10 -9 16 -10 -11 16 -10 -11 8 -10
4 16 11 8 -14.1989 11 20.2428 -14.1989 11 21.7 -10 11 8 -10
4 16 9 8 -14.1989 9 8 -10 9 21.7 -10 9 20.2428 -14.1989
4 16 -9 8 -14.1989 -9 20.2428 -14.1989 -9 21.7 -10 -9 8 -10
4 16 -11 8 -14.1989 -11 8 -10 -11 21.7 -10 -11 20.2428 -14.1989
1 16 10 8 -27.9006 -1 0 0 0 1 0 0 0 -2.0994 rect3.dat
2 24 10 8 -26 9 8 -25.8012
2 24 10 8 -26 11 8 -25.8012

1 16 -10 8 -27.9006 -1 0 0 0 1 0 0 0 -2.0994 rect3.dat
2 24 -10 8 -26 -9 8 -25.8012
2 24 -10 8 -26 -11 8 -25.8012

2 24 11 16.343 -25.8012 11 14.92 -30
2 24 9 16.343 -25.8012 9 14.92 -30
2 24 -9 16.343 -25.8012 -9 14.92 -30
2 24 -11 16.343 -25.8012 -11 14.92 -30
2 24 11 16.343 -25.8012 11 8 -25.8012
2 24 9 16.343 -25.8012 9 8 -25.8012
2 24 -9 16.343 -25.8012 -9 8 -25.8012
2 24 -11 16.343 -25.8012 -11 8 -25.8012
2 24 11 8 -30 11 14.92 -30
2 24 9 8 -30 9 14.92 -30
2 24 -9 8 -30 -9 14.92 -30
2 24 -11 8 -30 -11 14.92 -30
4 16 11 8 -30 11 14.92 -30 11 16.343 -25.8012 11 8 -25.8012
4 16 9 14.92 -30 9 8 -30 9 8 -25.8012 9 16.343 -25.8012
4 16 -9 8 -30 -9 14.92 -30 -9 16.343 -25.8012 -9 8 -25.8011
4 16 -11 14.92 -30 -11 8 -30 -11 8 -25.8012 -11 16.343 -25.8012
1 16 10 0 -33.09945 0 0 1 0 1 0 -1.09945 0 0 rect2p.dat
2 24 11 0 -34.1989 10 0 -34
2 24 9 0 -34.1989 10 0 -34

1 16 -10 0 -33.09945 0 0 1 0 1 0 -1.09945 0 0 rect2p.dat
2 24 -11 0 -34.1989 -10 0 -34
2 24 -9 0 -34.1989 -10 0 -34

2 24 11 14.2 -32 11 13.456 -34.1989
2 24 9 14.2 -32 9 13.456 -34.1989
2 24 -9 14.2 -32 -9 13.456 -34.1989
2 24 -11 14.2 -32 -11 13.456 -34.1989
2 24 11 14.2 -32 11 0 -32
2 24 -11 14.2 -32 -11 0 -32
2 24 11 0 -34.1989 11 13.456 -34.1989
2 24 9 0 -34.1989 9 13.456 -34.1989
2 24 -9 0 -34.1989 -9 13.456 -34.1989
2 24 -11 0 -34.1989 -11 13.456 -34.1989
4 16 11 0 -32 11 0 -34.1989 11 13.456 -34.1989 11 14.2 -32
4 16 9 0 -34.1989 9 0 -32 9 14.2 -32 9 13.456 -34.1989
4 16 -9 0 -32 -9 0 -34.1989 -9 13.456 -34.1989 -9 14.2 -32
4 16 -11 0 -34.1989 -11 0 -32 -11 14.2 -32 -11 13.456 -34.1989
