0 ~Tile  2 x  3 Rounded with Hole without Top Surface
0 Name: s\48995s01.dat
0 Author: Magnus Forsberg [MagFors]
0 !LDRAW_ORG Subpart UPDATE 2014-02
0 !LICENSE Redistributable under CCAL version 2.0 : see CAreadme.txt


0 BFC CERTIFY CCW

0 !HISTORY 2014-12-23 [PTadmin] Official Update 2014-02

1 16 0 4 0 1 0 0 0 -1 0 0 0 1 stud4.dat
0 BFC INVERTNEXT
1 16 0 8 0 16 0 0 0 -4 0 0 0 16 box5.dat
4 16 20 8 20 16 8 16 -16 8 16 -20 8 20
4 16 -20 8 -20 -16 8 -16 16 8 -16 20 8 -20
4 16 20 8 -20 16 8 -16 16 8 16 20 8 20
4 16 -20 8 20 -16 8 16 -16 8 -16 -20 8 -20
1 16 0 4 -20 0 0 20 4 0 0 0 40 0 box3u4a.dat
1 16 0 8 -20 16 0 0 0 1 0 0 0 -16 48\1-8edge.dat
1 16 0 8 -20 -16 0 0 0 1 0 0 0 -16 48\1-8edge.dat
1 16 0 8 -30 8 0 0 0 1 0 0 0 8 48\2-4edge.dat
2 24 -9.737 8 -32.697 -8 8 -33.855
2 24 -11.312 8 -31.312 -9.737 8 -32.697
2 24 -9.737 4 -32.697 -8 4 -33.855
2 24 -11.312 4 -31.312 -9.737 4 -32.697
2 24 8 8 -30 8 8 -33.855
2 24 -8 8 -30 -8 8 -33.855
1 16 0 4 -20 16 0 0 0 1 0 0 0 -16 48\1-8edge.dat
1 16 0 4 -20 -16 0 0 0 1 0 0 0 -16 48\1-8edge.dat
1 16 0 4 -30 8 0 0 0 1 0 0 0 8 48\2-4edge.dat
2 24 8 4 -30 8 4 -33.855
2 24 -8 4 -30 -8 4 -33.855
2 24 -8 4 -33.855 -8 8 -33.855
1 16 0 8 -30 6 0 0 0 1 0 0 0 6 48\4-4edge.dat
1 16 0 8 -30 2 0 0 0 -1 0 0 0 2 48\4-4ring3.dat
1 16 0 8 -20 20 0 0 0 1 0 0 0 -20 48\2-4edge.dat
1 16 0 8 -20 4 0 0 0 -1 0 0 0 -4 48\2-4ring4.dat
1 16 0 0 -20 -4 0 0 0 1 0 0 0 -4 48\2-4ring4.dat
1 16 0 0 -30 6 0 0 0 1 0 0 0 6 48\4-4edge.dat
1 16 0 0 -20 20 0 0 0 1 0 0 0 -20 48\2-4edge.dat
3 16 8 8 -30 8 8 -33.855 6.5 8 -34.6
3 16 -8 8 -33.855 -8 8 -30 -6.5 8 -34.6
1 16 0 0 -30 6 0 0 0 1 0 0 0 6 48\4-4ndis.dat
1 16 0 6 -20 16 0 0 0 0 2 0 1 0 rect.dat
4 16 -8 4 -30 -8 8 -30 -8 8 -33.855 -8 4 -33.855
2 24 9.737 8 -32.697 8 8 -33.855
2 24 11.312 8 -31.312 9.737 8 -32.697
2 24 9.737 4 -32.697 8 4 -33.855
2 24 11.312 4 -31.312 9.737 4 -32.697
2 24 8 4 -33.855 8 8 -33.855
4 16 8 4 -33.855 8 8 -33.855 8 8 -30 8 4 -30
4 16 0 4 -20 0 4 -23 -15 4 -30 -16 4 -20
3 16 -7 4 -36 -14 4 -29 -7 4 -25
4 16 16 4 -20 15 4 -30 0 4 -23 0 4 -20
3 16 7 4 -25 14 4 -29 7 4 -36
0 BFC INVERTNEXT
1 16 0 0 -30 6 0 0 0 8 0 0 0 6 48\4-4cyli.dat
1 16 0 4 -30 8 0 0 0 4 0 0 0 8 48\2-4cyli.dat
0 BFC INVERTNEXT
1 16 0 4 -20 16 0 0 0 4 0 0 0 -16 48\2-4cyli.dat
1 16 0 0 -20 20 0 0 0 8 0 0 0 -20 48\2-4cyli.dat
4 16 6 0 -24 6 0 -35 16 0 -31 16 0 -20
4 16 -16 0 -20 -6 0 -24 6 0 -24 16 0 -20
4 16 -16 0 -20 -16 0 -31 -6 0 -35 -6 0 -24
