0 ~Wedge  4 x  4 without Sloped Face
0 Name: s\6069s01.dat
0 Author: John Van Zwieten [jvan]
0 !LDRAW_ORG Subpart UPDATE 2010-02
0 !LICENSE Redistributable under CCAL version 2.0 : see CAreadme.txt

0 BFC CERTIFY CCW

0 !HISTORY 1999-12-31 [PTadmin] Official Update 1999-06
0 !HISTORY 2001-12-08 [cwdee] fixed small error on underside
0 !HISTORY 2002-02-18 [PTadmin] Official Update 2002-01
0 !HISTORY 2007-09-10 [PTadmin] Header formatted for Contributor Agreement
0 !HISTORY 2008-07-01 [PTadmin] Official Update 2008-01
0 !HISTORY 2008-07-07 [technog] Created subpart 6069s02.dat (2003-06-15)
0 !HISTORY 2008-07-08 [guyvivan] Made BFC'ed and fix errors L3P and bad intersections quads underside (2006-01-03)
0 !HISTORY 2008-07-09 [guyvivan] Remove all sloped surfaces and studs for patterned variants add missing elements (2006-01-04)
0 !HISTORY 2010-07-05 [PTadmin] Official Update 2010-02

0 // Wedge  4 x  4 Triple w/o Top Angled Face


1 16 0 4 0 1 0 0 0 -1 0 0 0 1 stud3.dat
1 16 18 4 0 0 0 -2 0 4 0 1 0 0 box4-1.dat
1 16 -18 4 0 0 0 2 0 4 0 -1 0 0 box4-1.dat
1 16 -10 4 -8 1 0 0 0 4 0 0 0 2 box4-1.dat
1 16 10 4 -8 1 0 0 0 4 0 0 0 2 box4-1.dat
1 16 18 11.501 -21 2 0 0 0 0 4.499 0 1 0 rect.dat
1 16 18 11.168 -19 2 0 0 0 0 4.832 0 -1 0 rect.dat
2 24 16 7.002 -21 16 6.336 -19
4 16 16 7.002 -21 16 6.336 -19 16 16 -19 16 16 -21
1 16 18 16 -20 0 0 -2 0 -1 0 1 0 0 rect2p.dat
1 16 -18 16 -20 0 0 -2 0 -1 0 1 0 0 rect2p.dat
1 16 -18 11.501 -21 2 0 0 0 0 4.499 0 1 0 rect.dat
1 16 -18 11.168 -19 2 0 0 0 0 4.832 0 -1 0 rect.dat
2 24 -16 7.002 -21 -16 6.336 -19
4 16 -16 16 -21 -16 16 -19 -16 6.336 -19 -16 7.002 -21
1 16 10 16 -28 1 0 0 0 -1 0 0 0 2 rect.dat
1 16 -10 16 -28 1 0 0 0 -1 0 0 0 2 rect.dat
2 24 11 16 -30 11 10 -30
2 24 9 16 -30 9 10 -30
2 24 -9 16 -30 -9 10 -30
2 24 -11 16 -30 -11 10 -30
2 24 11 10 -30 11 8.668 -26
2 24 9 10 -30 9 8.668 -26
2 24 -9 10 -30 -9 8.668 -26
2 24 -11 10 -30 -11 8.668 -26
4 16 11 10 -30 11 16 -30 11 16 -26 11 8.668 -26
4 16 9 8.668 -26 9 16 -26 9 16 -30 9 10 -30
4 16 -9 10 -30 -9 16 -30 -9 16 -26 -9 8.668 -26
4 16 -11 8.668 -26 -11 16 -26 -11 16 -30 -11 10 -30
1 16 10 12.334 -26 1 0 0 0 0 -3.666 0 -1 0 rect3.dat
1 16 -10 12.334 -26 1 0 0 0 0 -3.666 0 -1 0 rect3.dat
1 16 0 6.669 -20 4 0 0 0 1 -1.332 0 0 4 4-4edge.dat
1 16 0 8.001 -20 0 0 4 0 -1.332 0 -4 0 0 4-4cyls.dat
1 16 0 8.001 -20 1 0 0 0 -1.99975 0 0 0 1 stud3a.dat
1 16 0 16.464 -50 6 0 0 0 1 -2.006 0 0 6 4-4edge.dat
1 16 0 16.464 -50 8 0 0 0 1 -2.572 0 0 8 4-4edge.dat
0 BFC INVERTNEXT
1 16 0 18.548 -50 0 0 6 0 -2.006 0 -6 0 0 4-4cyls.dat
1 16 0 19.036 -50 0 0 8 0 -2.572 0 -8 0 0 4-4cyls.dat
0 BFC INVERTNEXT
1 16 0 18.548 -50 6 0 0 0 0.488 0 0 0 6 4-4cyli.dat
1 16 0 19.036 -50 1 0 0 0 -1.241 0 0 0 1 STUD4A.dat
2 24 40 24 10 20 24 10
2 24 20 24 10 20 24 -30
2 24 -20 24 -30 -20 24 10
2 24 -20 24 10 -40 24 10
2 24 -40 24 -10 -20 24 -70
2 24 20 24 -70 40 24 -10
2 24 36 24 6 24 24 6
2 24 24 24 -10 29 24 -10
2 24 31 24 -10 36 24 -10
2 24 -36 24 6 -24 24 6
2 24 -24 24 -10 -29 24 -10
2 24 -31 24 -10 -36 24 -10
2 24 36 24 -13 22 24 -13
2 24 22 24 -13 22 24 -33
2 24 22 24 -33 18 24 -33
2 24 18 24 -33 18 24 -59
2 24 18 24 -59 20.67 24 -59
2 24 20.67 24 -59 36 24 -13
2 24 -36 24 -13 -22 24 -13
2 24 -22 24 -13 -22 24 -33
2 24 -22 24 -33 -18 24 -33
2 24 -18 24 -33 -18 24 -59
2 24 -18 24 -59 -20.67 24 -59
2 24 -20.67 24 -59 -36 24 -13
2 24 -16 24 -33 -16 24 -61
2 24 16 24 -61 16 24 -33
1 16 0 16 -12 20 0 0 0 -1 0 0 0 2 rect.dat
2 24 36 20 -13 22 6 -13
2 24 22 6 -13 22 12.667 -33
2 24 22 12.667 -33 20 10.667 -33
1 16 19 15 -46 0 0 -1 4.333 -1 0 -13 0 0 rect.dat
1 16 -19 15 -46 0 0 -1 4.333 -1 0 -13 0 0 rect.dat
2 24 20 19.333 -59 20.67 20.003 -59
2 24 20.67 20.003 -59 36 20 -13
2 24 36 20 -13 36 24 -13
2 24 22 6 -13 22 24 -13
2 24 22 12.667 -33 22 24 -33
2 24 18 10.667 -33 18 24 -33
2 24 18 19.33 -59 18 24 -59
2 24 20.67 20.003 -59 20.67 24 -59
2 24 -36 20 -13 -22 6 -13
2 24 -22 6 -13 -22 12.667 -33
2 24 -22 12.667 -33 -20 10.667 -33
2 24 -20 19.333 -59 -20.67 20.003 -59
2 24 -20.67 20.003 -59 -36 20 -13
2 24 -36 20 -13 -36 24 -13
2 24 -22 6 -13 -22 24 -13
2 24 -22 12.667 -33 -22 24 -33
2 24 -18 10.667 -33 -18 24 -33
2 24 -18 19.33 -59 -18 24 -59
2 24 -20.67 20.003 -59 -20.67 24 -59
1 16 0 8 8 20 0 0 0 -1 0 0 0 2 rect.dat
2 24 20 8 10 20 24 10
2 24 -20 8 10 -20 24 10
1 16 0 4 -2 20 0 0 0 -1 0 0 0 8 rect.dat
2 24 40 20 -10 20 20 -70
2 24 -20 20 -70 -40 20 -10
2 24 20 0 10 40 20 10
2 24 -20 0 10 -40 20 10
4 16 -22 24 -33 -20 24 -30 20 24 -30 22 24 -33
4 16 22 24 -33 20 24 -30 20 24 10 22 24 -13
4 16 -22 24 -13 -20 24 10 -20 24 -30 -22 24 -33
4 16 22 24 -13 24 24 -10 36 24 -10 36 24 -13
4 16 -36 24 -13 -36 24 -10 -24 24 -10 -22 24 -13
4 16 20 24 10 24 24 6 24 24 -10 22 24 -13
4 16 -22 24 -13 -24 24 -10 -24 24 6 -20 24 10
4 16 40 24 10 36 24 6 24 24 6 20 24 10
4 16 -20 24 10 -24 24 6 -36 24 6 -40 24 10
4 16 40 24 -10 36 24 -13 36 24 6 40 24 10
4 16 -40 24 10 -36 24 6 -36 24 -13 -40 24 -10
4 16 20 24 -70 18.33 24 -66 36 24 -13 40 24 -10
4 16 -40 24 -10 -36 24 -13 -18.33 24 -66 -20 24 -70
4 16 -20 24 -70 -18.33 24 -66 18.33 24 -66 20 24 -70
4 16 20.67 24 -59 20 24 -61 16 24 -61 18 24 -59
4 16 -18 24 -59 -16 24 -61 -20 24 -61 -20.67 24 -59
4 16 18 24 -59 16 24 -61 16 24 -33 18 24 -33
4 16 -18 24 -33 -16 24 -33 -16 24 -61 -18 24 -59
4 16 20 20 -61 18.33 20 -66 -18.33 20 -66 -20 20 -61
1 16 0 17.5 -33 16 0 0 0 0 6.5 0 1 0 rect3.dat
4 16 -16 11 -33 -16 20 -61 -16 24 -61 -16 24 -33
1 16 0 22 -66 18.33 0 0 0 0 2 0 -1 0 rect.dat
1 16 19.165 22 -63.5 0.835 1 0 0 0 2 2.5 0 0 rect2p.dat
1 16 -19.165 22 -63.5 -0.835 -1 0 0 0 2 2.5 0 0 rect2p.dat
1 16 18 22 -61 2 0 0 0 0 2 0 1 0 rect.dat
1 16 -18 22 -61 2 0 0 0 0 2 0 1 0 rect.dat
4 16 16 20 -61 16 11 -33 16 24 -33 16 24 -61
4 16 36 20 -13 22 6 -13 22 24 -13 36 24 -13
4 16 22 6 -13 22 12.667 -33 22 24 -33 22 24 -13
3 16 22 12.667 -33 20 10.667 -33 18 10.667 -33
4 16 22 12.667 -33 18 10.667 -33 18 24 -33 22 24 -33
4 16 18 10.667 -33 18 19.333 -59 18 24 -59 18 24 -33
3 16 18 19.333 -59 20 19.333 -59 20.67 20.003 -59
4 16 18 19.333 -59 20.67 20.003 -59 20.67 24 -59 18 24 -59
4 16 20.67 20.003 -59 36 20 -13 36 24 -13 20.67 24 -59
4 16 -36 24 -13 -22 24 -13 -22 6 -13 -36 20 -13
4 16 -22 24 -13 -22 24 -33 -22 12.667 -33 -22 6 -13
3 16 -18 10.667 -33 -20 10.667 -33 -22 12.667 -33
4 16 -22 24 -33 -18 24 -33 -18 10.667 -33 -22 12.667 -33
4 16 -18 24 -33 -18 24 -59 -18 19.333 -59 -18 10.667 -33
3 16 -20.67 20.003 -59 -20 19.333 -59 -18 19.333 -59
4 16 -18 24 -59 -20.67 24 -59 -20.67 20.003 -59 -18 19.333 -59
4 16 -20.67 24 -59 -36 24 -13 -36 20 -13 -20.67 20.003 -59
1 16 0 10.335 -14 0 0 20 -5.665 0 0 0 1 0 rect2p.dat
4 16 -20 4.67 -14 -20 10 -30 -20 24 -30 -20 16 -14
1 16 0 17 -30 20 0 0 0 0 7 0 -1 0 rect3.dat
4 16 20 10 -30 20 4.67 -14 20 16 -14 20 24 -30
4 16 36 24 -10 24 24 -10 24 8 -10 36 20 -10
1 16 24 16 -2 0 -1 0 0 0 8 8 0 0 rect.dat
1 16 -24 16 -2 0 1 0 0 0 8 8 0 0 rect.dat
4 16 24 24 6 36 24 6 36 20 6 24 8 6
4 16 -36 20 -10 -24 8 -10 -24 24 -10 -36 24 -10
4 16 -24 8 6 -36 20 6 -36 24 6 -24 24 6
4 16 20 24 -30 20 16 -14 20 16 -10 20 24 10
4 16 -20 24 10 -20 16 -10 -20 16 -14 -20 24 -30
1 16 0 10 -10 0 0 20 6 0 0 0 -1 0 rect2p.dat
4 16 -20 16 -10 -20 8 6 -20 4 6 -20 4 -10
1 16 0 6 6 0 0 -20 -2 0 0 0 1 0 rect2p.dat
4 16 20 8 6 20 16 -10 20 4 -10 20 4 6
4 16 20 16 -10 20 8 6 20 8 10 20 24 10
4 16 -20 24 10 -20 8 10 -20 8 6 -20 16 -10
1 16 0 15.5 -47 0 0 -16 4.5 -1 0 -14 0 0 rect.dat
1 16 0 7.335 -22 0 0 -20 2.665 -1 0 -8 0 0 rect.dat
3 16 20 20 -61 20 4 -13 36 20 -13
3 16 -36 20 -13 -20 4 -13 -20 20 -61
1 16 30 14 -2 6 0 0 6 -1 0 0 0 -8 rect2p.dat
1 16 -30 14 -2 6 0 0 -6 -1 0 0 0 -8 rect2p.dat
4 16 20 0 10 20 8 10 -20 8 10 -20 0 10
4 16 40 20 10 40 24 10 20 24 10 20 0 10
4 16 -20 0 10 -20 24 10 -40 24 10 -40 20 10
1 16 40 22 0 0 -1 0 0 0 2 10 0 0 rect.dat
1 16 36 22 -2 0 1 0 0 0 2 8 0 0 rect.dat
1 16 -36 22 -2 0 -1 0 0 0 2 8 0 0 rect.dat
1 16 -40 22 0 0 1 0 0 0 2 10 0 0 rect.dat
4 16 20 20 -70 20 24 -70 40 24 -10 40 20 -10
4 16 -40 20 -10 -40 24 -10 -20 24 -70 -20 20 -70
1 16 0 22 -70 20 0 0 0 0 2 0 1 0 rect.dat
1 16 0 0 0 20 0 0 0 1 0 0 0 10 rect.dat
1 16 -30 24 -8 1 0 0 0 -1 0 0 0 2 rect3.dat
1 16 30 24 -8 1 0 0 0 -1 0 0 0 2 rect3.dat
1 16 29 18.5 -8 0 1 0 0 0 -5.5 -2 0 0 rect3.dat
1 16 -29 18.5 -8 0 -1 0 0 0 -5.5 -2 0 0 rect3.dat
1 16 31 19.5 -8 0 -1 0 0 0 -4.5 -2 0 0 rect3.dat
1 16 -31 19.5 -8 0 1 0 0 0 -4.5 -2 0 0 rect3.dat
2 24 31 15 -6 29 13 -6
2 24 -31 15 -6 -29 13 -6
4 16 31 24 -6 29 24 -6 29 13 -6 31 15 -6
4 16 -31 15 -6 -29 13 -6 -29 24 -6 -31 24 -6
0
