0 ~Brick  4 x  4 Round - 1/8
0 Name: s\87081s01.dat
0 Author: Magnus Forsberg [MagFors]
0 !LDRAW_ORG Subpart UPDATE 2011-02
0 !LICENSE Redistributable under CCAL version 2.0 : see CAreadme.txt

0 BFC CERTIFY CCW

0 !HISTORY 2011-12-29 [PTadmin] Official Update 2011-02

0 // outside
1 16 0 0 0 7 0 0 0 1 0 0 0 7 1-8edge.dat
1 16 0 0 0 40 0 0 0 1 0 0 0 40 48\1-8edge.dat
1 16 0 0 0 7 0 0 0 1 0 0 0 7 1-8ring1.dat
1 16 0 0 0 14 0 0 0 1 0 0 0 14 48\1-8ring1.dat
1 16 0 0 0 7 0 0 0 1 0 0 0 7 48\1-8ring4.dat
1 16 0 0 0 5 0 0 0 1 0 0 0 5 48\1-8ring7.dat
1 16 0 0 0 40 0 0 0 20 0 0 0 40 48\1-8cyli.dat
1 16 0 8 0 7 0 0 0 1 0 0 0 7 1-8edge.dat
0 BFC INVERTNEXT
1 16 0 0 0 7 0 0 0 8 0 0 0 7 1-8cyli.dat
1 16 0 8 0 6 0 0 0 1 0 0 0 6 1-8edge.dat
1 16 0 8 0 1 0 0 0 1 0 0 0 1 1-8ring6.dat
0 BFC INVERTNEXT
1 16 0 8 0 6 0 0 0 12 0 0 0 6 1-8cyli.dat
0 // inside
1 16 0 4 0 10 0 0 0 1 0 0 0 10 1-8edge.dat
1 16 0 4 0 36 0 0 0 1 0 0 0 36 48\1-8edge.dat
1 16 0 4 0 7.0711 0 7.0711 0 -1 0 7.0711 0 -7.0711 1-8ring1.dat
1 16 0 4 0 7.0711 0 7.0711 0 -1 0 7.0711 0 -7.0711 48\1-8ring2.dat
1 16 0 4 0 4.2426 0 4.2426 0 -1 0 4.2426 0 -4.2426 48\1-8ring5.dat
0 BFC INVERTNEXT
1 16 0 4 0 36 0 0 0 16 0 0 0 36 48\1-8cyli.dat
1 16 0 10 0 10 0 0 0 1 0 0 0 10 1-8edge.dat
1 16 0 4 0 10 0 0 0 6 0 0 0 10 1-8cyli.dat
1 16 0 10 0 8 0 0 0 1 0 0 0 8 1-8edge.dat
1 16 0 10 0 1.4142 0 1.4142 0 -1 0 1.4142 0 -1.4142 1-8ring4.dat
1 16 0 10 0 8 0 0 0 10 0 0 0 8 1-8cyli.dat
0 // halfstud
1 16 19.998 4 19.998 4.2426 0 -4.2426 0 -20 0 -4.2426 0 -4.2426 1-4edge.dat
1 16 19.998 24 19.998 4.2426 0 -4.2426 0 -20 0 -4.2426 0 -4.2426 1-4edge.dat
1 16 19.998 4 19.998 5.6569 0 -5.6569 0 -20 0 -5.6569 0 -5.6569 1-4edge.dat
1 16 19.998 24 19.998 5.6569 0 -5.6569 0 -20 0 -5.6569 0 -5.6569 1-4edge.dat
0 BFC INVERTNEXT
1 16 19.998 24 19.998 4.2426 0 -4.2426 0 -20 0 -4.2426 0 -4.2426 1-4cyli.dat
1 16 19.998 24 19.998 5.6569 0 -5.6569 0 -20 0 -5.6569 0 -5.6569 1-4cyli.dat
1 16 19.998 24 19.998 1.4142 0 -1.4142 0 -5 0 -1.4142 0 -1.4142 1-4ring3.dat
2 24 25.654 4 14.34 28.1284 4 16.8154
2 24 24.24 4 15.754 26.7144 4 18.2294
2 24 28.1284 4 16.8154 26.7144 4 18.2294
1 16 24.947 14 15.048 -0.7071 2.47487 0 0 0 10 0.7071 2.47487 0 box4-7a.dat
0 // studbase
1 16 20 4 0 6 0 0 0 1 0 0 0 6 2-4edge.dat
0 BFC INVERTNEXT
1 16 20 4 0 6 0 0 0 16 0 0 0 6 2-4cyli.dat
1 16 20 4 0 8 0 0 0 1 0 0 0 8 2-4edge.dat
1 16 20 4 0 8 0 0 0 16 0 0 0 8 2-4cyli.dat
0 // corner
1 16 0 20 0 28.2843 0 28.2843 0 -1 0 28.2843 0 -28.2843 48\1-48edge.dat
1 16 0 20 0 28.5607 0 -21.9154 0 1 0 21.9154 0 28.5607 48\1-48edge.dat
2 24 28.56 20 21.915 29.298 20 20.811
2 24 31.733 20 24.349 32.174 20 23.689
1 16 0 24 0 40 0 0 0 1 0 0 0 40 48\1-12edge.dat
1 16 0 20 0 2.8284 0 2.8284 0 -1 0 2.8284 0 -2.8284 48\1-48rin9.dat
4 16 28.56 20 21.915 31.733 20 24.349 32.174 20 23.689 29.298 20 20.811
1 16 33.407 22 21.843 0 -14.764 -1.233 2 0 0 0 -9.864 1.8455 rect2a.dat
1 16 30.736 22 22.25 0 0.7074 -1.438 2 0 0 0 -1 -1.439 rect3.dat
1 16 30.236 22 19.405 0 0.8315 0.9395 2 0 0 0 1 -1.406 rect1.dat
4 16 34.64 24 19.998 31.176 24 17.998 29.298 24 20.811 32.174 24 23.689
1 16 0 20 0 40 0 0 0 4 0 0 0 40 48\1-12cyli.dat
0 // dent
2 24 33.259 20 13.776 32.434 20 15.451
2 24 34.772 20 9.316 33.259 20 13.776
2 24 35.196 20 7.184 34.772 20 9.316
4 16 35.691 24 4.698 39.656 24 5.22 40 24 0 36 24 0
3 16 38.636 24 10.352 39.656 24 5.22 35.691 24 4.698
4 16 35.543 24 7.704 35.926 24 9.626 38.636 24 10.352 35.691 24 4.698
3 16 35.691 24 4.698 35.196 24 7.184 35.543 24 7.704
3 16 38.636 24 10.352 35.926 24 9.626 36 24 10
3 16 36 24 10 35.543 24 12.296 38.636 24 10.352
4 16 35.543 24 12.296 34.274 24 14.197 36.956 24 15.308 38.636 24 10.352
4 16 34.243 24 14.243 34.64 24 20 36.956 24 15.308 34.274 24 14.197
4 16 34.243 24 14.243 32.434 24 15.451 31.176 24 18 34.64 24 20
4 16 35.926 20 9.626 35.543 20 7.704 35.196 20 7.184 34.772 20 9.318
4 16 36 20 10 35.926 20 9.626 34.772 20 9.318 33.26 20 13.777
4 16 33.26 20 13.777 34.274 20 14.197 35.543 20 12.296 36 20 10
4 16 34.274 20 14.197 33.26 20 13.777 32.434 20 15.451 34.243 20 14.243
1 16 35.845 22 2.349 0 0.9978 0.155 2 0 0 0 1 -2.349 rect1.dat
1 16 35.443 22 5.941 -0.247 0.9808 0 0 0 2 1.243 1 0 rect2a.dat
1 16 35.37 22 7.444 0.1735 2.08 0 0 0 2 0.26 -1.388 0 rect2p.dat
1 16 35.772 22 8.852 0.2285 0.9808 0 0 0 2 1.148 -1 0 rect2p.dat
1 16 35.772 22 11.148 -0.2285 0.9808 0 0 0 2 1.148 1 0 rect2p.dat
1 16 34.893 22 13.27 -0.65 0.8317 0 0 0 2 0.9735 1 0 rect2p.dat
1 16 33.339 22 14.847 0 0.5553 -0.9045 -2 0 0 0 1 0.604 rect3.dat
1 16 31.805 22 16.725 0 0.8967 0.629 2 0 0 0 1 -1.2745 rect1.dat
0 // optional
5 24 36 24 0 36 20 0 36 24 -4.738 35.69 24 4.698
5 24 35.69 24 4.698 35.69 20 4.698 36 24 0 34.772 24 9.317
5 24 35.543 20 7.704 35.543 24 7.704 36 20 10 34.243 20 5.757
5 24 36 20 10 36 24 10 35.543 20 12.296 35.543 20 7.704
5 24 35.543 20 12.296 35.543 24 12.296 34.243 20 14.243 36 20 10
5 24 34.243 20 14.243 34.243 24 14.243 32.296 20 15.543 35.543 20 12.296
5 24 31.176 24 18 31.176 20 18 33.26 24 13.777 28.807 24 22.108
0 // 
0 //
