0 ~Minifig Torso with SW Rebel Pilot Pattern Stripes Half
0 Name: s\973ps1s02.dat
0 Author: Daniel Goerner [TK-949]
0 !LDRAW_ORG Subpart UPDATE 2012-02
0 !LICENSE Redistributable under CCAL version 2.0 : see CAreadme.txt

0 BFC CERTIFY CCW

0 !HISTORY 2012-08-09 [PTadmin] Official Update 2012-02

4 16 10.46 11.84 -10 6.91 11.84 -10 6.91 12.56 -10 10.46 12.56 -10
3 16 10.06 10.1 -10 6.91 10.1 -10 6.91 10.82 -10
3 16 10.06 10.1 -10 6.91 10.82 -10 10.06 10.82 -10
4 16 11.15 13.59 -10 6.91 13.59 -10 6.91 14.31 -10 11.15 14.31 -10
3 16 12.45 17.04 -10 6.91 17.04 -10 6.91 17.76 -10
3 16 12.45 17.04 -10 6.91 17.76 -10 12.45 17.76 -10
4 16 11.74 15.31 -10 6.91 15.31 -10 6.91 16.03 -10 11.74 16.03 -10
3 16 6.91 7.12 -10 6.91 7.34 -10 9.6 7.34 -10
3 16 6.795 4.87 -10 6.704 5.59 -10 9.57 5.59 -10
3 16 9.57 4.87 -10 6.795 4.87 -10 9.57 5.59 -10
4 16 9.6 6.62 -10 6.86 6.98 -10 6.91 7.12 -10 9.6 7.34 -10
4 16 9.75 8.36 -10 6.91 8.36 -10 6.91 9.08 -10 9.75 9.08 -10
4 16 6.574 6.62 -10 6.55 6.81 -10 6.75 6.85 -10 9.6 6.62 -10
3 16 9.6 6.62 -10 6.75 6.85 -10 6.86 6.98 -10
4 16 13.79 18.79 -10 6.91 18.79 -10 6.91 19.51 -10 13.79 19.51 -10
3 16 0 25.71 -10 1.9 26.37 -10 3.3 26.43 -10
3 16 0 25.71 -10 0 26.35 -10 1.9 26.37 -10
4 16 12.648 25.71 -10 0 25.71 -10 3.3 26.43 -10 14.483 26.43 -10
4 16 0 6.62 -10 0 6.82 -10 3.26 6.82 -10 3.285 6.62 -10
4 16 0 4.95 -10 0 5.59 -10 3.416 5.59 -10 3.497 4.95 -10
3 16 7.939 20.51 -10 9.775 21.23 -10 15.6 21.23 -10
3 16 15.6 20.51 -10 7.939 20.51 -10 15.6 21.23 -10
4 16 12.35 22.24 -10 14.185 22.96 -10 15.95 22.96 -10 15.95 22.24 -10
4 16 0 23.99 -10 0 24.71 -10 10.097 24.71 -10 8.261 23.99 -10
4 16 17.06 27.44 -10 13.93 27.44 -10 13.93 28.16 -10 17.06 28.16 -10
