0 ~Minifig Torso without Front or Back
0 Name: s\973s01.dat
0 Author: Steve Bliss [sbliss]
0 !LDRAW_ORG Subpart UPDATE 2018-02
0 !LICENSE Redistributable under CCAL version 2.0 : see CAreadme.txt

0 BFC CERTIFY CCW

0 !HISTORY 1999-04-16 [sbliss] Moved to s\973s01.dat; removed back area; updated comment code
0 !HISTORY 1999-04-19 [sbliss] Fixed internal surface error
0 !HISTORY 1999-05-17 [PTadmin] Official Update 1999-03
0 !HISTORY 1999-05-24 [PTadmin] Official Update 1999-04
0 !HISTORY 2000-11-05 [cwdee] Removed hard-coded neck mark; now required in main part
0 !HISTORY 2001-10-26 [PTadmin] Official Update 2001-01
0 !HISTORY 2002-02-05 [cwdee] Corrected L3P -check warnings; bow-tie quads mainly
0 !HISTORY 2002-02-18 [PTadmin] Official Update 2002-01
0 !HISTORY 2002-02-19 [sbliss] Made it fully BFC compliant
0 !HISTORY 2002-04-25 [PTadmin] Official Update 2002-02
0 !HISTORY 2007-09-14 [PTadmin] Header formatted for Contributor Agreement
0 !HISTORY 2008-07-01 [PTadmin] Official Update 2008-01
0 !HISTORY 2018-11-15 [Steffen] minor polish
0 !HISTORY 2018-11-17 [Philo] Removed bottom bleeding, useless t-juctions, used more primitives
0 !HISTORY 2018-12-08 [PTadmin] Official Update 2018-02

0 // front:
0 // 4 16 -19 29 -10 19 32 -10 -19 32 -10 19 29 -10
0 // 4 16 19 29 -10 -19 29 -10 -14.345 2 -10 14.345 2 -10
0 // 4 16 -14.345 2 -10 -12 0 -10 12 0 -10 14.345 2 -10
0 // back:
0 // 4 16 19 29 10 -19 32 10 19 32 10 -19 29 10
0 // 4 16 -19 29 10 19 29 10 -14.345 2 10 14.345 2 10
0 // 4 16 -14.345 2 10 12 0 10 -12 0 10 14.345 2 10
0 // neck mark:
0 // 1 16 0 -4 0 4.243 0 -4.243 0 -8 0 -4.243 0 -4.243 1-4cyli.dat

2 24 -19 32 -10 19 32 -10
2 24 19 32 10 -19 32 10
2 24 -16 32 -6 -6.536 32 -6
2 24 6.536 32 -6 16 32 -6
2 24 16 32 6 6.536 32 6
2 24 -6.536 32 6 -16 32 6
2 24 -6.536 32 -6 -6.536 3 -6
2 24 6.536 32 -6 6.536 3 -6
2 24 -6.536 32 6 -6.536 3 6
2 24 6.536 32 6 6.536 3 6
2 24 -12.484 3 -6 -6.536 3 -6
2 24 6.536 3 -6 12.484 3 -6
2 24 12.484 3 6 6.536 3 6
2 24 -6.536 3 6 -12.484 3 6
2 24 -12.484 3 -6 -16 23.37 -6
2 24 -12.484 3 6 -16 23.37 6
2 24 12.484 3 6 16 23.37 6
2 24 12.484 3 -6 16 23.37 -6
2 24 -19 29 -10 -14.345 2 -10
2 24 -19 29 10 -14.345 2 10
2 24 19 29 -10 14.345 2 -10
2 24 19 29 10 14.345 2 10
2 24 -14.345 2 -10 -14 0 -8
2 24 -14.345 2 -10 -12 0 -10
2 24 -14.345 2 10 -14 0 8
2 24 -14.345 2 10 -12 0 10
2 24 14.345 2 -10 14 0 -8
2 24 14.345 2 -10 12 0 -10
2 24 14.345 2 10 14 0 8
2 24 14.345 2 10 12 0 10
2 24 -14 0 -8 -14 0 8
2 24 -14 0 8 -12 0 10
2 24 12 0 10 14 0 8
2 24 14 0 8 14 0 -8
2 24 14 0 -8 12 0 -10
2 24 -12 0 -10 -14 0 -8
4 16 16 32 -6 19 32 -10 -19 32 -10 -16 32 -6
4 16 16 32 6 19 32 10 19 32 -10 16 32 -6
4 16 -16 32 6 -19 32 10 19 32 10 16 32 6
4 16 -16 32 -6 -19 32 -10 -19 32 10 -16 32 6
1 16 -16 27.685 0 0 -1 0 0 0 -4.315 6 0 0 rect.dat
1 16 16 27.685 0 0 1 0 4.315 0 0 0 0 -6 rect.dat
1 16 0 3 0 0 0 -12.484 0 -1 0 -6 0 0 rect2p.dat
1 16 19 30.5 0 0 -1 0 0 0 -1.5 10 0 0 rect.dat
1 16 -19 30.5 0 0 1 0 0 0 -1.5 -10 0 0 rect.dat
4 16 -14 0 8 -14.345 2 10 -14.345 2 -10 -14 0 -8
4 16 14.345 2 -10 14.345 2 10 14 0 8 14 0 -8
4 16 -14 0 -8 -12 0 -10 -12 0 10 -14 0 8
1 16 0 0 0 -12 0 0 0 1 0 0 0 -10 rect2p.dat
4 16 14 0 8 12 0 10 12 0 -10 14 0 -8
3 16 -14 0 -8 -14.345 2 -10 -12 0 -10
3 16 14 0 -8 12 0 -10 14.345 2 -10
3 16 14 0 8 14.345 2 10 12 0 10
3 16 -14 0 8 -12 0 10 -14.345 2 10
1 16 0 0 0 6 0 0 0 1 0 0 0 6 4-4edge.dat
1 16 0 -12 0 6 0 0 0 1 0 0 0 6 4-4edge.dat
1 16 0 0 0 6 0 0 0 -4 0 0 0 6 4-4cyli.dat
1 16 0 -4 0 4.243 0 4.243 0 -8 0 -4.243 0 4.243 3-4cyli.dat
1 16 0 -12 0 6 0 0 0 1 0 0 0 6 4-4disc.dat
0 BFC INVERTNEXT
1 16 13.558 9.221 0 0.85 1.97 0 4.925 -0.34 0 0 0 5 4-4cylo.dat
1 16 13.558 9.221 0 0.85 0 0 4.925 -1 0 0 0 5 4-4ndis.dat
1 16 15.528 8.881 0 0.85 0 0 4.925 1 0 0 0 5 4-4ndis.dat

0 BFC INVERTNEXT
1 16 -13.558 9.221 0 -0.85 -1.97 0 4.925 -0.34 0 0 0 5 4-4cylo.dat
1 16 -13.558 9.221 0 -0.85 0 0 4.925 -1 0 0 0 5 4-4ndis.dat
1 16 -15.528 8.881 0 -0.85 0 0 4.925 1 0 0 0 5 4-4ndis.dat
4 16 -14.345 2 10 -14.678 3.956 5 -14.678 3.956 -5 -14.345 2 -10
4 16 -19 29 -10 -14.345 2 -10 -14.678 3.956 -5 -16.378 13.806 -5
4 16 -19 29 -10 -16.378 13.806 -5 -16.378 13.806 5 -19 29 10
4 16 -19 29 10 -16.378 13.806 5 -14.678 3.956 5 -14.345 2 10
4 16 -12.484 3 -6 -12.708 4.296 -5 -12.708 4.296 5 -12.484 3 6
4 16 -12.484 3 6 -12.708 4.296 5 -14.408 14.146 5 -16 23.37 6
4 16 -16 23.37 -6 -16 23.37 6 -14.408 14.146 5 -14.408 14.146 -5
4 16 -16 23.37 -6 -14.408 14.146 -5 -12.708 4.296 -5 -12.484 3 -6
4 16 14.678 3.956 -5 14.678 3.956 5 14.345 2 10 14.345 2 -10
4 16 14.678 3.956 -5 14.345 2 -10 19 29 -10 16.378 13.806 -5
4 16 16.378 13.806 5 16.378 13.806 -5 19 29 -10 19 29 10
4 16 14.678 3.956 5 16.378 13.806 5 19 29 10 14.345 2 10
4 16 12.708 4.296 5 12.708 4.296 -5 12.484 3 -6 12.484 3 6
4 16 14.408 14.146 5 12.708 4.296 5 12.484 3 6 16 23.37 6
4 16 14.408 14.146 5 16 23.37 6 16 23.37 -6 14.408 14.146 -5
4 16 12.708 4.296 -5 14.408 14.146 -5 16 23.37 -6 12.484 3 -6
1 16 4 3 3.464 2.536 0 0 0 29 0 2.536 0 2.536 tri3a4.dat
1 16 -4 3 3.464 -2.536 0 0 0 29 0 2.536 0 2.536 tri3a4.dat
1 16 4 3 -3.464 2.536 0 0 0 29 0 -2.536 0 -2.536 tri3a4.dat
1 16 -4 3 -3.464 -2.536 0 0 0 29 0 -2.536 0 -2.536 tri3a4.dat
4 16 -6.536 32 -6 -16 32 -6 -12.484 3 -6 -6.536 3 -6
3 16 -16 23.37 -6 -12.484 3 -6 -16 32 -6
4 16 12.484 3 -6 16 32 -6 6.536 32 -6 6.536 3 -6
3 16 12.484 3 -6 16 23.37 -6 16 32 -6
1 16 0 17.5 -6 -4 0 0 0 0 -14.5 0 -1 0 rect.dat
4 16 -12.484 3 6 -16 32 6 -6.536 32 6 -6.536 3 6
3 16 -12.484 3 6 -16 23.37 6 -16 32 6
4 16 6.536 32 6 16 32 6 12.484 3 6 6.536 3 6
3 16 16 23.37 6 12.484 3 6 16 32 6
1 16 0 17.5 6 0 0 4 14.5 0 0 0 1 0 rect.dat
