0 ~Click Lock Hinge Half Dual Finger
0 Name: s\swh1.dat
0 Author: John Van Zwieten [jvan]
0 !LDRAW_ORG Subpart UPDATE 1999-05
0 !LICENSE Redistributable under CCAL version 2.0 : see CAreadme.txt

0 !HISTORY 1999-07-05 [PTadmin] Official Update 1999-05
0 !HISTORY 2007-12-30 [PTadmin] Header formatted for Contributor Agreement
0 !HISTORY 2008-07-01 [PTadmin] Official Update 2008-01

 1 16 8 0 5.85 0 -1 0 0.25 0 0 0 0 0.15 2-4edge.DAT
 1 16 8 0 5.85 0 -1 0 0.25 0 0 0 0 0.15 2-4disc.DAT
 1 16 8 1.121 5.641 0 -1 0 0.883 0 -0.117 -0.176 0 -0.589 2-4edge.DAT
 1 16 8 1.121 5.641 0 -1 0 0.883 0 -0.117 -0.176 0 -0.589 2-4ndis.DAT
 4 16 8 1.887 4.877 8 0.121 5.228 8 0.043 4.835 8 1.809 4.484
 2 24 8 0.25 5.85 8 0.238 5.817
 2 24 8 -0.25 5.85 8 -0.238 5.817
 4 16 8 0.25 5.85 8 0.238 5.817 8 -0.238 5.817 8 -0.25 5.85
 4 16 8 0.238 5.817 8 -0.238 5.817 8 -0.043 4.835 8 0.043 4.835
 1 16 8 2.241 5.405 0 -1 0 0.231 0 0.057 -0.096 0 0.139 2-4edge.DAT
 1 16 8 2.241 5.405 0 -1 0 0.231 0 0.057 -0.096 0 0.139 2-4disc.DAT
 1 16 8 3.196 4.783 0 -1 0 0.748 0 -0.334 -0.501 0 -0.499 2-4edge.DAT
 1 16 8 3.196 4.783 0 -1 0 0.748 0 -0.334 -0.501 0 -0.499 2-4ndis.DAT
 4 16 8 3.611 3.784 8 2.114 4.784 8 1.892 4.451 8 3.389 3.45
 2 24 8 2.472 5.31 8 2.448 5.284
 2 24 8 2.01 5.501 8 2.008 5.466
 4 16 8 2.472 5.31 8 2.448 5.284 8 2.008 5.466 8 2.01 5.501
 4 16 8 2.448 5.284 8 2.008 5.466 8 1.812 4.484 8 1.892 4.451
 1 16 8 4.136 4.136 0 -1 0 0.177 0 0.106 -0.177 0 0.106 2-4edge.DAT
 1 16 8 4.136 4.136 0 -1 0 0.177 0 0.106 -0.177 0 0.106 2-4disc.DAT
 1 16 8 4.781 3.196 0 -1 0 0.5 0 -0.499 -0.749 0 -0.334 2-4edge.DAT
 1 16 8 4.781 3.196 0 -1 0 0.5 0 -0.499 -0.749 0 -0.334 2-4ndis.DAT
 4 16 8 4.782 2.114 8 3.782 3.611 8 3.449 3.388 8 4.449 1.891
 2 24 8 4.313 3.959 8 4.281 3.944
 2 24 8 3.959 4.313 8 3.944 4.281
 4 16 8 4.313 3.959 8 4.281 3.944 8 3.944 4.281 8 3.959 4.313
 4 16 8 4.281 3.944 8 3.944 4.281 8 3.388 3.449 8 3.449 3.388
 1 16 8 5.405 2.241 0 -1 0 0.096 0 0.139 -0.231 0 0.057 2-4edge.DAT
 1 16 8 5.405 2.241 0 -1 0 0.096 0 0.139 -0.231 0 0.057 2-4disc.DAT
 1 16 8 5.642 1.125 0 -1 0 0.176 0 -0.589 -0.883 0 -0.117 2-4edge.DAT
 1 16 8 5.642 1.125 0 -1 0 0.176 0 -0.589 -0.883 0 -0.117 2-4ndis.DAT
 4 16 8 5.229 0.124 8 4.877 1.891 8 4.484 1.812 8 4.836 0.046
 2 24 8 5.501 2.01 8 5.466 2.008
 2 24 8 5.31 2.472 8 5.284 2.448
 4 16 8 5.501 2.01 8 5.466 2.008 8 5.284 2.448 8 5.31 2.472
 4 16 8 5.466 2.008 8 5.284 2.448 8 4.451 1.892 8 4.484 1.812
 1 16 8 -2.241 5.405 0 -1 0 0.231 0 -0.057 0.096 0 0.139 2-4edge.DAT
 1 16 8 -2.241 5.405 0 -1 0 0.231 0 -0.057 0.096 0 0.139 2-4disc.DAT
 1 16 8 -1.125 5.642 0 -1 0 0.883 0 0.117 0.176 0 -0.589 2-4edge.DAT
 1 16 8 -1.125 5.642 0 -1 0 0.883 0 0.117 0.176 0 -0.589 2-4ndis.DAT
 4 16 8 -0.124 5.229 8 -1.891 4.877 8 -1.812 4.484 8 -0.046 4.836
 2 24 8 -2.01 5.501 8 -2.008 5.466
 2 24 8 -2.472 5.31 8 -2.448 5.284
 4 16 8 -2.01 5.501 8 -2.008 5.466 8 -2.448 5.284 8 -2.472 5.31
 4 16 8 -2.008 5.466 8 -2.448 5.284 8 -1.892 4.451 8 -1.812 4.484
 1 16 8 -4.136 4.136 0 -1 0 0.177 0 -0.106 0.177 0 0.106 2-4edge.DAT
 1 16 8 -4.136 4.136 0 -1 0 0.177 0 -0.106 0.177 0 0.106 2-4disc.DAT
 1 16 8 -3.196 4.781 0 -1 0 0.749 0 0.334 0.5 0 -0.499 2-4edge.DAT
 1 16 8 -3.196 4.781 0 -1 0 0.749 0 0.334 0.5 0 -0.499 2-4ndis.DAT
 4 16 8 -2.114 4.782 8 -3.611 3.782 8 -3.388 3.449 8 -1.891 4.449
 2 24 8 -3.959 4.313 8 -3.944 4.281
 2 24 8 -4.313 3.959 8 -4.281 3.944
 4 16 8 -3.959 4.313 8 -3.944 4.281 8 -4.281 3.944 8 -4.313 3.959
 4 16 8 -3.944 4.281 8 -4.281 3.944 8 -3.449 3.388 8 -3.388 3.449
 1 16 8 -5.405 2.241 0 -1 0 0.096 0 -0.139 0.231 0 0.057 2-4edge.DAT
 1 16 8 -5.405 2.241 0 -1 0 0.096 0 -0.139 0.231 0 0.057 2-4disc.DAT
 1 16 8 -4.783 3.196 0 -1 0 0.501 0 0.499 0.748 0 -0.334 2-4edge.DAT
 1 16 8 -4.783 3.196 0 -1 0 0.501 0 0.499 0.748 0 -0.334 2-4ndis.DAT
 4 16 8 -3.784 3.611 8 -4.784 2.114 8 -4.451 1.892 8 -3.45 3.389
 2 24 8 -5.31 2.472 8 -5.284 2.448
 2 24 8 -5.501 2.01 8 -5.466 2.008
 4 16 8 -5.31 2.472 8 -5.284 2.448 8 -5.466 2.008 8 -5.501 2.01
 4 16 8 -5.284 2.448 8 -5.466 2.008 8 -4.484 1.812 8 -4.451 1.892
 1 16 8 -5.85 0 0 -1 0 0 0 -0.15 0.25 0 0 2-4edge.DAT
 1 16 8 -5.85 0 0 -1 0 0 0 -0.15 0.25 0 0 2-4disc.DAT
 1 16 8 -5.641 1.121 0 -1 0 0.176 0 0.589 0.883 0 -0.117 2-4edge.DAT
 1 16 8 -5.641 1.121 0 -1 0 0.176 0 0.589 0.883 0 -0.117 2-4ndis.DAT
 4 16 8 -4.877 1.887 8 -5.228 0.121 8 -4.835 0.043 8 -4.484 1.809
 2 24 8 -5.85 0.25 8 -5.817 0.238
 2 24 8 -5.85 -0.25 8 -5.817 -0.238
 4 16 8 -5.85 0.25 8 -5.817 0.238 8 -5.817 -0.238 8 -5.85 -0.25
 4 16 8 -5.817 0.238 8 -5.817 -0.238 8 -4.835 -0.043 8 -4.835 0.043
 1 16 8 5.85 0 0 -1 0 0 0 0.15 -0.25 0 0 2-4edge.DAT
 1 16 8 5.85 0 0 -1 0 0 0 0.15 -0.25 0 0 2-4disc.DAT
 1 16 8 5.641 -1.121 0 -1 0 -0.176 0 -0.589 -0.883 0 0.117 2-4edge.DAT
 1 16 8 5.641 -1.121 0 -1 0 -0.176 0 -0.589 -0.883 0 0.117 2-4ndis.DAT
 4 16 8 4.877 -1.887 8 5.228 -0.121 8 4.835 -0.043 8 4.484 -1.809
 2 24 8 5.85 -0.25 8 5.817 -0.238
 2 24 8 5.85 0.25 8 5.817 0.238
 4 16 8 5.85 -0.25 8 5.817 -0.238 8 5.817 0.238 8 5.85 0.25
 4 16 8 5.817 -0.238 8 5.817 0.238 8 4.835 0.043 8 4.835 -0.043
 1 16 8 -5.85 0 0 -1 0 0 0 -0.15 -0.25 0 0 2-4edge.DAT
 1 16 8 -5.85 0 0 -1 0 0 0 -0.15 -0.25 0 0 2-4disc.DAT
 1 16 8 -5.641 -1.121 0 -1 0 0.176 0 0.589 -0.883 0 0.117 2-4edge.DAT
 1 16 8 -5.641 -1.121 0 -1 0 0.176 0 0.589 -0.883 0 0.117 2-4ndis.DAT
 4 16 8 -4.877 -1.887 8 -5.228 -0.121 8 -4.835 -0.043 8 -4.484 -1.809
 2 24 8 -5.85 -0.25 8 -5.817 -0.238
 2 24 8 -5.85 0.25 8 -5.817 0.238
 4 16 8 -5.85 -0.25 8 -5.817 -0.238 8 -5.817 0.238 8 -5.85 0.25
 4 16 8 -5.817 -0.238 8 -5.817 0.238 8 -4.835 0.043 8 -4.835 -0.043
0
 2 24 8 -5.465 -2.004 8 -6 -2.2
 2 24 8 5.465 -2.004 8 6 -2.2
 4 16 8 -6 -2.2 8 -5.465 -2.004 8 -4.876 -1.887 8 -4.484 -1.809
 3 16 8 -6 -2.2 8 -4.484 -1.809 8 -4.484 -2.2
 4 16 8 6 -2.2 8 5.465 -2.004 8 4.876 -1.887 8 4.484 -1.809
 3 16 8 6 -2.2 8 4.484 -1.809 8 4.484 -2.2
0
 1 16 8 0 5.85 0 -4 0 0.25 0 0 0 0 0.15 2-4cyli.DAT
 1 16 8 1.121 5.641 0 -4 0 0.883 0 -0.117 -0.176 0 -0.589 2-4cyli.DAT
 4 16 8 0.25 5.85 8 0.238 5.817 4 0.238 5.817 4 0.25 5.85
 4 16 8 -0.25 5.85 8 -0.238 5.817 4 -0.238 5.817 4 -0.25 5.85
 1 16 8 2.241 5.405 0 -4 0 0.231 0 0.057 -0.096 0 0.139 2-4cyli.DAT
 1 16 8 3.196 4.783 0 -4 0 0.748 0 -0.334 -0.501 0 -0.499 2-4cyli.DAT
 4 16 8 2.472 5.31 8 2.448 5.284 4 2.448 5.284 4 2.472 5.31
 4 16 8 2.01 5.501 8 2.008 5.466 4 2.008 5.466 4 2.01 5.501
 1 16 8 4.136 4.136 0 -4 0 0.177 0 0.106 -0.177 0 0.106 2-4cyli.DAT
 1 16 8 4.781 3.196 0 -4 0 0.5 0 -0.499 -0.749 0 -0.334 2-4cyli.DAT
 4 16 8 4.313 3.959 8 4.281 3.944 4 4.281 3.944 4 4.313 3.959
 4 16 8 3.959 4.313 8 3.944 4.281 4 3.944 4.281 4 3.959 4.313
 1 16 8 5.405 2.241 0 -4 0 0.096 0 0.139 -0.231 0 0.057 2-4cyli.DAT
 1 16 8 5.642 1.125 0 -4 0 0.176 0 -0.589 -0.883 0 -0.117 2-4cyli.DAT
 4 16 8 5.501 2.01 8 5.466 2.008 4 5.466 2.008 4 5.501 2.01
 4 16 8 5.31 2.472 8 5.284 2.448 4 5.284 2.448 4 5.31 2.472
 1 16 8 -2.241 5.405 0 -4 0 0.231 0 -0.057 0.096 0 0.139 2-4cyli.DAT
 1 16 8 -1.125 5.642 0 -4 0 0.883 0 0.117 0.176 0 -0.589 2-4cyli.DAT
 4 16 8 -2.01 5.501 8 -2.008 5.466 4 -2.008 5.466 4 -2.01 5.501
 4 16 8 -2.472 5.31 8 -2.448 5.284 4 -2.448 5.284 4 -2.472 5.31
 1 16 8 -4.136 4.136 0 -4 0 0.177 0 -0.106 0.177 0 0.106 2-4cyli.DAT
 1 16 8 -3.196 4.781 0 -4 0 0.749 0 0.334 0.5 0 -0.499 2-4cyli.DAT
 4 16 8 -3.959 4.313 8 -3.944 4.281 4 -3.944 4.281 4 -3.959 4.313
 4 16 8 -4.313 3.959 8 -4.281 3.944 4 -4.281 3.944 4 -4.313 3.959
 1 16 8 -5.405 2.241 0 -4 0 0.096 0 -0.139 0.231 0 0.057 2-4cyli.DAT
 1 16 8 -4.783 3.196 0 -4 0 0.501 0 0.499 0.748 0 -0.334 2-4cyli.DAT
 4 16 8 -5.31 2.472 8 -5.284 2.448 4 -5.284 2.448 4 -5.31 2.472
 4 16 8 -5.501 2.01 8 -5.466 2.008 4 -5.466 2.008 4 -5.501 2.01
 1 16 8 -5.85 0 0 -4 0 0 0 -0.15 0.25 0 0 2-4cyli.DAT
 1 16 8 -5.641 1.121 0 -4 0 0.176 0 0.589 0.883 0 -0.117 2-4cyli.DAT
 4 16 8 -5.85 0.25 8 -5.817 0.238 4 -5.817 0.238 4 -5.85 0.25
 4 16 8 -5.85 -0.25 8 -5.817 -0.238 4 -5.817 -0.238 4 -5.85 -0.25
 1 16 8 5.85 0 0 -4 0 0 0 0.15 -0.25 0 0 2-4cyli.DAT
 1 16 8 5.641 -1.121 0 -4 0 -0.176 0 -0.589 -0.883 0 0.117 2-4cyli.DAT
 4 16 8 5.85 -0.25 8 5.817 -0.238 4 5.817 -0.238 4 5.85 -0.25
 4 16 8 5.85 0.25 8 5.817 0.238 4 5.817 0.238 4 5.85 0.25
 1 16 8 -5.85 0 0 -4 0 0 0 -0.15 -0.25 0 0 2-4cyli.DAT
 1 16 8 -5.641 -1.121 0 -4 0 0.176 0 0.589 -0.883 0 0.117 2-4cyli.DAT
 4 16 8 -5.85 -0.25 8 -5.817 -0.238 4 -5.817 -0.238 4 -5.85 -0.25
 4 16 8 -5.85 0.25 8 -5.817 0.238 4 -5.817 0.238 4 -5.85 0.25
0
 4 16 8 -5.465 -2.004 8 -6 -2.2 4 -5.465 -2.004 4 -6 -2.2
 4 16 8 5.465 -2.004 8 6 -2.2 4 5.465 -2.004 4 6 -2.2
0
 1 16 4 0 5.85 0 -1 0 0.25 0 0 0 0 0.15 2-4edge.DAT
 1 16 4 0 5.85 0 -1 0 0.25 0 0 0 0 0.15 2-4disc.DAT
 1 16 4 1.121 5.641 0 -1 0 0.883 0 -0.117 -0.176 0 -0.589 2-4edge.DAT
 1 16 4 1.121 5.641 0 -1 0 0.883 0 -0.117 -0.176 0 -0.589 2-4ndis.DAT
 4 16 4 1.887 4.877 4 0.121 5.228 4 0.043 4.835 4 1.809 4.484
 2 24 4 0.25 5.85 4 0.238 5.817
 2 24 4 -0.25 5.85 4 -0.238 5.817
 4 16 4 0.25 5.85 4 0.238 5.817 4 -0.238 5.817 4 -0.25 5.85
 4 16 4 0.238 5.817 4 -0.238 5.817 4 -0.043 4.835 4 0.043 4.835
 1 16 4 2.241 5.405 0 -1 0 0.231 0 0.057 -0.096 0 0.139 2-4edge.DAT
 1 16 4 2.241 5.405 0 -1 0 0.231 0 0.057 -0.096 0 0.139 2-4disc.DAT
 1 16 4 3.196 4.783 0 -1 0 0.748 0 -0.334 -0.501 0 -0.499 2-4edge.DAT
 1 16 4 3.196 4.783 0 -1 0 0.748 0 -0.334 -0.501 0 -0.499 2-4ndis.DAT
 4 16 4 3.611 3.784 4 2.114 4.784 4 1.892 4.451 4 3.389 3.45
 2 24 4 2.472 5.31 4 2.448 5.284
 2 24 4 2.01 5.501 4 2.008 5.466
 4 16 4 2.472 5.31 4 2.448 5.284 4 2.008 5.466 4 2.01 5.501
 4 16 4 2.448 5.284 4 2.008 5.466 4 1.812 4.484 4 1.892 4.451
 1 16 4 4.136 4.136 0 -1 0 0.177 0 0.106 -0.177 0 0.106 2-4edge.DAT
 1 16 4 4.136 4.136 0 -1 0 0.177 0 0.106 -0.177 0 0.106 2-4disc.DAT
 1 16 4 4.781 3.196 0 -1 0 0.5 0 -0.499 -0.749 0 -0.334 2-4edge.DAT
 1 16 4 4.781 3.196 0 -1 0 0.5 0 -0.499 -0.749 0 -0.334 2-4ndis.DAT
 4 16 4 4.782 2.114 4 3.782 3.611 4 3.449 3.388 4 4.449 1.891
 2 24 4 4.313 3.959 4 4.281 3.944
 2 24 4 3.959 4.313 4 3.944 4.281
 4 16 4 4.313 3.959 4 4.281 3.944 4 3.944 4.281 4 3.959 4.313
 4 16 4 4.281 3.944 4 3.944 4.281 4 3.388 3.449 4 3.449 3.388
 1 16 4 5.405 2.241 0 -1 0 0.096 0 0.139 -0.231 0 0.057 2-4edge.DAT
 1 16 4 5.405 2.241 0 -1 0 0.096 0 0.139 -0.231 0 0.057 2-4disc.DAT
 1 16 4 5.642 1.125 0 -1 0 0.176 0 -0.589 -0.883 0 -0.117 2-4edge.DAT
 1 16 4 5.642 1.125 0 -1 0 0.176 0 -0.589 -0.883 0 -0.117 2-4ndis.DAT
 4 16 4 5.229 0.124 4 4.877 1.891 4 4.484 1.812 4 4.836 0.046
 2 24 4 5.501 2.01 4 5.466 2.008
 2 24 4 5.31 2.472 4 5.284 2.448
 4 16 4 5.501 2.01 4 5.466 2.008 4 5.284 2.448 4 5.31 2.472
 4 16 4 5.466 2.008 4 5.284 2.448 4 4.451 1.892 4 4.484 1.812
 1 16 4 -2.241 5.405 0 -1 0 0.231 0 -0.057 0.096 0 0.139 2-4edge.DAT
 1 16 4 -2.241 5.405 0 -1 0 0.231 0 -0.057 0.096 0 0.139 2-4disc.DAT
 1 16 4 -1.125 5.642 0 -1 0 0.883 0 0.117 0.176 0 -0.589 2-4edge.DAT
 1 16 4 -1.125 5.642 0 -1 0 0.883 0 0.117 0.176 0 -0.589 2-4ndis.DAT
 4 16 4 -0.124 5.229 4 -1.891 4.877 4 -1.812 4.484 4 -0.046 4.836
 2 24 4 -2.01 5.501 4 -2.008 5.466
 2 24 4 -2.472 5.31 4 -2.448 5.284
 4 16 4 -2.01 5.501 4 -2.008 5.466 4 -2.448 5.284 4 -2.472 5.31
 4 16 4 -2.008 5.466 4 -2.448 5.284 4 -1.892 4.451 4 -1.812 4.484
 1 16 4 -4.136 4.136 0 -1 0 0.177 0 -0.106 0.177 0 0.106 2-4edge.DAT
 1 16 4 -4.136 4.136 0 -1 0 0.177 0 -0.106 0.177 0 0.106 2-4disc.DAT
 1 16 4 -3.196 4.781 0 -1 0 0.749 0 0.334 0.5 0 -0.499 2-4edge.DAT
 1 16 4 -3.196 4.781 0 -1 0 0.749 0 0.334 0.5 0 -0.499 2-4ndis.DAT
 4 16 4 -2.114 4.782 4 -3.611 3.782 4 -3.388 3.449 4 -1.891 4.449
 2 24 4 -3.959 4.313 4 -3.944 4.281
 2 24 4 -4.313 3.959 4 -4.281 3.944
 4 16 4 -3.959 4.313 4 -3.944 4.281 4 -4.281 3.944 4 -4.313 3.959
 4 16 4 -3.944 4.281 4 -4.281 3.944 4 -3.449 3.388 4 -3.388 3.449
 1 16 4 -5.405 2.241 0 -1 0 0.096 0 -0.139 0.231 0 0.057 2-4edge.DAT
 1 16 4 -5.405 2.241 0 -1 0 0.096 0 -0.139 0.231 0 0.057 2-4disc.DAT
 1 16 4 -4.783 3.196 0 -1 0 0.501 0 0.499 0.748 0 -0.334 2-4edge.DAT
 1 16 4 -4.783 3.196 0 -1 0 0.501 0 0.499 0.748 0 -0.334 2-4ndis.DAT
 4 16 4 -3.784 3.611 4 -4.784 2.114 4 -4.451 1.892 4 -3.45 3.389
 2 24 4 -5.31 2.472 4 -5.284 2.448
 2 24 4 -5.501 2.01 4 -5.466 2.008
 4 16 4 -5.31 2.472 4 -5.284 2.448 4 -5.466 2.008 4 -5.501 2.01
 4 16 4 -5.284 2.448 4 -5.466 2.008 4 -4.484 1.812 4 -4.451 1.892
 1 16 4 -5.85 0 0 -1 0 0 0 -0.15 0.25 0 0 2-4edge.DAT
 1 16 4 -5.85 0 0 -1 0 0 0 -0.15 0.25 0 0 2-4disc.DAT
 1 16 4 -5.641 1.121 0 -1 0 0.176 0 0.589 0.883 0 -0.117 2-4edge.DAT
 1 16 4 -5.641 1.121 0 -1 0 0.176 0 0.589 0.883 0 -0.117 2-4ndis.DAT
 4 16 4 -4.877 1.887 4 -5.228 0.121 4 -4.835 0.043 4 -4.484 1.809
 2 24 4 -5.85 0.25 4 -5.817 0.238
 2 24 4 -5.85 -0.25 4 -5.817 -0.238
 4 16 4 -5.85 0.25 4 -5.817 0.238 4 -5.817 -0.238 4 -5.85 -0.25
 4 16 4 -5.817 0.238 4 -5.817 -0.238 4 -4.835 -0.043 4 -4.835 0.043
 1 16 4 5.85 0 0 -1 0 0 0 0.15 -0.25 0 0 2-4edge.DAT
 1 16 4 5.85 0 0 -1 0 0 0 0.15 -0.25 0 0 2-4disc.DAT
 1 16 4 5.641 -1.121 0 -1 0 -0.176 0 -0.589 -0.883 0 0.117 2-4edge.DAT
 1 16 4 5.641 -1.121 0 -1 0 -0.176 0 -0.589 -0.883 0 0.117 2-4ndis.DAT
 4 16 4 4.877 -1.887 4 5.228 -0.121 4 4.835 -0.043 4 4.484 -1.809
 2 24 4 5.85 -0.25 4 5.817 -0.238
 2 24 4 5.85 0.25 4 5.817 0.238
 4 16 4 5.85 -0.25 4 5.817 -0.238 4 5.817 0.238 4 5.85 0.25
 4 16 4 5.817 -0.238 4 5.817 0.238 4 4.835 0.043 4 4.835 -0.043
 1 16 4 -5.85 0 0 -1 0 0 0 -0.15 -0.25 0 0 2-4edge.DAT
 1 16 4 -5.85 0 0 -1 0 0 0 -0.15 -0.25 0 0 2-4disc.DAT
 1 16 4 -5.641 -1.121 0 -1 0 0.176 0 0.589 -0.883 0 0.117 2-4edge.DAT
 1 16 4 -5.641 -1.121 0 -1 0 0.176 0 0.589 -0.883 0 0.117 2-4ndis.DAT
 4 16 4 -4.877 -1.887 4 -5.228 -0.121 4 -4.835 -0.043 4 -4.484 -1.809
 2 24 4 -5.85 -0.25 4 -5.817 -0.238
 2 24 4 -5.85 0.25 4 -5.817 0.238
 4 16 4 -5.85 -0.25 4 -5.817 -0.238 4 -5.817 0.238 4 -5.85 0.25
 4 16 4 -5.817 -0.238 4 -5.817 0.238 4 -4.835 0.043 4 -4.835 -0.043
0
 2 24 4 -5.465 -2.004 4 -6 -2.2
 2 24 4 5.465 -2.004 4 6 -2.2
 4 16 4 -6 -2.2 4 -5.465 -2.004 4 -4.876 -1.887 4 -4.484 -1.809
 3 16 4 -6 -2.2 4 -4.484 -1.809 4 -4.484 -2.2
 4 16 4 6 -2.2 4 5.465 -2.004 4 4.876 -1.887 4 4.484 -1.809
 3 16 4 6 -2.2 4 4.484 -1.809 4 4.484 -2.2
0
1 16 8 0 0 0 -1 0 5 0 0 0 0 5 2-4disc.dat
4 16 8 5 0 8 5 -2.2 8 -5 -2.2 8 -5 0
1 16 4 0 0 0 -1 0 5 0 0 0 0 5 2-4disc.dat
4 16 4 5 0 4 5 -2.2 4 -5 -2.2 4 -5 0
1 16 3 0 0 0 -1 0 3 0 0 0 0 3 4-4edge.dat
1 16 4 0 0 0 -1 0 4 0 0 0 0 4 4-4edge.dat
1 16 4 0 0 0 -1 0 1 0 0 0 0 1 1-4con3.dat
1 16 4 0 0 0 -1 0 -1 0 0 0 0 1 1-4con3.dat
1 16 4 0 0 0 -1 0 1 0 0 0 0 -1 1-4con3.dat
1 16 4 0 0 0 -1 0 -1 0 0 0 0 -1 1-4con3.dat
1 16 3 0 0 0 -1 0 3 0 0 0 0 3 4-4disc.dat

2 24 8 6 -2.2 4 6 -2.2
2 24 8 -6 -2.2 4 -6 -2.2
2 24 8 6 -2.2 8 6 -4
2 24 4 6 -2.2 4 6 -4
2 24 8 -6 -2.2 8 -6 -4
2 24 4 -6 -2.2 4 -6 -4
4 16 8 6 -4 8 6 -2.2 8 -6 -2.2 8 -6 -4
4 16 4 6 -4 4 6 -2.2 4 -6 -2.2 4 -6 -4
4 16 8 6 -2.2 8 6 -4 4 6 -4 4 6 -2.05
4 16 8 -6 -2.2 8 -6 -4 4 -6 -4 4 -6 -2.05
0
