0 ~Click Lock Hinge Half Dual Finger Wedged
0 Name: s\swh4.dat
0 Author: John Van Zwieten [jvan]
0 !LDRAW_ORG Subpart UPDATE 1999-05
0 !LICENSE Redistributable under CCAL version 2.0 : see CAreadme.txt

0 !HISTORY 1999-07-05 [PTadmin] Official Update 1999-05
0 !HISTORY 2007-12-30 [PTadmin] Header formatted for Contributor Agreement
0 !HISTORY 2008-07-01 [PTadmin] Official Update 2008-01

 1 16 0 0 5.85 0.25 0 0 0 1 0 0 0 0.15 2-4edge.DAT
 1 16 0 0 5.85 0.25 0 0 0 1 0 0 0 0.15 2-4disc.DAT
 1 16 1.121 0 5.641 0.883 0 -0.117 0 1 0 -0.176 0 -0.589 2-4edge.DAT
 1 16 1.121 0 5.641 0.883 0 -0.117 0 1 0 -0.176 0 -0.589 2-4ndis.DAT
 4 16 1.887 0 4.877 0.121 0 5.228 0.043 0 4.835 1.809 0 4.484
 2 24 0.25 0 5.85 0.238 0 5.817
 2 24 -0.25 0 5.85 -0.238 0 5.817
 4 16 0.25 0 5.85 0.238 0 5.817 -0.238 0 5.817 -0.25 0 5.85
 4 16 0.238 0 5.817 -0.238 0 5.817 -0.043 0 4.835 0.043 0 4.835
 1 16 2.241 0 5.405 0.231 0 0.057 0 1 0 -0.096 0 0.139 2-4edge.DAT
 1 16 2.241 0 5.405 0.231 0 0.057 0 1 0 -0.096 0 0.139 2-4disc.DAT
 1 16 3.196 0 4.783 0.748 0 -0.334 0 1 0 -0.501 0 -0.499 2-4edge.DAT
 1 16 3.196 0 4.783 0.748 0 -0.334 0 1 0 -0.501 0 -0.499 2-4ndis.DAT
 4 16 3.611 0 3.784 2.114 0 4.784 1.892 0 4.451 3.389 0 3.45
 2 24 2.472 0 5.31 2.448 0 5.284
 2 24 2.01 0 5.501 2.008 0 5.466
 4 16 2.472 0 5.31 2.448 0 5.284 2.008 0 5.466 2.01 0 5.501
 4 16 2.448 0 5.284 2.008 0 5.466 1.812 0 4.484 1.892 0 4.451
 1 16 4.136 0 4.136 0.177 0 0.106 0 1 0 -0.177 0 0.106 2-4edge.DAT
 1 16 4.136 0 4.136 0.177 0 0.106 0 1 0 -0.177 0 0.106 2-4disc.DAT
 1 16 4.781 0 3.196 0.5 0 -0.499 0 1 0 -0.749 0 -0.334 2-4edge.DAT
 1 16 4.781 0 3.196 0.5 0 -0.499 0 1 0 -0.749 0 -0.334 2-4ndis.DAT
 4 16 4.782 0 2.114 3.782 0 3.611 3.449 0 3.388 4.449 0 1.891
 2 24 4.313 0 3.959 4.281 0 3.944
 2 24 3.959 0 4.313 3.944 0 4.281
 4 16 4.313 0 3.959 4.281 0 3.944 3.944 0 4.281 3.959 0 4.313
 4 16 4.281 0 3.944 3.944 0 4.281 3.388 0 3.449 3.449 0 3.388
 1 16 5.405 0 2.241 0.096 0 0.139 0 1 0 -0.231 0 0.057 2-4edge.DAT
 1 16 5.405 0 2.241 0.096 0 0.139 0 1 0 -0.231 0 0.057 2-4disc.DAT
 1 16 5.642 0 1.125 0.176 0 -0.589 0 1 0 -0.883 0 -0.117 2-4edge.DAT
 1 16 5.642 0 1.125 0.176 0 -0.589 0 1 0 -0.883 0 -0.117 2-4ndis.DAT
 4 16 5.229 0 0.124 4.877 0 1.891 4.484 0 1.812 4.836 0 0.046
 2 24 5.501 0 2.01 5.466 0 2.008
 2 24 5.31 0 2.472 5.284 0 2.448
 4 16 5.501 0 2.01 5.466 0 2.008 5.284 0 2.448 5.31 0 2.472
 4 16 5.466 0 2.008 5.284 0 2.448 4.451 0 1.892 4.484 0 1.812
 1 16 -2.241 0 5.405 0.231 0 -0.057 0 1 0 0.096 0 0.139 2-4edge.DAT
 1 16 -2.241 0 5.405 0.231 0 -0.057 0 1 0 0.096 0 0.139 2-4disc.DAT
 1 16 -1.125 0 5.642 0.883 0 0.117 0 1 0 0.176 0 -0.589 2-4edge.DAT
 1 16 -1.125 0 5.642 0.883 0 0.117 0 1 0 0.176 0 -0.589 2-4ndis.DAT
 4 16 -0.124 0 5.229 -1.891 0 4.877 -1.812 0 4.484 -0.046 0 4.836
 2 24 -2.01 0 5.501 -2.008 0 5.466
 2 24 -2.472 0 5.31 -2.448 0 5.284
 4 16 -2.01 0 5.501 -2.008 0 5.466 -2.448 0 5.284 -2.472 0 5.31
 4 16 -2.008 0 5.466 -2.448 0 5.284 -1.892 0 4.451 -1.812 0 4.484
 1 16 -4.136 0 4.136 0.177 0 -0.106 0 1 0 0.177 0 0.106 2-4edge.DAT
 1 16 -4.136 0 4.136 0.177 0 -0.106 0 1 0 0.177 0 0.106 2-4disc.DAT
 1 16 -3.196 0 4.781 0.749 0 0.334 0 1 0 0.5 0 -0.499 2-4edge.DAT
 1 16 -3.196 0 4.781 0.749 0 0.334 0 1 0 0.5 0 -0.499 2-4ndis.DAT
 4 16 -2.114 0 4.782 -3.611 0 3.782 -3.388 0 3.449 -1.891 0 4.449
 2 24 -3.959 0 4.313 -3.944 0 4.281
 2 24 -4.313 0 3.959 -4.281 0 3.944
 4 16 -3.959 0 4.313 -3.944 0 4.281 -4.281 0 3.944 -4.313 0 3.959
 4 16 -3.944 0 4.281 -4.281 0 3.944 -3.449 0 3.388 -3.388 0 3.449
 1 16 -5.405 0 2.241 0.096 0 -0.139 0 1 0 0.231 0 0.057 2-4edge.DAT
 1 16 -5.405 0 2.241 0.096 0 -0.139 0 1 0 0.231 0 0.057 2-4disc.DAT
 1 16 -4.783 0 3.196 0.501 0 0.499 0 1 0 0.748 0 -0.334 2-4edge.DAT
 1 16 -4.783 0 3.196 0.501 0 0.499 0 1 0 0.748 0 -0.334 2-4ndis.DAT
 4 16 -3.784 0 3.611 -4.784 0 2.114 -4.451 0 1.892 -3.45 0 3.389
 2 24 -5.31 0 2.472 -5.284 0 2.448
 2 24 -5.501 0 2.01 -5.466 0 2.008
 4 16 -5.31 0 2.472 -5.284 0 2.448 -5.466 0 2.008 -5.501 0 2.01
 4 16 -5.284 0 2.448 -5.466 0 2.008 -4.484 0 1.812 -4.451 0 1.892
 1 16 -5.85 0 0 0 0 -0.15 0 1 0 0.25 0 0 2-4edge.DAT
 1 16 -5.85 0 0 0 0 -0.15 0 1 0 0.25 0 0 2-4disc.DAT
 1 16 -5.641 0 1.121 0.176 0 0.589 0 1 0 0.883 0 -0.117 2-4edge.DAT
 1 16 -5.641 0 1.121 0.176 0 0.589 0 1 0 0.883 0 -0.117 2-4ndis.DAT
 4 16 -4.877 0 1.887 -5.228 0 0.121 -4.835 0 0.043 -4.484 0 1.809
 2 24 -5.85 0 0.25 -5.817 0 0.238
 2 24 -5.85 0 -0.25 -5.817 0 -0.238
 4 16 -5.85 0 0.25 -5.817 0 0.238 -5.817 0 -0.238 -5.85 0 -0.25
 4 16 -5.817 0 0.238 -5.817 0 -0.238 -4.835 0 -0.043 -4.835 0 0.043
 1 16 5.85 0 0 0 0 0.15 0 1 0 -0.25 0 0 2-4edge.DAT
 1 16 5.85 0 0 0 0 0.15 0 1 0 -0.25 0 0 2-4disc.DAT
 1 16 5.641 0 -1.121 -0.176 0 -0.589 0 1 0 -0.883 0 0.117 2-4edge.DAT
 1 16 5.641 0 -1.121 -0.176 0 -0.589 0 1 0 -0.883 0 0.117 2-4ndis.DAT
 4 16 4.877 0 -1.887 5.228 0 -0.121 4.835 0 -0.043 4.484 0 -1.809
 2 24 5.85 0 -0.25 5.817 0 -0.238
 2 24 5.85 0 0.25 5.817 0 0.238
 4 16 5.85 0 -0.25 5.817 0 -0.238 5.817 0 0.238 5.85 0 0.25
 4 16 5.817 0 -0.238 5.817 0 0.238 4.835 0 0.043 4.835 0 -0.043
 1 16 -5.85 0 0 0 0 -0.15 0 1 0 -0.25 0 0 2-4edge.DAT
 1 16 -5.85 0 0 0 0 -0.15 0 1 0 -0.25 0 0 2-4disc.DAT
 1 16 -5.641 0 -1.121 0.176 0 0.589 0 1 0 -0.883 0 0.117 2-4edge.DAT
 1 16 -5.641 0 -1.121 0.176 0 0.589 0 1 0 -0.883 0 0.117 2-4ndis.DAT
 4 16 -4.877 0 -1.887 -5.228 0 -0.121 -4.835 0 -0.043 -4.484 0 -1.809
 2 24 -5.85 0 -0.25 -5.817 0 -0.238
 2 24 -5.85 0 0.25 -5.817 0 0.238
 4 16 -5.85 0 -0.25 -5.817 0 -0.238 -5.817 0 0.238 -5.85 0 0.25
 4 16 -5.817 0 -0.238 -5.817 0 0.238 -4.835 0 0.043 -4.835 0 -0.043
0
 2 24 -5.465 0 -2.004 -6 0 -2.2
 2 24 5.465 0 -2.004 6 0 -2.2
 4 16 -6 0 -2.2 -5.465 0 -2.004 -4.876 0 -1.887 -4.484 0 -1.809
 3 16 -6 0 -2.2 -4.484 0 -1.809 -4.484 0 -2.2
 4 16 6 0 -2.2 5.465 0 -2.004 4.876 0 -1.887 4.484 0 -1.809
 3 16 6 0 -2.2 4.484 0 -1.809 4.484 0 -2.2
0
 1 16 0 0.019 5.85 0.25 0 0 0 4 -0.019 0 0 0.15 2-4cyli.DAT
 1 16 1.121 0.045 5.641 0.883 0 -0.117 0.022 4 0.074 -0.176 0 -0.589 2-4cyli.DAT
 4 16 0.25 0.019 5.85 0.238 0.023 5.817 0.238 4.023 5.817 0.25 4.019 5.85
 4 16 -0.25 0.019 5.85 -0.238 0.023 5.817 -0.238 4.023 5.817 -0.25 4.019 5.85
 1 16 2.241 0.074 5.405 0.231 0 0.057 0.012 4 -0.017 -0.096 0 0.139 2-4cyli.DAT
 1 16 3.196 0.152 4.783 0.748 0 -0.334 0.063 4 0.062 -0.501 0 -0.499 2-4cyli.DAT
 4 16 2.472 0.086 5.31 2.448 0.09 5.284 2.448 4.09 5.284 2.472 4.086 5.31
 4 16 2.01 0.062 5.501 2.008 0.067 5.466 2.008 4.067 5.466 2.01 4.062 5.501
 1 16 4.136 0.233 4.136 0.177 0 0.106 0.022 4 -0.013 -0.177 0 0.106 2-4cyli.DAT
 1 16 4.781 0.351 3.196 0.5 0 -0.499 0.094 4 0.042 -0.749 0 -0.334 2-4cyli.DAT
 4 16 4.313 0.255 3.959 4.281 0.257 3.944 4.281 4.257 3.944 4.313 4.255 3.959
 4 16 3.959 0.211 4.313 3.944 0.215 4.281 3.944 4.215 4.281 3.959 4.211 4.313
 1 16 5.405 0.47 2.241 0.096 0 0.139 0.029 4 0 -0.231 0 0.057 2-4cyli.DAT
 1 16 5.642 0.609 1.125 0.176 0 -0.589 0.11 4 0.015 -0.883 0 -0.117 2-4cyli.DAT
 4 16 5.501 0.499 2.01 5.466 0.499 2.008 5.466 4.499 2.008 5.501 4.499 2.01
 4 16 5.31 0.441 2.472 5.284 0.444 2.448 5.284 4.444 2.448 5.31 4.441 2.472
 1 16 -2.241 0.074 5.405 0.231 0 -0.057 -0.012 4 -0.017 0.096 0 0.139 2-4cyli.DAT
 1 16 -1.125 0.045 5.642 0.883 0 0.117 -0.022 4 0.074 0.176 0 -0.589 2-4cyli.DAT
 4 16 -2.01 0.062 5.501 -2.008 0.067 5.466 -2.008 4.067 5.466 -2.01 4.062 5.501
 4 16 -2.472 0.086 5.31 -2.448 0.09 5.284 -2.448 4.09 5.284 -2.472 4.086 5.31
 1 16 -4.136 0.233 4.136 0.177 0 -0.106 -0.022 4 -0.013 0.177 0 0.106 2-4cyli.DAT
 1 16 -3.196 0.152 4.781 0.749 0 0.334 -0.063 4 0.062 0.5 0 -0.499 2-4cyli.DAT
 4 16 -3.959 0.211 4.313 -3.944 0.215 4.281 -3.944 4.215 4.281 -3.959 4.211 4.313
 4 16 -4.313 0.255 3.959 -4.281 0.257 3.944 -4.281 4.257 3.944 -4.313 4.255 3.959
 1 16 -5.405 0.47 2.241 0.096 0 -0.139 -0.029 4 0 0.231 0 0.057 2-4cyli.DAT
 1 16 -4.783 0.351 3.196 0.501 0 0.499 -0.094 4 0.042 0.748 0 -0.334 2-4cyli.DAT
 4 16 -5.31 0.441 2.472 -5.284 0.444 2.448 -5.284 4.444 2.448 -5.31 4.441 2.472
 4 16 -5.501 0.499 2.01 -5.466 0.499 2.008 -5.466 4.499 2.008 -5.501 4.499 2.01
 1 16 -5.85 0.75 0 0 0 -0.15 -0.031 4 0 0.25 0 0 2-4cyli.DAT
 1 16 -5.641 0.61 1.121 0.176 0 0.589 -0.11 4 0.015 0.883 0 -0.117 2-4cyli.DAT
 4 16 -5.85 0.719 0.25 -5.817 0.72 0.238 -5.817 4.72 0.238 -5.85 4.719 0.25
 4 16 -5.85 0.781 -0.25 -5.817 0.78 -0.238 -5.817 4.78 -0.238 -5.85 4.781 -0.25
 1 16 5.85 0.75 0 0 0 0.15 0.031 4 0 -0.25 0 0 2-4cyli.DAT
 1 16 5.641 0.89 -1.121 -0.176 0 -0.589 0.11 4 -0.015 -0.883 0 0.117 2-4cyli.DAT
 4 16 5.85 0.781 -0.25 5.817 0.78 -0.238 5.817 4.78 -0.238 5.85 4.781 -0.25
 4 16 5.85 0.719 0.25 5.817 0.72 0.238 5.817 4.72 0.238 5.85 4.719 0.25
 1 16 -5.85 0.75 0 0 0 -0.15 0.031 4 0 -0.25 0 0 2-4cyli.DAT
 1 16 -5.641 0.89 -1.121 0.176 0 0.589 0.11 4 -0.015 -0.883 0 0.117 2-4cyli.DAT
 4 16 -5.85 0.781 -0.25 -5.817 0.78 -0.238 -5.817 4.78 -0.238 -5.85 4.781 -0.25
 4 16 -5.85 0.719 0.25 -5.817 0.72 0.238 -5.817 4.72 0.238 -5.85 4.719 0.25
0
 4 16 -5.465 1.001 -2.004 -6 1.025 -2.2 -5.465 5.001 -2.004 -6 5.025 -2.2
 4 16 5.465 1.001 -2.004 6 1.025 -2.2 5.465 5.001 -2.004 6 5.025 -2.2
0
 1 16 0 0 5.85 0.25 0 0 0 1 0 0 0 0.15 2-4cyli.DAT
 1 16 1.121 0 5.641 0.883 0 -0.117 0 1 0 -0.176 0 -0.589 2-4cyli.DAT
 4 16 0.25 0 5.85 0.238 0 5.817 0.238 1 5.817 0.25 1 5.85
 4 16 -0.25 0 5.85 -0.238 0 5.817 -0.238 1 5.817 -0.25 1 5.85
 1 16 2.241 0 5.405 0.231 0 0.057 0 1 0 -0.096 0 0.139 2-4cyli.DAT
 1 16 3.196 0 4.783 0.748 0 -0.334 0 1 0 -0.501 0 -0.499 2-4cyli.DAT
 4 16 2.472 0 5.31 2.448 0 5.284 2.448 1 5.284 2.472 1 5.31
 4 16 2.01 0 5.501 2.008 0 5.466 2.008 1 5.466 2.01 1 5.501
 1 16 4.136 0 4.136 0.177 0 0.106 0 1 0 -0.177 0 0.106 2-4cyli.DAT
 1 16 4.781 0 3.196 0.5 0 -0.499 0 1 0 -0.749 0 -0.334 2-4cyli.DAT
 4 16 4.313 0 3.959 4.281 0 3.944 4.281 1 3.944 4.313 1 3.959
 4 16 3.959 0 4.313 3.944 0 4.281 3.944 1 4.281 3.959 1 4.313
 1 16 5.405 0 2.241 0.096 0 0.139 0 1 0 -0.231 0 0.057 2-4cyli.DAT
 1 16 5.642 0 1.125 0.176 0 -0.589 0 1 0 -0.883 0 -0.117 2-4cyli.DAT
 4 16 5.501 0 2.01 5.466 0 2.008 5.466 1 2.008 5.501 1 2.01
 4 16 5.31 0 2.472 5.284 0 2.448 5.284 1 2.448 5.31 1 2.472
 1 16 -2.241 0 5.405 0.231 0 -0.057 0 1 0 0.096 0 0.139 2-4cyli.DAT
 1 16 -1.125 0 5.642 0.883 0 0.117 0 1 0 0.176 0 -0.589 2-4cyli.DAT
 4 16 -2.01 0 5.501 -2.008 0 5.466 -2.008 1 5.466 -2.01 1 5.501
 4 16 -2.472 0 5.31 -2.448 0 5.284 -2.448 1 5.284 -2.472 1 5.31
 1 16 -4.136 0 4.136 0.177 0 -0.106 0 1 0 0.177 0 0.106 2-4cyli.DAT
 1 16 -3.196 0 4.781 0.749 0 0.334 0 1 0 0.5 0 -0.499 2-4cyli.DAT
 4 16 -3.959 0 4.313 -3.944 0 4.281 -3.944 1 4.281 -3.959 1 4.313
 4 16 -4.313 0 3.959 -4.281 0 3.944 -4.281 1 3.944 -4.313 1 3.959
 1 16 -5.405 0 2.241 0.096 0 -0.139 0 1 0 0.231 0 0.057 2-4cyli.DAT
 1 16 -4.783 0 3.196 0.501 0 0.499 0 1 0 0.748 0 -0.334 2-4cyli.DAT
 4 16 -5.31 0 2.472 -5.284 0 2.448 -5.284 1 2.448 -5.31 1 2.472
 4 16 -5.501 0 2.01 -5.466 0 2.008 -5.466 1 2.008 -5.501 1 2.01
 1 16 -5.85 0 0 0 0 -0.15 0 1 0 0.25 0 0 2-4cyli.DAT
 1 16 -5.641 0 1.121 0.176 0 0.589 0 1 0 0.883 0 -0.117 2-4cyli.DAT
 4 16 -5.85 0 0.25 -5.817 0 0.238 -5.817 1 0.238 -5.85 1 0.25
 4 16 -5.85 0 -0.25 -5.817 0 -0.238 -5.817 1 -0.238 -5.85 1 -0.25
 1 16 5.85 0 0 0 0 0.15 0 1 0 -0.25 0 0 2-4cyli.DAT
 1 16 5.641 0 -1.121 -0.176 0 -0.589 0 1 0 -0.883 0 0.117 2-4cyli.DAT
 4 16 5.85 0 -0.25 5.817 0 -0.238 5.817 1 -0.238 5.85 1 -0.25
 4 16 5.85 0 0.25 5.817 0 0.238 5.817 1 0.238 5.85 1 0.25
 1 16 -5.85 0 0 0 0 -0.15 0 1 0 -0.25 0 0 2-4cyli.DAT
 1 16 -5.641 0 -1.121 0.176 0 0.589 0 1 0 -0.883 0 0.117 2-4cyli.DAT
 4 16 -5.85 0 -0.25 -5.817 0 -0.238 -5.817 1 -0.238 -5.85 1 -0.25
 4 16 -5.85 0 0.25 -5.817 0 0.238 -5.817 1 0.238 -5.85 1 0.25
0
 4 16 -5.465 0 -2.004 -6 0 -2.2 -5.465 1 -2.004 -6 1 -2.2
 4 16 5.465 0 -2.004 6 0 -2.2 5.465 1 -2.004 6 1 -2.2
0
 1 16 0 4.019 5.85 0.25 0 0 0 4 -0.019 0 0 0.15 2-4edge.DAT
 1 16 0 4.019 5.85 0.25 0 0 0 4 -0.019 0 0 0.15 2-4disc.DAT
 1 16 1.121 4.045 5.641 0.883 0 -0.117 0.022 4 0.074 -0.176 0 -0.589 2-4edge.DAT
 1 16 1.121 4.045 5.641 0.883 0 -0.117 0.022 4 0.074 -0.176 0 -0.589 2-4ndis.DAT
 4 16 1.887 4.14 4.877 0.121 4.097 5.228 0.043 4.146 4.835 1.809 4.19 4.484
 2 24 0.25 4.019 5.85 0.238 4.023 5.817
 2 24 -0.25 4.019 5.85 -0.238 4.023 5.817
 4 16 0.25 4.019 5.85 0.238 4.023 5.817 -0.238 4.023 5.817 -0.25 4.019 5.85
 4 16 0.238 4.023 5.817 -0.238 4.023 5.817 -0.043 4.146 4.835 0.043 4.146 4.835
 1 16 2.241 4.074 5.405 0.231 0 0.057 0.012 4 -0.017 -0.096 0 0.139 2-4edge.DAT
 1 16 2.241 4.074 5.405 0.231 0 0.057 0.012 4 -0.017 -0.096 0 0.139 2-4disc.DAT
 1 16 3.196 4.152 4.783 0.748 0 -0.334 0.063 4 0.062 -0.501 0 -0.499 2-4edge.DAT
 1 16 3.196 4.152 4.783 0.748 0 -0.334 0.063 4 0.062 -0.501 0 -0.499 2-4ndis.DAT
 4 16 3.611 4.277 3.784 2.114 4.152 4.784 1.892 4.194 4.451 3.389 4.319 3.45
 2 24 2.472 4.086 5.31 2.448 4.09 5.284
 2 24 2.01 4.062 5.501 2.008 4.067 5.466
 4 16 2.472 4.086 5.31 2.448 4.09 5.284 2.008 4.067 5.466 2.01 4.062 5.501
 4 16 2.448 4.09 5.284 2.008 4.067 5.466 1.812 4.19 4.484 1.892 4.194 4.451
 1 16 4.136 4.233 4.136 0.177 0 0.106 0.022 4 -0.013 -0.177 0 0.106 2-4edge.DAT
 1 16 4.136 4.233 4.136 0.177 0 0.106 0.022 4 -0.013 -0.177 0 0.106 2-4disc.DAT
 1 16 4.781 4.351 3.196 0.5 0 -0.499 0.094 4 0.042 -0.749 0 -0.334 2-4edge.DAT
 1 16 4.781 4.351 3.196 0.5 0 -0.499 0.094 4 0.042 -0.749 0 -0.334 2-4ndis.DAT
 4 16 4.782 4.486 2.114 3.782 4.299 3.611 3.449 4.327 3.388 4.449 4.514 1.891
 2 24 4.313 4.255 3.959 4.281 4.257 3.944
 2 24 3.959 4.211 4.313 3.944 4.215 4.281
 4 16 4.313 4.255 3.959 4.281 4.257 3.944 3.944 4.215 4.281 3.959 4.211 4.313
 4 16 4.281 4.257 3.944 3.944 4.215 4.281 3.388 4.319 3.449 3.449 4.327 3.388
 1 16 5.405 4.47 2.241 0.096 0 0.139 0.029 4 0 -0.231 0 0.057 2-4edge.DAT
 1 16 5.405 4.47 2.241 0.096 0 0.139 0.029 4 0 -0.231 0 0.057 2-4disc.DAT
 1 16 5.642 4.609 1.125 0.176 0 -0.589 0.11 4 0.015 -0.883 0 -0.117 2-4edge.DAT
 1 16 5.642 4.609 1.125 0.176 0 -0.589 0.11 4 0.015 -0.883 0 -0.117 2-4ndis.DAT
 4 16 5.229 4.735 0.124 4.877 4.514 1.891 4.484 4.524 1.812 4.836 4.744 0.046
 2 24 5.501 4.499 2.01 5.466 4.499 2.008
 2 24 5.31 4.441 2.472 5.284 4.444 2.448
 4 16 5.501 4.499 2.01 5.466 4.499 2.008 5.284 4.444 2.448 5.31 4.441 2.472
 4 16 5.466 4.499 2.008 5.284 4.444 2.448 4.451 4.514 1.892 4.484 4.524 1.812
 1 16 -2.241 4.074 5.405 0.231 0 -0.057 -0.012 4 -0.017 0.096 0 0.139 2-4edge.DAT
 1 16 -2.241 4.074 5.405 0.231 0 -0.057 -0.012 4 -0.017 0.096 0 0.139 2-4disc.DAT
 1 16 -1.125 4.045 5.642 0.883 0 0.117 -0.022 4 0.074 0.176 0 -0.589 2-4edge.DAT
 1 16 -1.125 4.045 5.642 0.883 0 0.117 -0.022 4 0.074 0.176 0 -0.589 2-4ndis.DAT
 4 16 -0.124 4.096 5.229 -1.891 4.14 4.877 -1.812 4.19 4.484 -0.046 4.146 4.836
 2 24 -2.01 4.062 5.501 -2.008 4.067 5.466
 2 24 -2.472 4.086 5.31 -2.448 4.09 5.284
 4 16 -2.01 4.062 5.501 -2.008 4.067 5.466 -2.448 4.09 5.284 -2.472 4.086 5.31
 4 16 -2.008 4.067 5.466 -2.448 4.09 5.284 -1.892 4.194 4.451 -1.812 4.19 4.484
 1 16 -4.136 4.233 4.136 0.177 0 -0.106 -0.022 4 -0.013 0.177 0 0.106 2-4edge.DAT
 1 16 -4.136 4.233 4.136 0.177 0 -0.106 -0.022 4 -0.013 0.177 0 0.106 2-4disc.DAT
 1 16 -3.196 4.152 4.781 0.749 0 0.334 -0.063 4 0.062 0.5 0 -0.499 2-4edge.DAT
 1 16 -3.196 4.152 4.781 0.749 0 0.334 -0.063 4 0.062 0.5 0 -0.499 2-4ndis.DAT
 4 16 -2.114 4.152 4.782 -3.611 4.277 3.782 -3.388 4.319 3.449 -1.891 4.194 4.449
 2 24 -3.959 4.211 4.313 -3.944 4.215 4.281
 2 24 -4.313 4.255 3.959 -4.281 4.257 3.944
 4 16 -3.959 4.211 4.313 -3.944 4.215 4.281 -4.281 4.257 3.944 -4.313 4.255 3.959
 4 16 -3.944 4.215 4.281 -4.281 4.257 3.944 -3.449 4.327 3.388 -3.388 4.319 3.449
 1 16 -5.405 4.47 2.241 0.096 0 -0.139 -0.029 4 0 0.231 0 0.057 2-4edge.DAT
 1 16 -5.405 4.47 2.241 0.096 0 -0.139 -0.029 4 0 0.231 0 0.057 2-4disc.DAT
 1 16 -4.783 4.351 3.196 0.501 0 0.499 -0.094 4 0.042 0.748 0 -0.334 2-4edge.DAT
 1 16 -4.783 4.351 3.196 0.501 0 0.499 -0.094 4 0.042 0.748 0 -0.334 2-4ndis.DAT
 4 16 -3.784 4.299 3.611 -4.784 4.486 2.114 -4.451 4.514 1.892 -3.45 4.326 3.389
 2 24 -5.31 4.441 2.472 -5.284 4.444 2.448
 2 24 -5.501 4.499 2.01 -5.466 4.499 2.008
 4 16 -5.31 4.441 2.472 -5.284 4.444 2.448 -5.466 4.499 2.008 -5.501 4.499 2.01
 4 16 -5.284 4.444 2.448 -5.466 4.499 2.008 -4.484 4.524 1.812 -4.451 4.514 1.892
 1 16 -5.85 4.75 0 0 0 -0.15 -0.031 4 0 0.25 0 0 2-4edge.DAT
 1 16 -5.85 4.75 0 0 0 -0.15 -0.031 4 0 0.25 0 0 2-4disc.DAT
 1 16 -5.641 4.61 1.121 0.176 0 0.589 -0.11 4 0.015 0.883 0 -0.117 2-4edge.DAT
 1 16 -5.641 4.61 1.121 0.176 0 0.589 -0.11 4 0.015 0.883 0 -0.117 2-4ndis.DAT
 4 16 -4.877 4.514 1.887 -5.228 4.735 0.121 -4.835 4.745 0.043 -4.484 4.524 1.809
 2 24 -5.85 4.719 0.25 -5.817 4.72 0.238
 2 24 -5.85 4.781 -0.25 -5.817 4.78 -0.238
 4 16 -5.85 4.719 0.25 -5.817 4.72 0.238 -5.817 4.78 -0.238 -5.85 4.781 -0.25
 4 16 -5.817 4.72 0.238 -5.817 4.78 -0.238 -4.835 4.755 -0.043 -4.835 4.745 0.043
 1 16 5.85 4.75 0 0 0 0.15 0.031 4 0 -0.25 0 0 2-4edge.DAT
 1 16 5.85 4.75 0 0 0 0.15 0.031 4 0 -0.25 0 0 2-4disc.DAT
 1 16 5.641 4.89 -1.121 -0.176 0 -0.589 0.11 4 -0.015 -0.883 0 0.117 2-4edge.DAT
 1 16 5.641 4.89 -1.121 -0.176 0 -0.589 0.11 4 -0.015 -0.883 0 0.117 2-4ndis.DAT
 4 16 4.877 4.986 -1.887 5.228 4.765 -0.121 4.835 4.755 -0.043 4.484 4.976 -1.809
 2 24 5.85 4.781 -0.25 5.817 4.78 -0.238
 2 24 5.85 4.719 0.25 5.817 4.72 0.238
 4 16 5.85 4.781 -0.25 5.817 4.78 -0.238 5.817 4.72 0.238 5.85 4.719 0.25
 4 16 5.817 4.78 -0.238 5.817 4.72 0.238 4.835 4.745 0.043 4.835 4.755 -0.043
 1 16 -5.85 4.75 0 0 0 -0.15 0.031 4 0 -0.25 0 0 2-4edge.DAT
 1 16 -5.85 4.75 0 0 0 -0.15 0.031 4 0 -0.25 0 0 2-4disc.DAT
 1 16 -5.641 4.89 -1.121 0.176 0 0.589 0.11 4 -0.015 -0.883 0 0.117 2-4edge.DAT
 1 16 -5.641 4.89 -1.121 0.176 0 0.589 0.11 4 -0.015 -0.883 0 0.117 2-4ndis.DAT
 4 16 -4.877 4.986 -1.887 -5.228 4.765 -0.121 -4.835 4.755 -0.043 -4.484 4.976 -1.809
 2 24 -5.85 4.781 -0.25 -5.817 4.78 -0.238
 2 24 -5.85 4.719 0.25 -5.817 4.72 0.238
 4 16 -5.85 4.781 -0.25 -5.817 4.78 -0.238 -5.817 4.72 0.238 -5.85 4.719 0.25
 4 16 -5.817 4.78 -0.238 -5.817 4.72 0.238 -4.835 4.745 0.043 -4.835 4.755 -0.043
0
 2 24 -5.465 5.001 -2.004 -6 5.025 -2.2
 2 24 5.465 5.001 -2.004 6 5.025 -2.2
 4 16 -6 5.025 -2.2 -5.465 5.001 -2.004 -4.876 4.986 -1.887 -4.484 4.976 -1.809
 3 16 -6 5.025 -2.2 -4.484 4.976 -1.809 -4.484 5.025 -2.2
 4 16 6 5.025 -2.2 5.465 5.001 -2.004 4.876 4.986 -1.887 4.484 4.976 -1.809
 3 16 6 5.025 -2.2 4.484 4.976 -1.809 4.484 5.025 -2.2
0
 1 16 0 0 0 5 0 0 0 1 0 0 0 5 4-4disc.DAT
 1 16 0 0 0 4 0 0 0 1 0 0 0 4 4-4edge.DAT
 1 16 0 4.75 0 5 0 0 0 1 -.6875 0 0 5 4-4disc.DAT
 1 16 0 -1 0 -3 0 0 0 -1 0 0 0 3 4-4edge.dat
 1 16 0 0 0 -4 0 0 0 -1 0 0 0 4 4-4edge.dat
 1 16 0 0 0 -1 0 0 0 -1 0 0 0 1 1-4con3.dat
 1 16 0 0 0 1 0 0 0 -1 0 0 0 1 1-4con3.dat
 1 16 0 0 0 -1 0 0 0 -1 0 0 0 -1 1-4con3.dat
 1 16 0 0 0 1 0 0 0 -1 0 0 0 -1 1-4con3.dat
 1 16 0 -1 0 -3 0 0 0 -1 0 0 0 3 4-4disc.dat
0
 2 24 -6 5.025 -2.2 -6 6 -10
 2 24 6 5.025 -2.2 6 5.5 -6
 4 16 -6 5.025 -2.2 -6 5.5 -6 6 5.5 -6 6 5.025 -2.2
 2 24 -6 0 -2.2 -6 0 -10
 2 24 6 0 -2.2 6 0 -6
 4 16 -6 0 -2.2 -6 0 -6 6 0 -6 6 0 -2.2
 4 16 -6 0 -2.2 -6 0 -10 -6 6 -10 -6 5.025 -2.2
 4 16 6 0 -2.2 6 0 -6 6 5.5 -6 6 5.025 -2.2
 2 24 2 0 -10 6 0 -6
 2 24 2 6 -10 6 5.5 -6
 2 24 6 0 -6 6 5.5 -6
 4 16  2 0 -10 6 0 -6 6 5.5 -6 2 6 -10
 4 16 2 0 -10 6 0 -6 -6 0 -6 -6 0 -10
 4 16 2 6 -10 6 5.5 -6 -6 5.5 -6 -6 6 -10
0